X,Y1,Y2,Z
0.5,0.25,0.785398163,4.43231
0.5,0.262626263,0.80523145,4.63586
0.5,0.275252525,0.825064737,4.83099
0.5,0.287878788,0.844898024,5.01786
0.5,0.300505051,0.864731311,5.19662
0.5,0.313131313,0.884564598,5.36742
0.5,0.325757576,0.904397885,5.53042
0.5,0.338383838,0.924231172,5.68578
0.5,0.351010101,0.944064459,5.83366
0.5,0.363636364,0.963897746,5.97421
0.5,0.376262626,0.983731033,6.1075800000000005
0.5,0.388888889,1.00356432,6.2339400000000005
0.5,0.401515152,1.023397607,6.35343
0.5,0.414141414,1.043230894,6.46622
0.5,0.426767677,1.063064181,6.57246
0.5,0.439393939,1.082897468,6.6723
0.5,0.452020202,1.102730755,6.76591
0.5,0.464646465,1.122564042,6.85344
0.5,0.477272727,1.142397329,6.93505
0.5,0.48989899,1.162230616,7.01088
0.5,0.502525253,1.182063902,7.0811
0.5,0.515151515,1.201897189,7.14587
0.5,0.527777778,1.221730476,7.2053400000000005
0.5,0.54040404,1.241563763,7.25966
0.5,0.553030303,1.26139705,7.3089900000000005
0.5,0.565656566,1.281230337,7.35349
0.5,0.578282828,1.301063624,7.39332
0.5,0.590909091,1.320896911,7.4286200000000004
0.5,0.603535354,1.340730198,7.459560000000001
0.5,0.616161616,1.360563485,7.4863
0.5,0.628787879,1.380396772,7.50898
0.5,0.641414141,1.400230059,7.52777
0.5,0.654040404,1.420063346,7.54281
0.5,0.666666667,1.439896633,7.55428
0.5,0.679292929,1.45972992,7.562320000000001
0.5,0.691919192,1.479563207,7.56708
0.5,0.704545455,1.499396494,7.56873
0.5,0.717171717,1.519229781,7.56742
0.5,0.72979798,1.539063068,7.56331
0.5,0.742424242,1.558896355,7.55656
0.5,0.755050505,1.578729642,7.54731
0.5,0.767676768,1.598562929,7.53573
0.5,0.78030303,1.618396215,7.52196
0.5,0.792929293,1.638229502,7.5061800000000005
0.5,0.805555556,1.658062789,7.48853
0.5,0.818181818,1.677896076,7.46917
0.5,0.830808081,1.697729363,7.44826
0.5,0.843434343,1.71756265,7.42595
0.5,0.856060606,1.737395937,7.4023900000000005
0.5,0.868686869,1.757229224,7.37775
0.5,0.881313131,1.777062511,7.35219
0.5,0.893939394,1.796895798,7.32584
0.5,0.906565657,1.816729085,7.2988800000000005
0.5,0.919191919,1.836562372,7.27146
0.5,0.931818182,1.856395659,7.24374
0.5,0.944444444,1.876228946,7.21586
0.5,0.957070707,1.896062233,7.18799
0.5,0.96969697,1.91589552,7.16029
0.5,0.982323232,1.935728807,7.1329
0.5,0.994949495,1.955562094,7.10599
0.5,1.007575758,1.975395381,7.07971
0.5,1.02020202,1.995228668,7.05422
0.5,1.032828283,2.015061955,7.02967
0.5,1.045454545,2.034895242,7.00623
0.5,1.058080808,2.054728528,6.984030000000001
0.5,1.070707071,2.074561815,6.96325
0.5,1.083333333,2.094395102,6.94404
0.5,1.095959596,2.114228389,6.926550000000001
0.5,1.108585859,2.134061676,6.91094
0.5,1.121212121,2.153894963,6.8973700000000004
0.5,1.133838384,2.17372825,6.8859900000000005
0.5,1.146464646,2.193561537,6.87696
0.5,1.159090909,2.213394824,6.87044
0.5,1.171717172,2.233228111,6.86657
0.5,1.184343434,2.253061398,6.86552
0.5,1.196969697,2.272894685,6.86745
0.5,1.20959596,2.292727972,6.8725000000000005
0.5,1.222222222,2.312561259,6.88084
0.5,1.234848485,2.332394546,6.89262
0.5,1.247474747,2.352227833,6.90799
0.5,1.26010101,2.37206112,6.92712
0.5,1.272727273,2.391894407,6.95016
0.5,1.285353535,2.411727694,6.97727
0.5,1.297979798,2.431560981,7.00859
0.5,1.310606061,2.451394268,7.0443
0.5,1.323232323,2.471227555,7.0845400000000005
0.5,1.335858586,2.491060841,7.12946
0.5,1.348484848,2.510894128,7.17924
0.5,1.361111111,2.530727415,7.23402
0.5,1.373737374,2.550560702,7.293950000000001
0.5,1.386363636,2.570393989,7.3592
0.5,1.398989899,2.590227276,7.42992
0.5,1.411616162,2.610060563,7.506270000000001
0.5,1.424242424,2.62989385,7.5884
0.5,1.436868687,2.649727137,7.6764600000000005
0.5,1.449494949,2.669560424,7.770630000000001
0.5,1.462121212,2.689393711,7.87104
0.5,1.474747475,2.709226998,7.977860000000001
0.5,1.487373737,2.729060285,8.09125
0.5,1.5,2.748893572,8.21135
0.515151515,0.262626263,0.841892981,4.55678
0.515151515,0.275252525,0.862327276,4.75344
0.515151515,0.287878788,0.882761572,4.94187
0.515151515,0.300505051,0.903195868,5.12222
0.515151515,0.313131313,0.923630163,5.29464
0.515151515,0.325757576,0.944064459,5.45929
0.515151515,0.338383838,0.964498755,5.61632
0.515151515,0.351010101,0.98493305,5.76588
0.515151515,0.363636364,1.005367346,5.90814
0.515151515,0.376262626,1.025801642,6.0432500000000005
0.515151515,0.388888889,1.046235937,6.17136
0.515151515,0.401515152,1.066670233,6.29263
0.515151515,0.414141414,1.087104529,6.40721
0.515151515,0.426767677,1.107538824,6.5152600000000005
0.515151515,0.439393939,1.12797312,6.61693
0.515151515,0.452020202,1.148407416,6.7123800000000005
0.515151515,0.464646465,1.168841711,6.80177
0.515151515,0.477272727,1.189276007,6.8852400000000005
0.515151515,0.48989899,1.209710302,6.96296
0.515151515,0.502525253,1.230144598,7.03507
0.515151515,0.515151515,1.250578894,7.10174
0.515151515,0.527777778,1.271013189,7.16312
0.515151515,0.54040404,1.291447485,7.21936
0.515151515,0.553030303,1.311881781,7.27062
0.515151515,0.565656566,1.332316076,7.317060000000001
0.515151515,0.578282828,1.352750372,7.358820000000001
0.515151515,0.590909091,1.373184668,7.39607
0.515151515,0.603535354,1.393618963,7.42896
0.515151515,0.616161616,1.414053259,7.4576400000000005
0.515151515,0.628787879,1.434487555,7.482270000000001
0.515151515,0.641414141,1.45492185,7.503010000000001
0.515151515,0.654040404,1.475356146,7.52001
0.515151515,0.666666667,1.495790442,7.5334200000000004
0.515151515,0.679292929,1.516224737,7.5434
0.515151515,0.691919192,1.536659033,7.55011
0.515151515,0.704545455,1.557093329,7.5537
0.515151515,0.717171717,1.577527624,7.554320000000001
0.515151515,0.72979798,1.59796192,7.5521400000000005
0.515151515,0.742424242,1.618396215,7.5473
0.515151515,0.755050505,1.638830511,7.539960000000001
0.515151515,0.767676768,1.659264807,7.53027
0.515151515,0.78030303,1.679699102,7.518400000000001
0.515151515,0.792929293,1.700133398,7.5044900000000005
0.515151515,0.805555556,1.720567694,7.488700000000001
0.515151515,0.818181818,1.741001989,7.47119
0.515151515,0.830808081,1.761436285,7.45211
0.515151515,0.843434343,1.781870581,7.431620000000001
0.515151515,0.856060606,1.802304876,7.409870000000001
0.515151515,0.868686869,1.822739172,7.38701
0.515151515,0.881313131,1.843173468,7.3632100000000005
0.515151515,0.893939394,1.863607763,7.33861
0.515151515,0.906565657,1.884042059,7.31338
0.515151515,0.919191919,1.904476355,7.28766
0.515151515,0.931818182,1.92491065,7.26161
0.515151515,0.944444444,1.945344946,7.235390000000001
0.515151515,0.957070707,1.965779242,7.20916
0.515151515,0.96969697,1.986213537,7.18306
0.515151515,0.982323232,2.006647833,7.15725
0.515151515,0.994949495,2.027082128,7.13189
0.515151515,1.007575758,2.047516424,7.107130000000001
0.515151515,1.02020202,2.06795072,7.083130000000001
0.515151515,1.032828283,2.088385015,7.06005
0.515151515,1.045454545,2.108819311,7.03803
0.515151515,1.058080808,2.129253607,7.0172300000000005
0.515151515,1.070707071,2.149687902,6.99781
0.515151515,1.083333333,2.170122198,6.97993
0.515151515,1.095959596,2.190556494,6.96373
0.515151515,1.108585859,2.210990789,6.949380000000001
0.515151515,1.121212121,2.231425085,6.93702
0.515151515,1.133838384,2.251859381,6.92682
0.515151515,1.146464646,2.272293676,6.9189300000000005
0.515151515,1.159090909,2.292727972,6.9135
0.515151515,1.171717172,2.313162268,6.91069
0.515151515,1.184343434,2.333596563,6.91065
0.515151515,1.196969697,2.354030859,6.91355
0.515151515,1.20959596,2.374465155,6.91952
0.515151515,1.222222222,2.39489945,6.92874
0.515151515,1.234848485,2.415333746,6.94135
0.515151515,1.247474747,2.435768041,6.95751
0.515151515,1.26010101,2.456202337,6.9773700000000005
0.515151515,1.272727273,2.476636633,7.0011
0.515151515,1.285353535,2.497070928,7.028840000000001
0.515151515,1.297979798,2.517505224,7.06074
0.515151515,1.310606061,2.53793952,7.09698
0.515151515,1.323232323,2.558373815,7.13769
0.515151515,1.335858586,2.578808111,7.18304
0.515151515,1.348484848,2.599242407,7.23318
0.515151515,1.361111111,2.619676702,7.28826
0.515151515,1.373737374,2.640110998,7.34844
0.515151515,1.386363636,2.660545294,7.41388
0.515151515,1.398989899,2.680979589,7.48473
0.515151515,1.411616162,2.701413885,7.5611500000000005
0.515151515,1.424242424,2.721848181,7.64328
0.515151515,1.436868687,2.742282476,7.73129
0.515151515,1.449494949,2.762716772,7.825340000000001
0.515151515,1.462121212,2.783151068,7.9255700000000004
0.515151515,1.474747475,2.803585363,8.03214
0.515151515,1.487373737,2.824019659,8.1452
0.515151515,1.5,2.844453954,8.26492
0.53030303,0.275252525,0.900311026,4.67932
0.53030303,0.287878788,0.92134633,4.86941
0.53030303,0.300505051,0.942381635,5.05144
0.53030303,0.313131313,0.963416939,5.22556
0.53030303,0.325757576,0.984452243,5.39193
0.53030303,0.338383838,1.005487548,5.5507
0.53030303,0.351010101,1.026522852,5.70202
0.53030303,0.363636364,1.047558156,5.8460600000000005
0.53030303,0.376262626,1.068593461,5.98297
0.53030303,0.388888889,1.089628765,6.11289
0.53030303,0.401515152,1.110664069,6.23599
0.53030303,0.414141414,1.131699374,6.35241
0.53030303,0.426767677,1.152734678,6.46231
0.53030303,0.439393939,1.173769982,6.56585
0.53030303,0.452020202,1.194805287,6.6631800000000005
0.53030303,0.464646465,1.215840591,6.75446
0.53030303,0.477272727,1.236875896,6.83983
0.53030303,0.48989899,1.2579112,6.91945
0.53030303,0.502525253,1.278946504,6.99348
0.53030303,0.515151515,1.299981809,7.06207
0.53030303,0.527777778,1.321017113,7.12538
0.53030303,0.54040404,1.342052417,7.18355
0.53030303,0.553030303,1.363087722,7.23675
0.53030303,0.565656566,1.384123026,7.28512
0.53030303,0.578282828,1.40515833,7.32883
0.53030303,0.590909091,1.426193635,7.3680200000000005
0.53030303,0.603535354,1.447228939,7.40285
0.53030303,0.616161616,1.468264243,7.43347
0.53030303,0.628787879,1.489299548,7.46004
0.53030303,0.641414141,1.510334852,7.4827200000000005
0.53030303,0.654040404,1.531370156,7.501650000000001
0.53030303,0.666666667,1.552405461,7.51699
0.53030303,0.679292929,1.573440765,7.5288900000000005
0.53030303,0.691919192,1.594476069,7.53751
0.53030303,0.704545455,1.615511374,7.543010000000001
0.53030303,0.717171717,1.636546678,7.54553
0.53030303,0.72979798,1.657581982,7.54523
0.53030303,0.742424242,1.678617287,7.54227
0.53030303,0.755050505,1.699652591,7.5368
0.53030303,0.767676768,1.720687895,7.52897
0.53030303,0.78030303,1.7417232,7.518940000000001
0.53030303,0.792929293,1.762758504,7.5068600000000005
0.53030303,0.805555556,1.783793809,7.49288
0.53030303,0.818181818,1.804829113,7.47717
0.53030303,0.830808081,1.825864417,7.4598700000000004
0.53030303,0.843434343,1.846899722,7.44114
0.53030303,0.856060606,1.867935026,7.42113
0.53030303,0.868686869,1.88897033,7.39999
0.53030303,0.881313131,1.910005635,7.37789
0.53030303,0.893939394,1.931040939,7.35498
0.53030303,0.906565657,1.952076243,7.3314
0.53030303,0.919191919,1.973111548,7.30731
0.53030303,0.931818182,1.994146852,7.28287
0.53030303,0.944444444,2.015182156,7.25824
0.53030303,0.957070707,2.036217461,7.233560000000001
0.53030303,0.96969697,2.057252765,7.20899
0.53030303,0.982323232,2.078288069,7.18468
0.53030303,0.994949495,2.099323374,7.16079
0.53030303,1.007575758,2.120358678,7.13748
0.53030303,1.02020202,2.141393982,7.11489
0.53030303,1.032828283,2.162429287,7.09318
0.53030303,1.045454545,2.183464591,7.0725
0.53030303,1.058080808,2.204499895,7.0530100000000004
0.53030303,1.070707071,2.2255352,7.034870000000001
0.53030303,1.083333333,2.246570504,7.01822
0.53030303,1.095959596,2.267605808,7.00323
0.53030303,1.108585859,2.288641113,6.9900400000000005
0.53030303,1.121212121,2.309676417,6.97881
0.53030303,1.133838384,2.330711721,6.96969
0.53030303,1.146464646,2.351747026,6.96284
0.53030303,1.159090909,2.37278233,6.95842
0.53030303,1.171717172,2.393817635,6.95657
0.53030303,1.184343434,2.414852939,6.957450000000001
0.53030303,1.196969697,2.435888243,6.96121
0.53030303,1.20959596,2.456923548,6.9680100000000005
0.53030303,1.222222222,2.477958852,6.97801
0.53030303,1.234848485,2.498994156,6.991350000000001
0.53030303,1.247474747,2.520029461,7.0082
0.53030303,1.26010101,2.541064765,7.02869
0.53030303,1.272727273,2.562100069,7.053
0.53030303,1.285353535,2.583135374,7.08127
0.53030303,1.297979798,2.604170678,7.11366
0.53030303,1.310606061,2.625205982,7.15032
0.53030303,1.323232323,2.646241287,7.19141
0.53030303,1.335858586,2.667276591,7.237080000000001
0.53030303,1.348484848,2.688311895,7.28748
0.53030303,1.361111111,2.7093472,7.34276
0.53030303,1.373737374,2.730382504,7.4031
0.53030303,1.386363636,2.751417808,7.4686200000000005
0.53030303,1.398989899,2.772453113,7.5395
0.53030303,1.411616162,2.793488417,7.61589
0.53030303,1.424242424,2.814523721,7.69793
0.53030303,1.436868687,2.835559026,7.78579
0.53030303,1.449494949,2.85659433,7.8796100000000004
0.53030303,1.462121212,2.877629634,7.979550000000001
0.53030303,1.474747475,2.898664939,8.08577
0.53030303,1.487373737,2.919700243,8.19842
0.53030303,1.5,2.940735548,8.31766
0.545454545,0.275252525,0.939015986,4.60835
0.545454545,0.287878788,0.960652299,4.80019
0.545454545,0.300505051,0.982288612,4.98398
0.545454545,0.313131313,1.003924925,5.15988
0.545454545,0.325757576,1.025561238,5.32805
0.545454545,0.338383838,1.047197551,5.48864
0.545454545,0.351010101,1.068833864,5.64179
0.545454545,0.363636364,1.090470177,5.78768
0.545454545,0.376262626,1.11210649,5.92644
0.545454545,0.388888889,1.133742803,6.05823
0.545454545,0.401515152,1.155379116,6.1832
0.545454545,0.414141414,1.177015429,6.30151
0.545454545,0.426767677,1.198651742,6.413320000000001
0.545454545,0.439393939,1.220288056,6.51876
0.545454545,0.452020202,1.241924369,6.61801
0.545454545,0.464646465,1.263560682,6.7112
0.545454545,0.477272727,1.285196995,6.7985
0.545454545,0.48989899,1.306833308,6.88006
0.545454545,0.502525253,1.328469621,6.95603
0.545454545,0.515151515,1.350105934,7.02656
0.545454545,0.527777778,1.371742247,7.0918
0.545454545,0.54040404,1.39337856,7.1519200000000005
0.545454545,0.553030303,1.415014873,7.20706
0.545454545,0.565656566,1.436651186,7.25738
0.545454545,0.578282828,1.458287499,7.30302
0.545454545,0.590909091,1.479923812,7.34415
0.545454545,0.603535354,1.501560125,7.380920000000001
0.545454545,0.616161616,1.523196438,7.41347
0.545454545,0.628787879,1.544832751,7.44197
0.545454545,0.641414141,1.566469064,7.46656
0.545454545,0.654040404,1.588105377,7.487410000000001
0.545454545,0.666666667,1.60974169,7.50465
0.545454545,0.679292929,1.631378003,7.51846
0.545454545,0.691919192,1.653014316,7.52897
0.545454545,0.704545455,1.674650629,7.53634
0.545454545,0.717171717,1.696286942,7.54073
0.545454545,0.72979798,1.717923255,7.54229
0.545454545,0.742424242,1.739559569,7.54117
0.545454545,0.755050505,1.761195882,7.537520000000001
0.545454545,0.767676768,1.782832195,7.53151
0.545454545,0.78030303,1.804468508,7.52327
0.545454545,0.792929293,1.826104821,7.51297
0.545454545,0.805555556,1.847741134,7.5007600000000005
0.545454545,0.818181818,1.869377447,7.48679
0.545454545,0.830808081,1.89101376,7.471220000000001
0.545454545,0.843434343,1.912650073,7.4541900000000005
0.545454545,0.856060606,1.934286386,7.43587
0.545454545,0.868686869,1.955922699,7.4164
0.545454545,0.881313131,1.977559012,7.39593
0.545454545,0.893939394,1.999195325,7.37463
0.545454545,0.906565657,2.020831638,7.352650000000001
0.545454545,0.919191919,2.042467951,7.3301300000000005
0.545454545,0.931818182,2.064104264,7.307230000000001
0.545454545,0.944444444,2.085740577,7.2841000000000005
0.545454545,0.957070707,2.10737689,7.26091
0.545454545,0.96969697,2.129013203,7.23779
0.545454545,0.982323232,2.150649516,7.214910000000001
0.545454545,0.994949495,2.172285829,7.192410000000001
0.545454545,1.007575758,2.193922142,7.17046
0.545454545,1.02020202,2.215558455,7.1492
0.545454545,1.032828283,2.237194768,7.12878
0.545454545,1.045454545,2.258831082,7.10937
0.545454545,1.058080808,2.280467395,7.0911100000000005
0.545454545,1.070707071,2.302103708,7.07415
0.545454545,1.083333333,2.323740021,7.058660000000001
0.545454545,1.095959596,2.345376334,7.04478
0.545454545,1.108585859,2.367012647,7.03267
0.545454545,1.121212121,2.38864896,7.02247
0.545454545,1.133838384,2.410285273,7.01435
0.545454545,1.146464646,2.431921586,7.00845
0.545454545,1.159090909,2.453557899,7.00494
0.545454545,1.171717172,2.475194212,7.00396
0.545454545,1.184343434,2.496830525,7.00566
0.545454545,1.196969697,2.518466838,7.0102
0.545454545,1.20959596,2.540103151,7.01773
0.545454545,1.222222222,2.561739464,7.02841
0.545454545,1.234848485,2.583375777,7.04239
0.545454545,1.247474747,2.60501209,7.05982
0.545454545,1.26010101,2.626648403,7.08086
0.545454545,1.272727273,2.648284716,7.10566
0.545454545,1.285353535,2.669921029,7.13436
0.545454545,1.297979798,2.691557342,7.16714
0.545454545,1.310606061,2.713193655,7.20413
0.545454545,1.323232323,2.734829968,7.24549
0.545454545,1.335858586,2.756466281,7.29138
0.545454545,1.348484848,2.778102594,7.341950000000001
0.545454545,1.361111111,2.799738908,7.39734
0.545454545,1.373737374,2.821375221,7.457730000000001
0.545454545,1.386363636,2.843011534,7.52325
0.545454545,1.398989899,2.864647847,7.59406
0.545454545,1.411616162,2.88628416,7.670310000000001
0.545454545,1.424242424,2.907920473,7.7521700000000004
0.545454545,1.436868687,2.929556786,7.839770000000001
0.545454545,1.449494949,2.951193099,7.93328
0.545454545,1.462121212,2.972829412,8.03285
0.545454545,1.474747475,2.994465725,8.138630000000001
0.545454545,1.487373737,3.016102038,8.250770000000001
0.545454545,1.5,3.037738351,8.36943
0.560606061,0.287878788,1.000679478,4.73393
0.560606061,0.300505051,1.0229168,4.91957
0.560606061,0.313131313,1.045154122,5.09733
0.560606061,0.325757576,1.067391443,5.2673700000000006
0.560606061,0.338383838,1.089628765,5.42985
0.560606061,0.351010101,1.111866087,5.5849
0.560606061,0.363636364,1.134103409,5.73269
0.560606061,0.376262626,1.15634073,5.87336
0.560606061,0.388888889,1.178578052,6.007070000000001
0.560606061,0.401515152,1.200815374,6.13398
0.560606061,0.414141414,1.223052696,6.254230000000001
0.560606061,0.426767677,1.245290017,6.367970000000001
0.560606061,0.439393939,1.267527339,6.47536
0.560606061,0.452020202,1.289764661,6.576560000000001
0.560606061,0.464646465,1.312001982,6.67171
0.560606061,0.477272727,1.334239304,6.76096
0.560606061,0.48989899,1.356476626,6.84447
0.560606061,0.502525253,1.378713948,6.92239
0.560606061,0.515151515,1.400951269,6.99488
0.560606061,0.527777778,1.423188591,7.06208
0.560606061,0.54040404,1.445425913,7.12415
0.560606061,0.553030303,1.467663235,7.18124
0.560606061,0.565656566,1.489900556,7.2335
0.560606061,0.578282828,1.512137878,7.28109
0.560606061,0.590909091,1.5343752,7.32416
0.560606061,0.603535354,1.556612522,7.36285
0.560606061,0.616161616,1.578849843,7.39733
0.560606061,0.628787879,1.601087165,7.42774
0.560606061,0.641414141,1.623324487,7.45424
0.560606061,0.654040404,1.645561809,7.47698
0.560606061,0.666666667,1.66779913,7.49611
0.560606061,0.679292929,1.690036452,7.51179
0.560606061,0.691919192,1.712273774,7.52416
0.560606061,0.704545455,1.734511095,7.53339
0.560606061,0.717171717,1.756748417,7.539610000000001
0.560606061,0.72979798,1.778985739,7.5429900000000005
0.560606061,0.742424242,1.801223061,7.54368
0.560606061,0.755050505,1.823460382,7.54182
0.560606061,0.767676768,1.845697704,7.53758
0.560606061,0.78030303,1.867935026,7.5311
0.560606061,0.792929293,1.890172348,7.522530000000001
0.560606061,0.805555556,1.912409669,7.51204
0.560606061,0.818181818,1.934646991,7.49976
0.560606061,0.830808081,1.956884313,7.485860000000001
0.560606061,0.843434343,1.979121635,7.47048
0.560606061,0.856060606,2.001358956,7.453790000000001
0.560606061,0.868686869,2.023596278,7.43592
0.560606061,0.881313131,2.0458336,7.41704
0.560606061,0.893939394,2.068070922,7.39729
0.560606061,0.906565657,2.090308243,7.37683
0.560606061,0.919191919,2.112545565,7.35581
0.560606061,0.931818182,2.134782887,7.33439
0.560606061,0.944444444,2.157020208,7.3127
0.560606061,0.957070707,2.17925753,7.29092
0.560606061,0.96969697,2.201494852,7.26919
0.560606061,0.982323232,2.223732174,7.247660000000001
0.560606061,0.994949495,2.245969495,7.2264800000000005
0.560606061,1.007575758,2.268206817,7.2058100000000005
0.560606061,1.02020202,2.290444139,7.1858
0.560606061,1.032828283,2.312681461,7.1666
0.560606061,1.045454545,2.334918782,7.14837
0.560606061,1.058080808,2.357156104,7.1312500000000005
0.560606061,1.070707071,2.379393426,7.11541
0.560606061,1.083333333,2.401630748,7.10098
0.560606061,1.095959596,2.423868069,7.0881300000000005
0.560606061,1.108585859,2.446105391,7.0770100000000005
0.560606061,1.121212121,2.468342713,7.06776
0.560606061,1.133838384,2.490580035,7.06055
0.560606061,1.146464646,2.512817356,7.0555200000000005
0.560606061,1.159090909,2.535054678,7.0528200000000005
0.560606061,1.171717172,2.557292,7.05262
0.560606061,1.184343434,2.579529321,7.0550500000000005
0.560606061,1.196969697,2.601766643,7.0602800000000006
0.560606061,1.20959596,2.624003965,7.06846
0.560606061,1.222222222,2.646241287,7.0797300000000005
0.560606061,1.234848485,2.668478608,7.09426
0.560606061,1.247474747,2.69071593,7.11218
0.560606061,1.26010101,2.712953252,7.13367
0.560606061,1.272727273,2.735190574,7.15886
0.560606061,1.285353535,2.757427895,7.1879100000000005
0.560606061,1.297979798,2.779665217,7.22097
0.560606061,1.310606061,2.801902539,7.2582
0.560606061,1.323232323,2.824139861,7.29975
0.560606061,1.335858586,2.846377182,7.34576
0.560606061,1.348484848,2.868614504,7.3964
0.560606061,1.361111111,2.890851826,7.45181
0.560606061,1.373737374,2.913089148,7.51215
0.560606061,1.386363636,2.935326469,7.577570000000001
0.560606061,1.398989899,2.957563791,7.64823
0.560606061,1.411616162,2.979801113,7.72426
0.560606061,1.424242424,3.002038434,7.80584
0.560606061,1.436868687,3.024275756,7.8931000000000004
0.560606061,1.449494949,3.046513078,7.98621
0.560606061,1.462121212,3.0687504,8.0853
0.560606061,1.474747475,3.090987721,8.19055
0.560606061,1.487373737,3.113225043,8.30209
0.560606061,1.5,3.135462365,8.42009
0.575757576,0.287878788,1.041427868,4.67035
0.575757576,0.300505051,1.064266198,4.85792
0.575757576,0.313131313,1.087104529,5.03763
0.575757576,0.325757576,1.109942859,5.2096100000000005
0.575757576,0.338383838,1.132781189,5.37404
0.575757576,0.351010101,1.15561952,5.5310500000000005
0.575757576,0.363636364,1.17845785,5.68081
0.575757576,0.376262626,1.201296181,5.82345
0.575757576,0.388888889,1.224134511,5.9591400000000005
0.575757576,0.401515152,1.246972842,6.08802
0.575757576,0.414141414,1.269811172,6.21025
0.575757576,0.426767677,1.292649502,6.32597
0.575757576,0.439393939,1.315487833,6.435350000000001
0.575757576,0.452020202,1.338326163,6.538530000000001
0.575757576,0.464646465,1.361164494,6.635660000000001
0.575757576,0.477272727,1.384002824,6.72689
0.575757576,0.48989899,1.406841155,6.81238
0.575757576,0.502525253,1.429679485,6.89228
0.575757576,0.515151515,1.452517816,6.966740000000001
0.575757576,0.527777778,1.475356146,7.03591
0.575757576,0.54040404,1.498194476,7.09994
0.575757576,0.553030303,1.521032807,7.15899
0.575757576,0.565656566,1.543871137,7.2132000000000005
0.575757576,0.578282828,1.566709468,7.26273
0.575757576,0.590909091,1.589547798,7.30773
0.575757576,0.603535354,1.612386129,7.34835
0.575757576,0.616161616,1.635224459,7.38474
0.575757576,0.628787879,1.658062789,7.41706
0.575757576,0.641414141,1.68090112,7.44545
0.575757576,0.654040404,1.70373945,7.470070000000001
0.575757576,0.666666667,1.726577781,7.49106
0.575757576,0.679292929,1.749416111,7.50859
0.575757576,0.691919192,1.772254442,7.5228
0.575757576,0.704545455,1.795092772,7.53385
0.575757576,0.717171717,1.817931102,7.54188
0.575757576,0.72979798,1.840769433,7.54704
0.575757576,0.742424242,1.863607763,7.5495
0.575757576,0.755050505,1.886446094,7.54939
0.575757576,0.767676768,1.909284424,7.54688
0.575757576,0.78030303,1.932122755,7.54211
0.575757576,0.792929293,1.954961085,7.53524
0.575757576,0.805555556,1.977799415,7.52641
0.575757576,0.818181818,2.000637746,7.51578
0.575757576,0.830808081,2.023476076,7.5035
0.575757576,0.843434343,2.046314407,7.489730000000001
0.575757576,0.856060606,2.069152737,7.474600000000001
0.575757576,0.868686869,2.091991068,7.45828
0.575757576,0.881313131,2.114829398,7.44092
0.575757576,0.893939394,2.137667728,7.42267
0.575757576,0.906565657,2.160506059,7.40367
0.575757576,0.919191919,2.183344389,7.3840900000000005
0.575757576,0.931818182,2.20618272,7.36407
0.575757576,0.944444444,2.22902105,7.3437600000000005
0.575757576,0.957070707,2.251859381,7.32333
0.575757576,0.96969697,2.274697711,7.3029
0.575757576,0.982323232,2.297536042,7.28265
0.575757576,0.994949495,2.320374372,7.26272
0.575757576,1.007575758,2.343212702,7.24327
0.575757576,1.02020202,2.366051033,7.22443
0.575757576,1.032828283,2.388889363,7.20638
0.575757576,1.045454545,2.411727694,7.18925
0.575757576,1.058080808,2.434566024,7.1732000000000005
0.575757576,1.070707071,2.457404355,7.15838
0.575757576,1.083333333,2.480242685,7.14494
0.575757576,1.095959596,2.503081015,7.13304
0.575757576,1.108585859,2.525919346,7.12282
0.575757576,1.121212121,2.548757676,7.11444
0.575757576,1.133838384,2.571596007,7.10805
0.575757576,1.146464646,2.594434337,7.103800000000001
0.575757576,1.159090909,2.617272668,7.10184
0.575757576,1.171717172,2.640110998,7.10233
0.575757576,1.184343434,2.662949328,7.10541
0.575757576,1.196969697,2.685787659,7.1112400000000004
0.575757576,1.20959596,2.708625989,7.11997
0.575757576,1.222222222,2.73146432,7.13175
0.575757576,1.234848485,2.75430265,7.14673
0.575757576,1.247474747,2.777140981,7.16506
0.575757576,1.26010101,2.799979311,7.1869000000000005
0.575757576,1.272727273,2.822817641,7.212400000000001
0.575757576,1.285353535,2.845655972,7.2417
0.575757576,1.297979798,2.868494302,7.274970000000001
0.575757576,1.310606061,2.891332633,7.31235
0.575757576,1.323232323,2.914170963,7.3539900000000005
0.575757576,1.335858586,2.937009294,7.400040000000001
0.575757576,1.348484848,2.959847624,7.45066
0.575757576,1.361111111,2.982685954,7.506
0.575757576,1.373737374,3.005524285,7.56621
0.575757576,1.386363636,3.028362615,7.63145
0.575757576,1.398989899,3.051200946,7.70185
0.575757576,1.411616162,3.074039276,7.77758
0.575757576,1.424242424,3.096877607,7.85879
0.575757576,1.436868687,3.119715937,7.94562
0.575757576,1.449494949,3.142554268,8.03824
0.575757576,1.462121212,3.165392598,8.13678
0.575757576,1.474747475,3.188230928,8.24141
0.575757576,1.487373737,3.211069259,8.35227
0.575757576,1.5,3.233907589,8.469520000000001
0.590909091,0.300505051,1.106336807,4.79877
0.590909091,0.313131313,1.129776146,4.9804900000000005
0.590909091,0.325757576,1.153215485,5.15449
0.590909091,0.338383838,1.176654824,5.32094
0.590909091,0.351010101,1.200094163,5.47997
0.590909091,0.363636364,1.223533502,5.63175
0.590909091,0.376262626,1.246972842,5.77642
0.590909091,0.388888889,1.270412181,5.91413
0.590909091,0.401515152,1.29385152,6.04504
0.590909091,0.414141414,1.317290859,6.16929
0.590909091,0.426767677,1.340730198,6.28704
0.590909091,0.439393939,1.364169537,6.39843
0.590909091,0.452020202,1.387608876,6.503620000000001
0.590909091,0.464646465,1.411048216,6.6027700000000005
0.590909091,0.477272727,1.434487555,6.69601
0.590909091,0.48989899,1.457926894,6.7835
0.590909091,0.502525253,1.481366233,6.8653900000000005
0.590909091,0.515151515,1.504805572,6.94184
0.590909091,0.527777778,1.528244911,7.01299
0.590909091,0.54040404,1.55168425,7.07899
0.590909091,0.553030303,1.575123589,7.140000000000001
0.590909091,0.565656566,1.598562929,7.19616
0.590909091,0.578282828,1.622002268,7.2476400000000005
0.590909091,0.590909091,1.645441607,7.294560000000001
0.590909091,0.603535354,1.668880946,7.3371
0.590909091,0.616161616,1.692320285,7.3754
0.590909091,0.628787879,1.715759624,7.40961
0.590909091,0.641414141,1.739198963,7.4398800000000005
0.590909091,0.654040404,1.762638302,7.46636
0.590909091,0.666666667,1.786077642,7.4892
0.590909091,0.679292929,1.809516981,7.50856
0.590909091,0.691919192,1.83295632,7.52458
0.590909091,0.704545455,1.856395659,7.53742
0.590909091,0.717171717,1.879834998,7.54722
0.590909091,0.72979798,1.903274337,7.55415
0.590909091,0.742424242,1.926713676,7.55834
0.590909091,0.755050505,1.950153015,7.559950000000001
0.590909091,0.767676768,1.973592355,7.559130000000001
0.590909091,0.78030303,1.997031694,7.55603
0.590909091,0.792929293,2.020471033,7.550800000000001
0.590909091,0.805555556,2.043910372,7.5436000000000005
0.590909091,0.818181818,2.067349711,7.53457
0.590909091,0.830808081,2.09078905,7.52386
0.590909091,0.843434343,2.114228389,7.51163
0.590909091,0.856060606,2.137667728,7.49803
0.590909091,0.868686869,2.161107068,7.4832
0.590909091,0.881313131,2.184546407,7.4673
0.590909091,0.893939394,2.207985746,7.45049
0.590909091,0.906565657,2.231425085,7.4329
0.590909091,0.919191919,2.254864424,7.41469
0.590909091,0.931818182,2.278303763,7.39601
0.590909091,0.944444444,2.301743102,7.37702
0.590909091,0.957070707,2.325182441,7.3578600000000005
0.590909091,0.96969697,2.348621781,7.33868
0.590909091,0.982323232,2.37206112,7.319640000000001
0.590909091,0.994949495,2.395500459,7.30089
0.590909091,1.007575758,2.418939798,7.282570000000001
0.590909091,1.02020202,2.442379137,7.26484
0.590909091,1.032828283,2.465818476,7.247850000000001
0.590909091,1.045454545,2.489257815,7.23175
0.590909091,1.058080808,2.512697155,7.21669
0.590909091,1.070707071,2.536136494,7.20282
0.590909091,1.083333333,2.559575833,7.19029
0.590909091,1.095959596,2.583015172,7.17926
0.590909091,1.108585859,2.606454511,7.16987
0.590909091,1.121212121,2.62989385,7.16228
0.590909091,1.133838384,2.653333189,7.15663
0.590909091,1.146464646,2.676772528,7.15308
0.590909091,1.159090909,2.700211868,7.1517800000000005
0.590909091,1.171717172,2.723651207,7.15287
0.590909091,1.184343434,2.747090546,7.15652
0.590909091,1.196969697,2.770529885,7.16286
0.590909091,1.20959596,2.793969224,7.17206
0.590909091,1.222222222,2.817408563,7.18426
0.590909091,1.234848485,2.840847902,7.19961
0.590909091,1.247474747,2.864287241,7.21827
0.590909091,1.26010101,2.887726581,7.24038
0.590909091,1.272727273,2.91116592,7.2661
0.590909091,1.285353535,2.934605259,7.2955700000000006
0.590909091,1.297979798,2.958044598,7.32895
0.590909091,1.310606061,2.981483937,7.36639
0.590909091,1.323232323,3.004923276,7.408040000000001
0.590909091,1.335858586,3.028362615,7.4540500000000005
0.590909091,1.348484848,3.051801954,7.50457
0.590909091,1.361111111,3.075241294,7.55975
0.590909091,1.373737374,3.098680633,7.61975
0.590909091,1.386363636,3.122119972,7.6847
0.590909091,1.398989899,3.145559311,7.75478
0.590909091,1.411616162,3.16899865,7.83012
0.590909091,1.424242424,3.192437989,7.91087
0.590909091,1.436868687,3.215877328,7.9972
0.590909091,1.449494949,3.239316667,8.08924
0.590909091,1.462121212,3.262756007,8.18715
0.590909091,1.474747475,3.286195346,8.291080000000001
0.590909091,1.487373737,3.309634685,8.40118
0.590909091,1.5,3.333074024,8.5176
0.606060606,0.313131313,1.173168974,4.9256400000000005
0.606060606,0.325757576,1.197209322,5.10173
0.606060606,0.338383838,1.221249669,5.27026
0.606060606,0.351010101,1.245290017,5.43137
0.606060606,0.363636364,1.269330365,5.58523
0.606060606,0.376262626,1.293370713,5.73198
0.606060606,0.388888889,1.317411061,5.87176
0.606060606,0.401515152,1.341451409,6.00474
0.606060606,0.414141414,1.365491756,6.131060000000001
0.606060606,0.426767677,1.389532104,6.25087
0.606060606,0.439393939,1.413572452,6.36432
0.606060606,0.452020202,1.4376128,6.47156
0.606060606,0.464646465,1.461653148,6.5727400000000005
0.606060606,0.477272727,1.485693495,6.66801
0.606060606,0.48989899,1.509733843,6.75753
0.606060606,0.502525253,1.533774191,6.84143
0.606060606,0.515151515,1.557814539,6.91988
0.606060606,0.527777778,1.581854887,6.9930200000000005
0.606060606,0.54040404,1.605895235,7.0610100000000005
0.606060606,0.553030303,1.629935582,7.12398
0.606060606,0.565656566,1.65397593,7.1821
0.606060606,0.578282828,1.678016278,7.23552
0.606060606,0.590909091,1.702056626,7.28437
0.606060606,0.603535354,1.726096974,7.32882
0.606060606,0.616161616,1.750137322,7.36901
0.606060606,0.628787879,1.774177669,7.4051
0.606060606,0.641414141,1.798218017,7.4372300000000005
0.606060606,0.654040404,1.822258365,7.46556
0.606060606,0.666666667,1.846298713,7.49023
0.606060606,0.679292929,1.870339061,7.5114
0.606060606,0.691919192,1.894379409,7.52921
0.606060606,0.704545455,1.918419756,7.543810000000001
0.606060606,0.717171717,1.942460104,7.55537
0.606060606,0.72979798,1.966500452,7.564010000000001
0.606060606,0.742424242,1.9905408,7.56991
0.606060606,0.755050505,2.014581148,7.57319
0.606060606,0.767676768,2.038621495,7.5740300000000005
0.606060606,0.78030303,2.062661843,7.57256
0.606060606,0.792929293,2.086702191,7.5689400000000004
0.606060606,0.805555556,2.110742539,7.56332
0.606060606,0.818181818,2.134782887,7.55584
0.606060606,0.830808081,2.158823235,7.54666
0.606060606,0.843434343,2.182863582,7.5359300000000005
0.606060606,0.856060606,2.20690393,7.52379
0.606060606,0.868686869,2.230944278,7.510400000000001
0.606060606,0.881313131,2.254984626,7.49592
0.606060606,0.893939394,2.279024974,7.48047
0.606060606,0.906565657,2.303065322,7.464230000000001
0.606060606,0.919191919,2.327105669,7.4473400000000005
0.606060606,0.931818182,2.351146017,7.42995
0.606060606,0.944444444,2.375186365,7.4122
0.606060606,0.957070707,2.399226713,7.39425
0.606060606,0.96969697,2.423267061,7.37626
0.606060606,0.982323232,2.447307408,7.35836
0.606060606,0.994949495,2.471347756,7.34072
0.606060606,1.007575758,2.495388104,7.32347
0.606060606,1.02020202,2.519428452,7.30677
0.606060606,1.032828283,2.5434688,7.29078
0.606060606,1.045454545,2.567509148,7.27564
0.606060606,1.058080808,2.591549495,7.26149
0.606060606,1.070707071,2.615589843,7.2485
0.606060606,1.083333333,2.639630191,7.23681
0.606060606,1.095959596,2.663670539,7.226570000000001
0.606060606,1.108585859,2.687710887,7.21793
0.606060606,1.121212121,2.711751235,7.21105
0.606060606,1.133838384,2.735791582,7.20607
0.606060606,1.146464646,2.75983193,7.20314
0.606060606,1.159090909,2.783872278,7.20241
0.606060606,1.171717172,2.807912626,7.20403
0.606060606,1.184343434,2.831952974,7.20816
0.606060606,1.196969697,2.855993321,7.21494
0.606060606,1.20959596,2.880033669,7.224530000000001
0.606060606,1.222222222,2.904074017,7.23707
0.606060606,1.234848485,2.928114365,7.25271
0.606060606,1.247474747,2.952154713,7.27161
0.606060606,1.26010101,2.976195061,7.29391
0.606060606,1.272727273,3.000235408,7.3197600000000005
0.606060606,1.285353535,3.024275756,7.3493200000000005
0.606060606,1.297979798,3.048316104,7.38274
0.606060606,1.310606061,3.072356452,7.42016
0.606060606,1.323232323,3.0963968,7.46174
0.606060606,1.335858586,3.120437148,7.50762
0.606060606,1.348484848,3.144477495,7.55795
0.606060606,1.361111111,3.168517843,7.612900000000001
0.606060606,1.373737374,3.192558191,7.6726
0.606060606,1.386363636,3.216598539,7.7372000000000005
0.606060606,1.398989899,3.240638887,7.80686
0.606060606,1.411616162,3.264679234,7.88173
0.606060606,1.424242424,3.288719582,7.96196
0.606060606,1.436868687,3.31275993,8.047690000000001
0.606060606,1.449494949,3.336800278,8.13908
0.606060606,1.462121212,3.360840626,8.23628
0.606060606,1.474747475,3.384880974,8.33944
0.606060606,1.487373737,3.408921321,8.4487
0.606060606,1.5,3.432961669,8.56422
0.621212121,0.313131313,1.217283012,4.87282
0.621212121,0.325757576,1.241924369,5.05105
0.621212121,0.338383838,1.266565725,5.22173
0.621212121,0.351010101,1.291207082,5.38499
0.621212121,0.363636364,1.315848438,5.54098
0.621212121,0.376262626,1.340489795,5.68985
0.621212121,0.388888889,1.365131151,5.83176
0.621212121,0.401515152,1.389772508,5.96685
0.621212121,0.414141414,1.414413864,6.09528
0.621212121,0.426767677,1.439055221,6.21718
0.621212121,0.439393939,1.463696577,6.33272
0.621212121,0.452020202,1.488337934,6.44204
0.621212121,0.464646465,1.51297929,6.5452900000000005
0.621212121,0.477272727,1.537620647,6.64262
0.621212121,0.48989899,1.562262003,6.73417
0.621212121,0.502525253,1.58690336,6.820110000000001
0.621212121,0.515151515,1.611544716,6.900580000000001
0.621212121,0.527777778,1.636186073,6.97572
0.621212121,0.54040404,1.660827429,7.0457
0.621212121,0.553030303,1.685468786,7.110650000000001
0.621212121,0.565656566,1.710110142,7.17072
0.621212121,0.578282828,1.734751499,7.2260800000000005
0.621212121,0.590909091,1.759392855,7.27686
0.621212121,0.603535354,1.784034212,7.32322
0.621212121,0.616161616,1.808675569,7.3653
0.621212121,0.628787879,1.833316925,7.40326
0.621212121,0.641414141,1.857958282,7.43724
0.621212121,0.654040404,1.882599638,7.46739
0.621212121,0.666666667,1.907240995,7.49387
0.621212121,0.679292929,1.931882351,7.51682
0.621212121,0.691919192,1.956523708,7.5364
0.621212121,0.704545455,1.981165064,7.5527500000000005
0.621212121,0.717171717,2.005806421,7.56602
0.621212121,0.72979798,2.030447777,7.57636
0.621212121,0.742424242,2.055089134,7.58392
0.621212121,0.755050505,2.07973049,7.58886
0.621212121,0.767676768,2.104371847,7.59131
0.621212121,0.78030303,2.129013203,7.59144
0.621212121,0.792929293,2.15365456,7.58938
0.621212121,0.805555556,2.178295916,7.5852900000000005
0.621212121,0.818181818,2.202937273,7.57932
0.621212121,0.830808081,2.227578629,7.57162
0.621212121,0.843434343,2.252219986,7.56234
0.621212121,0.856060606,2.276861342,7.551620000000001
0.621212121,0.868686869,2.301502699,7.53962
0.621212121,0.881313131,2.326144055,7.52649
0.621212121,0.893939394,2.350785412,7.512370000000001
0.621212121,0.906565657,2.375426768,7.49742
0.621212121,0.919191919,2.400068125,7.48179
0.621212121,0.931818182,2.424709481,7.46562
0.621212121,0.944444444,2.449350838,7.44906
0.621212121,0.957070707,2.473992195,7.43227
0.621212121,0.96969697,2.498633551,7.41539
0.621212121,0.982323232,2.523274908,7.39857
0.621212121,0.994949495,2.547916264,7.38197
0.621212121,1.007575758,2.572557621,7.36573
0.621212121,1.02020202,2.597198977,7.3500000000000005
0.621212121,1.032828283,2.621840334,7.33493
0.621212121,1.045454545,2.64648169,7.32067
0.621212121,1.058080808,2.671123047,7.30738
0.621212121,1.070707071,2.695764403,7.29519
0.621212121,1.083333333,2.72040576,7.284260000000001
0.621212121,1.095959596,2.745047116,7.27475
0.621212121,1.108585859,2.769688473,7.26679
0.621212121,1.121212121,2.794329829,7.260540000000001
0.621212121,1.133838384,2.818971186,7.25614
0.621212121,1.146464646,2.843612542,7.253760000000001
0.621212121,1.159090909,2.868253899,7.2535300000000005
0.621212121,1.171717172,2.892895255,7.25561
0.621212121,1.184343434,2.917536612,7.26015
0.621212121,1.196969697,2.942177968,7.26729
0.621212121,1.20959596,2.966819325,7.27718
0.621212121,1.222222222,2.991460681,7.28998
0.621212121,1.234848485,3.016102038,7.30584
0.621212121,1.247474747,3.040743394,7.3249
0.621212121,1.26010101,3.065384751,7.34731
0.621212121,1.272727273,3.090026108,7.37323
0.621212121,1.285353535,3.114667464,7.4028
0.621212121,1.297979798,3.139308821,7.436170000000001
0.621212121,1.310606061,3.163950177,7.47349
0.621212121,1.323232323,3.188591534,7.51492
0.621212121,1.335858586,3.21323289,7.56059
0.621212121,1.348484848,3.237874247,7.61067
0.621212121,1.361111111,3.262515603,7.6653
0.621212121,1.373737374,3.28715696,7.72462
0.621212121,1.386363636,3.311798316,7.7888
0.621212121,1.398989899,3.336439673,7.85797
0.621212121,1.411616162,3.361081029,7.932300000000001
0.621212121,1.424242424,3.385722386,8.01192
0.621212121,1.436868687,3.410363742,8.09699
0.621212121,1.449494949,3.435005099,8.187660000000001
0.621212121,1.462121212,3.459646455,8.28407
0.621212121,1.474747475,3.484287812,8.38638
0.621212121,1.487373737,3.508929168,8.49474
0.621212121,1.5,3.533570525,8.60929
0.636363636,0.325757576,1.287360626,5.0022
0.636363636,0.338383838,1.312602991,5.17508
0.636363636,0.351010101,1.337845356,5.34053
0.636363636,0.363636364,1.363087722,5.49871
0.636363636,0.376262626,1.388330087,5.64977
0.636363636,0.388888889,1.413572452,5.79385
0.636363636,0.401515152,1.438814817,5.9311
0.636363636,0.414141414,1.464057182,6.06167
0.636363636,0.426767677,1.489299548,6.18571
0.636363636,0.439393939,1.514541913,6.3033600000000005
0.636363636,0.452020202,1.539784278,6.41479
0.636363636,0.464646465,1.565026643,6.52013
0.636363636,0.477272727,1.590269009,6.61954
0.636363636,0.48989899,1.615511374,6.71316
0.636363636,0.502525253,1.640753739,6.80115
0.636363636,0.515151515,1.665996104,6.88365
0.636363636,0.527777778,1.691238469,6.96081
0.636363636,0.54040404,1.716480835,7.03278
0.636363636,0.553030303,1.7417232,7.09971
0.636363636,0.565656566,1.766965565,7.1617500000000005
0.636363636,0.578282828,1.79220793,7.219040000000001
0.636363636,0.590909091,1.817450295,7.27175
0.636363636,0.603535354,1.842692661,7.32
0.636363636,0.616161616,1.867935026,7.36397
0.636363636,0.628787879,1.893177391,7.40378
0.636363636,0.641414141,1.918419756,7.4396
0.636363636,0.654040404,1.943662122,7.47157
0.636363636,0.666666667,1.968904487,7.49984
0.636363636,0.679292929,1.994146852,7.52456
0.636363636,0.691919192,2.019389217,7.54588
0.636363636,0.704545455,2.044631582,7.56395
0.636363636,0.717171717,2.069873948,7.5789100000000005
0.636363636,0.72979798,2.095116313,7.590920000000001
0.636363636,0.742424242,2.120358678,7.60012
0.636363636,0.755050505,2.145601043,7.606660000000001
0.636363636,0.767676768,2.170843408,7.6107000000000005
0.636363636,0.78030303,2.196085774,7.61238
0.636363636,0.792929293,2.221328139,7.6118500000000004
0.636363636,0.805555556,2.246570504,7.60926
0.636363636,0.818181818,2.271812869,7.60475
0.636363636,0.830808081,2.297055235,7.59849
0.636363636,0.843434343,2.3222976,7.59061
0.636363636,0.856060606,2.347539965,7.58126
0.636363636,0.868686869,2.37278233,7.570600000000001
0.636363636,0.881313131,2.398024695,7.5587800000000005
0.636363636,0.893939394,2.423267061,7.54593
0.636363636,0.906565657,2.448509426,7.532220000000001
0.636363636,0.919191919,2.473751791,7.517790000000001
0.636363636,0.931818182,2.498994156,7.5027800000000004
0.636363636,0.944444444,2.524236521,7.48736
0.636363636,0.957070707,2.549478887,7.47166
0.636363636,0.96969697,2.574721252,7.455830000000001
0.636363636,0.982323232,2.599963617,7.440040000000001
0.636363636,0.994949495,2.625205982,7.42441
0.636363636,1.007575758,2.650448348,7.40911
0.636363636,1.02020202,2.675690713,7.39429
0.636363636,1.032828283,2.700933078,7.38008
0.636363636,1.045454545,2.726175443,7.36664
0.636363636,1.058080808,2.751417808,7.3541300000000005
0.636363636,1.070707071,2.776660174,7.3426800000000005
0.636363636,1.083333333,2.801902539,7.33244
0.636363636,1.095959596,2.827144904,7.323580000000001
0.636363636,1.108585859,2.852387269,7.31623
0.636363636,1.121212121,2.877629634,7.3105400000000005
0.636363636,1.133838384,2.902872,7.30667
0.636363636,1.146464646,2.928114365,7.30475
0.636363636,1.159090909,2.95335673,7.30495
0.636363636,1.171717172,2.978599095,7.30741
0.636363636,1.184343434,3.003841461,7.31228
0.636363636,1.196969697,3.029083826,7.319710000000001
0.636363636,1.20959596,3.054326191,7.32984
0.636363636,1.222222222,3.079568556,7.34283
0.636363636,1.234848485,3.104810921,7.358820000000001
0.636363636,1.247474747,3.130053287,7.37797
0.636363636,1.26010101,3.155295652,7.40042
0.636363636,1.272727273,3.180538017,7.4263200000000005
0.636363636,1.285353535,3.205780382,7.455830000000001
0.636363636,1.297979798,3.231022747,7.48908
0.636363636,1.310606061,3.256265113,7.52623
0.636363636,1.323232323,3.281507478,7.56743
0.636363636,1.335858586,3.306749843,7.612830000000001
0.636363636,1.348484848,3.331992208,7.6625700000000005
0.636363636,1.361111111,3.357234574,7.716810000000001
0.636363636,1.373737374,3.382476939,7.77569
0.636363636,1.386363636,3.407719304,7.839370000000001
0.636363636,1.398989899,3.432961669,7.90798
0.636363636,1.411616162,3.458204034,7.98169
0.636363636,1.424242424,3.4834464,8.06064
0.636363636,1.436868687,3.508688765,8.14497
0.636363636,1.449494949,3.53393113,8.23484
0.636363636,1.462121212,3.559173495,8.330400000000001
0.636363636,1.474747475,3.584415861,8.4318
0.636363636,1.487373737,3.609658226,8.53918
0.636363636,1.5,3.634900591,8.6527
0.651515152,0.325757576,1.333518094,4.95489
0.651515152,0.338383838,1.359361468,5.13004
0.651515152,0.351010101,1.385204842,5.29775
0.651515152,0.363636364,1.411048216,5.45817
0.651515152,0.376262626,1.436891589,5.6114500000000005
0.651515152,0.388888889,1.462734963,5.75774
0.651515152,0.401515152,1.488578337,5.89719
0.651515152,0.414141414,1.514421711,6.02995
0.651515152,0.426767677,1.540265085,6.15616
0.651515152,0.439393939,1.566108459,6.27597
0.651515152,0.452020202,1.591951833,6.389530000000001
0.651515152,0.464646465,1.617795207,6.497
0.651515152,0.477272727,1.643638581,6.59851
0.651515152,0.48989899,1.669481955,6.69421
0.651515152,0.502525253,1.695325329,6.784260000000001
0.651515152,0.515151515,1.721168702,6.86881
0.651515152,0.527777778,1.747012076,6.948
0.651515152,0.54040404,1.77285545,7.0219700000000005
0.651515152,0.553030303,1.798698824,7.09089
0.651515152,0.565656566,1.824542198,7.15489
0.651515152,0.578282828,1.850385572,7.21413
0.651515152,0.590909091,1.876228946,7.26875
0.651515152,0.603535354,1.90207232,7.31891
0.651515152,0.616161616,1.927915694,7.36474
0.651515152,0.628787879,1.953759068,7.40641
0.651515152,0.641414141,1.979602442,7.44405
0.651515152,0.654040404,2.005445815,7.47782
0.651515152,0.666666667,2.031289189,7.5078700000000005
0.651515152,0.679292929,2.057132563,7.534330000000001
0.651515152,0.691919192,2.082975937,7.557370000000001
0.651515152,0.704545455,2.108819311,7.57713
0.651515152,0.717171717,2.134662685,7.5937600000000005
0.651515152,0.72979798,2.160506059,7.607410000000001
0.651515152,0.742424242,2.186349433,7.61822
0.651515152,0.755050505,2.212192807,7.62634
0.651515152,0.767676768,2.238036181,7.6319300000000005
0.651515152,0.78030303,2.263879555,7.63513
0.651515152,0.792929293,2.289722928,7.63609
0.651515152,0.805555556,2.315566302,7.63495
0.651515152,0.818181818,2.341409676,7.63187
0.651515152,0.830808081,2.36725305,7.627000000000001
0.651515152,0.843434343,2.393096424,7.620480000000001
0.651515152,0.856060606,2.418939798,7.6124600000000004
0.651515152,0.868686869,2.444783172,7.60309
0.651515152,0.881313131,2.470626546,7.59252
0.651515152,0.893939394,2.49646992,7.580900000000001
0.651515152,0.906565657,2.522313294,7.56837
0.651515152,0.919191919,2.548156668,7.55509
0.651515152,0.931818182,2.574000041,7.5412
0.651515152,0.944444444,2.599843415,7.52684
0.651515152,0.957070707,2.625686789,7.51218
0.651515152,0.96969697,2.651530163,7.4973600000000005
0.651515152,0.982323232,2.677373537,7.48252
0.651515152,0.994949495,2.703216911,7.467820000000001
0.651515152,1.007575758,2.729060285,7.4534
0.651515152,1.02020202,2.754903659,7.4394100000000005
0.651515152,1.032828283,2.780747033,7.426
0.651515152,1.045454545,2.806590407,7.413320000000001
0.651515152,1.058080808,2.832433781,7.4015200000000005
0.651515152,1.070707071,2.858277154,7.39074
0.651515152,1.083333333,2.884120528,7.38114
0.651515152,1.095959596,2.909963902,7.37286
0.651515152,1.108585859,2.935807276,7.36605
0.651515152,1.121212121,2.96165065,7.36085
0.651515152,1.133838384,2.987494024,7.35743
0.651515152,1.146464646,3.013337398,7.35592
0.651515152,1.159090909,3.039180772,7.35648
0.651515152,1.171717172,3.065024146,7.35925
0.651515152,1.184343434,3.09086752,7.364380000000001
0.651515152,1.196969697,3.116710894,7.37202
0.651515152,1.20959596,3.142554268,7.38232
0.651515152,1.222222222,3.168397641,7.39543
0.651515152,1.234848485,3.194241015,7.411490000000001
0.651515152,1.247474747,3.220084389,7.43065
0.651515152,1.26010101,3.245927763,7.45307
0.651515152,1.272727273,3.271771137,7.47889
0.651515152,1.285353535,3.297614511,7.50826
0.651515152,1.297979798,3.323457885,7.54132
0.651515152,1.310606061,3.349301259,7.5782300000000005
0.651515152,1.323232323,3.375144633,7.61914
0.651515152,1.335858586,3.400988007,7.6641900000000005
0.651515152,1.348484848,3.426831381,7.71353
0.651515152,1.361111111,3.452674754,7.7673000000000005
0.651515152,1.373737374,3.478518128,7.825670000000001
0.651515152,1.386363636,3.504361502,7.888780000000001
0.651515152,1.398989899,3.530204876,7.956770000000001
0.651515152,1.411616162,3.55604825,8.02979
0.651515152,1.424242424,3.581891624,8.107990000000001
0.651515152,1.436868687,3.607734998,8.19153
0.651515152,1.449494949,3.633578372,8.28055
0.651515152,1.462121212,3.659421746,8.37519
0.651515152,1.474747475,3.68526512,8.47561
0.651515152,1.487373737,3.711108494,8.58195
0.651515152,1.5,3.736951867,8.69436
0.666666667,0.338383838,1.406841155,5.08634
0.666666667,0.351010101,1.433285537,5.25636
0.666666667,0.363636364,1.45972992,5.41908
0.666666667,0.376262626,1.486174302,5.5746400000000005
0.666666667,0.388888889,1.512618685,5.72319
0.666666667,0.401515152,1.539063068,5.86488
0.666666667,0.414141414,1.56550745,5.99986
0.666666667,0.426767677,1.591951833,6.1282700000000006
0.666666667,0.439393939,1.618396215,6.25027
0.666666667,0.452020202,1.644840598,6.3660000000000005
0.666666667,0.464646465,1.671284981,6.4756100000000005
0.666666667,0.477272727,1.697729363,6.57924
0.666666667,0.48989899,1.724173746,6.67705
0.666666667,0.502525253,1.750618129,6.76919
0.666666667,0.515151515,1.777062511,6.85579
0.666666667,0.527777778,1.803506894,6.93702
0.666666667,0.54040404,1.829951276,7.01301
0.666666667,0.553030303,1.856395659,7.08392
0.666666667,0.565656566,1.882840042,7.14989
0.666666667,0.578282828,1.909284424,7.21107
0.666666667,0.590909091,1.935728807,7.26761
0.666666667,0.603535354,1.962173189,7.31966
0.666666667,0.616161616,1.988617572,7.367360000000001
0.666666667,0.628787879,2.015061955,7.41087
0.666666667,0.641414141,2.041506337,7.4503200000000005
0.666666667,0.654040404,2.06795072,7.48588
0.666666667,0.666666667,2.094395102,7.51768
0.666666667,0.679292929,2.120839485,7.54588
0.666666667,0.691919192,2.147283868,7.57062
0.666666667,0.704545455,2.17372825,7.59205
0.666666667,0.717171717,2.200172633,7.610320000000001
0.666666667,0.72979798,2.226617015,7.62558
0.666666667,0.742424242,2.253061398,7.63797
0.666666667,0.755050505,2.279505781,7.64764
0.666666667,0.767676768,2.305950163,7.65475
0.666666667,0.78030303,2.332394546,7.65943
0.666666667,0.792929293,2.358838928,7.661840000000001
0.666666667,0.805555556,2.385283311,7.66213
0.666666667,0.818181818,2.411727694,7.66043
0.666666667,0.830808081,2.438172076,7.65691
0.666666667,0.843434343,2.464616459,7.6517100000000005
0.666666667,0.856060606,2.491060841,7.64497
0.666666667,0.868686869,2.517505224,7.63685
0.666666667,0.881313131,2.543949607,7.62749
0.666666667,0.893939394,2.570393989,7.61704
0.666666667,0.906565657,2.596838372,7.60565
0.666666667,0.919191919,2.623282755,7.59346
0.666666667,0.931818182,2.649727137,7.58063
0.666666667,0.944444444,2.67617152,7.5673
0.666666667,0.957070707,2.702615902,7.5536200000000004
0.666666667,0.96969697,2.729060285,7.53974
0.666666667,0.982323232,2.755504668,7.52581
0.666666667,0.994949495,2.78194905,7.51197
0.666666667,1.007575758,2.808393433,7.49837
0.666666667,1.02020202,2.834837815,7.4851600000000005
0.666666667,1.032828283,2.861282198,7.4724900000000005
0.666666667,1.045454545,2.887726581,7.46051
0.666666667,1.058080808,2.914170963,7.44936
0.666666667,1.070707071,2.940615346,7.43919
0.666666667,1.083333333,2.967059728,7.43015
0.666666667,1.095959596,2.993504111,7.42239
0.666666667,1.108585859,3.019948494,7.41605
0.666666667,1.121212121,3.046392876,7.41129
0.666666667,1.133838384,3.072837259,7.408250000000001
0.666666667,1.146464646,3.099281641,7.40709
0.666666667,1.159090909,3.125726024,7.40793
0.666666667,1.171717172,3.152170407,7.410950000000001
0.666666667,1.184343434,3.178614789,7.41628
0.666666667,1.196969697,3.205059172,7.42406
0.666666667,1.20959596,3.231503554,7.4344600000000005
0.666666667,1.222222222,3.257947937,7.447620000000001
0.666666667,1.234848485,3.28439232,7.46368
0.666666667,1.247474747,3.310836702,7.4828
0.666666667,1.26010101,3.337281085,7.50511
0.666666667,1.272727273,3.363725467,7.53078
0.666666667,1.285353535,3.39016985,7.55994
0.666666667,1.297979798,3.416614233,7.5927500000000006
0.666666667,1.310606061,3.443058615,7.62936
0.666666667,1.323232323,3.469502998,7.6699
0.666666667,1.335858586,3.495947381,7.71453
0.666666667,1.348484848,3.522391763,7.7634
0.666666667,1.361111111,3.548836146,7.816660000000001
0.666666667,1.373737374,3.575280528,7.87445
0.666666667,1.386363636,3.601724911,7.936920000000001
0.666666667,1.398989899,3.628169294,8.00422
0.666666667,1.411616162,3.654613676,8.07649
0.666666667,1.424242424,3.681058059,8.15389
0.666666667,1.436868687,3.707502441,8.23657
0.666666667,1.449494949,3.733946824,8.32466
0.666666667,1.462121212,3.760391207,8.418330000000001
0.666666667,1.474747475,3.786835589,8.517710000000001
0.666666667,1.487373737,3.813279972,8.62295
0.666666667,1.5,3.839724354,8.734210000000001
0.681818182,0.351010101,1.482087443,5.21612
0.681818182,0.363636364,1.509132835,5.3811800000000005
0.681818182,0.376262626,1.536178226,5.53906
0.681818182,0.388888889,1.563223617,5.68991
0.681818182,0.401515152,1.590269009,5.83389
0.681818182,0.414141414,1.6173144,5.9711300000000005
0.681818182,0.426767677,1.644359791,6.10178
0.681818182,0.439393939,1.671405182,6.22599
0.681818182,0.452020202,1.698450574,6.34392
0.681818182,0.464646465,1.725495965,6.4557
0.681818182,0.477272727,1.752541356,6.56148
0.681818182,0.48989899,1.779586748,6.66141
0.681818182,0.502525253,1.806632139,6.75565
0.681818182,0.515151515,1.83367753,6.84433
0.681818182,0.527777778,1.860722922,6.9276
0.681818182,0.54040404,1.887768313,7.00562
0.681818182,0.553030303,1.914813704,7.07852
0.681818182,0.565656566,1.941859095,7.14647
0.681818182,0.578282828,1.968904487,7.20959
0.681818182,0.590909091,1.995949878,7.268050000000001
0.681818182,0.603535354,2.022995269,7.32199
0.681818182,0.616161616,2.050040661,7.37155
0.681818182,0.628787879,2.077086052,7.41689
0.681818182,0.641414141,2.104131443,7.45815
0.681818182,0.654040404,2.131176835,7.495480000000001
0.681818182,0.666666667,2.158222226,7.52902
0.681818182,0.679292929,2.185267617,7.55893
0.681818182,0.691919192,2.212313008,7.58535
0.681818182,0.704545455,2.2393584,7.60844
0.681818182,0.717171717,2.266403791,7.62833
0.681818182,0.72979798,2.293449182,7.64517
0.681818182,0.742424242,2.320494574,7.65911
0.681818182,0.755050505,2.347539965,7.670310000000001
0.681818182,0.767676768,2.374585356,7.6789000000000005
0.681818182,0.78030303,2.401630748,7.68504
0.681818182,0.792929293,2.428676139,7.6888700000000005
0.681818182,0.805555556,2.45572153,7.69053
0.681818182,0.818181818,2.482766921,7.69019
0.681818182,0.830808081,2.509812313,7.6879800000000005
0.681818182,0.843434343,2.536857704,7.68405
0.681818182,0.856060606,2.563903095,7.67855
0.681818182,0.868686869,2.590948487,7.67163
0.681818182,0.881313131,2.617993878,7.6634400000000005
0.681818182,0.893939394,2.645039269,7.65412
0.681818182,0.906565657,2.672084661,7.64381
0.681818182,0.919191919,2.699130052,7.632680000000001
0.681818182,0.931818182,2.726175443,7.62086
0.681818182,0.944444444,2.753220834,7.6085
0.681818182,0.957070707,2.780266226,7.595750000000001
0.681818182,0.96969697,2.807311617,7.58276
0.681818182,0.982323232,2.834357008,7.56968
0.681818182,0.994949495,2.8614024,7.55664
0.681818182,1.007575758,2.888447791,7.543810000000001
0.681818182,1.02020202,2.915493182,7.5313300000000005
0.681818182,1.032828283,2.942538574,7.519340000000001
0.681818182,1.045454545,2.969583965,7.50799
0.681818182,1.058080808,2.996629356,7.49744
0.681818182,1.070707071,3.023674748,7.48782
0.681818182,1.083333333,3.050720139,7.47928
0.681818182,1.095959596,3.07776553,7.47198
0.681818182,1.108585859,3.104810921,7.466060000000001
0.681818182,1.121212121,3.131856313,7.46167
0.681818182,1.133838384,3.158901704,7.45896
0.681818182,1.146464646,3.185947095,7.458060000000001
0.681818182,1.159090909,3.212992487,7.4591400000000005
0.681818182,1.171717172,3.240037878,7.46234
0.681818182,1.184343434,3.267083269,7.4678
0.681818182,1.196969697,3.294128661,7.47567
0.681818182,1.20959596,3.321174052,7.48611
0.681818182,1.222222222,3.348219443,7.49925
0.681818182,1.234848485,3.375264834,7.51525
0.681818182,1.247474747,3.402310226,7.53425
0.681818182,1.26010101,3.429355617,7.5564
0.681818182,1.272727273,3.456401008,7.58185
0.681818182,1.285353535,3.4834464,7.61075
0.681818182,1.297979798,3.510491791,7.6432400000000005
0.681818182,1.310606061,3.537537182,7.67947
0.681818182,1.323232323,3.564582574,7.71959
0.681818182,1.335858586,3.591627965,7.76375
0.681818182,1.348484848,3.618673356,7.81209
0.681818182,1.361111111,3.645718747,7.86476
0.681818182,1.373737374,3.672764139,7.9219100000000005
0.681818182,1.386363636,3.69980953,7.9836800000000006
0.681818182,1.398989899,3.726854921,8.05023
0.681818182,1.411616162,3.753900313,8.1217
0.681818182,1.424242424,3.780945704,8.19824
0.681818182,1.436868687,3.807991095,8.27999
0.681818182,1.449494949,3.835036487,8.36711
0.681818182,1.462121212,3.862081878,8.45974
0.681818182,1.474747475,3.889127269,8.55803
0.681818182,1.487373737,3.91617266,8.66213
0.681818182,1.5,3.943218052,8.772170000000001
0.696969697,0.351010101,1.53161056,5.17676
0.696969697,0.363636364,1.55925696,5.34421
0.696969697,0.376262626,1.58690336,5.50446
0.696969697,0.388888889,1.61454976,5.65766
0.696969697,0.401515152,1.64219616,5.80396
0.696969697,0.414141414,1.66984256,5.9435
0.696969697,0.426767677,1.69748896,6.076420000000001
0.696969697,0.439393939,1.72513536,6.20288
0.696969697,0.452020202,1.75278176,6.32303
0.696969697,0.464646465,1.78042816,6.43701
0.696969697,0.477272727,1.80807456,6.5449600000000006
0.696969697,0.48989899,1.83572096,6.6470400000000005
0.696969697,0.502525253,1.86336736,6.74339
0.696969697,0.515151515,1.89101376,6.83416
0.696969697,0.527777778,1.91866016,6.9195
0.696969697,0.54040404,1.94630656,6.9995400000000005
0.696969697,0.553030303,1.97395296,7.074450000000001
0.696969697,0.565656566,2.00159936,7.14437
0.696969697,0.578282828,2.02924576,7.20944
0.696969697,0.590909091,2.05689216,7.26982
0.696969697,0.603535354,2.08453856,7.32564
0.696969697,0.616161616,2.11218496,7.37706
0.696969697,0.628787879,2.13983136,7.42422
0.696969697,0.641414141,2.16747776,7.46727
0.696969697,0.654040404,2.19512416,7.50636
0.696969697,0.666666667,2.22277056,7.54164
0.696969697,0.679292929,2.25041696,7.57325
0.696969697,0.691919192,2.27806336,7.60133
0.696969697,0.704545455,2.30570976,7.626040000000001
0.696969697,0.717171717,2.33335616,7.647530000000001
0.696969697,0.72979798,2.36100256,7.66594
0.696969697,0.742424242,2.38864896,7.6814100000000005
0.696969697,0.755050505,2.41629536,7.694100000000001
0.696969697,0.767676768,2.44394176,7.70415
0.696969697,0.78030303,2.47158816,7.7117
0.696969697,0.792929293,2.49923456,7.71692
0.696969697,0.805555556,2.52688096,7.71994
0.696969697,0.818181818,2.55452736,7.72091
0.696969697,0.830808081,2.58217376,7.71997
0.696969697,0.843434343,2.60982016,7.717280000000001
0.696969697,0.856060606,2.63746656,7.71298
0.696969697,0.868686869,2.66511296,7.70723
0.696969697,0.881313131,2.69275936,7.70015
0.696969697,0.893939394,2.72040576,7.69191
0.696969697,0.906565657,2.74805216,7.682650000000001
0.696969697,0.919191919,2.77569856,7.6725200000000005
0.696969697,0.931818182,2.80334496,7.66167
0.696969697,0.944444444,2.83099136,7.6502300000000005
0.696969697,0.957070707,2.85863776,7.6383600000000005
0.696969697,0.96969697,2.88628416,7.62621
0.696969697,0.982323232,2.91393056,7.61393
0.696969697,0.994949495,2.94157696,7.60165
0.696969697,1.007575758,2.96922336,7.58953
0.696969697,1.02020202,2.99686976,7.57772
0.696969697,1.032828283,3.02451616,7.56635
0.696969697,1.045454545,3.05216256,7.5555900000000005
0.696969697,1.058080808,3.07980896,7.5455700000000006
0.696969697,1.070707071,3.10745536,7.53645
0.696969697,1.083333333,3.13510176,7.52836
0.696969697,1.095959596,3.16274816,7.52146
0.696969697,1.108585859,3.19039456,7.5159
0.696969697,1.121212121,3.21804096,7.51182
0.696969697,1.133838384,3.24568736,7.5093700000000005
0.696969697,1.146464646,3.27333376,7.5086900000000005
0.696969697,1.159090909,3.30098016,7.50994
0.696969697,1.171717172,3.32862656,7.51325
0.696969697,1.184343434,3.35627296,7.51879
0.696969697,1.196969697,3.38391936,7.52669
0.696969697,1.20959596,3.41156576,7.537100000000001
0.696969697,1.222222222,3.43921216,7.5501700000000005
0.696969697,1.234848485,3.46685856,7.56604
0.696969697,1.247474747,3.49450496,7.5848700000000004
0.696969697,1.26010101,3.52215136,7.606800000000001
0.696969697,1.272727273,3.54979776,7.63198
0.696969697,1.285353535,3.57744416,7.660550000000001
0.696969697,1.297979798,3.60509056,7.69266
0.696969697,1.310606061,3.63273696,7.72846
0.696969697,1.323232323,3.66038336,7.7681000000000004
0.696969697,1.335858586,3.68802976,7.81172
0.696969697,1.348484848,3.71567616,7.85947
0.696969697,1.361111111,3.74332256,7.9115
0.696969697,1.373737374,3.77096896,7.96795
0.696969697,1.386363636,3.79861536,8.028970000000001
0.696969697,1.398989899,3.82626176,8.094710000000001
0.696969697,1.411616162,3.85390816,8.16532
0.696969697,1.424242424,3.88155456,8.24094
0.696969697,1.436868687,3.90920096,8.321720000000001
0.696969697,1.449494949,3.93684736,8.40781
0.696969697,1.462121212,3.96449376,8.499360000000001
0.696969697,1.474747475,3.99214016,8.5965
0.696969697,1.487373737,4.01978656,8.699390000000001
0.696969697,1.5,4.04743296,8.80818
0.712121212,0.363636364,1.610102295,5.30793
0.712121212,0.376262626,1.638349704,5.4705900000000005
0.712121212,0.388888889,1.666597113,5.62618
0.712121212,0.401515152,1.694844522,5.77484
0.712121212,0.414141414,1.72309193,5.91671
0.712121212,0.426767677,1.751339339,6.051950000000001
0.712121212,0.439393939,1.779586748,6.18069
0.712121212,0.452020202,1.807834156,6.3030800000000005
0.712121212,0.464646465,1.836081565,6.4192800000000005
0.712121212,0.477272727,1.864328974,6.5294300000000005
0.712121212,0.48989899,1.892576382,6.63367
0.712121212,0.502525253,1.920823791,6.73215
0.712121212,0.515151515,1.9490712,6.82503
0.712121212,0.527777778,1.977318608,6.91244
0.712121212,0.54040404,2.005566017,6.99453
0.712121212,0.553030303,2.033813426,7.0714500000000005
0.712121212,0.565656566,2.062060835,7.14335
0.712121212,0.578282828,2.090308243,7.21037
0.712121212,0.590909091,2.118555652,7.27266
0.712121212,0.603535354,2.146803061,7.33037
0.712121212,0.616161616,2.175050469,7.383640000000001
0.712121212,0.628787879,2.203297878,7.43262
0.712121212,0.641414141,2.231545287,7.47745
0.712121212,0.654040404,2.259792695,7.51829
0.712121212,0.666666667,2.288040104,7.555280000000001
0.712121212,0.679292929,2.316287513,7.58857
0.712121212,0.691919192,2.344534921,7.61831
0.712121212,0.704545455,2.37278233,7.64463
0.712121212,0.717171717,2.401029739,7.66769
0.712121212,0.72979798,2.429277148,7.68764
0.712121212,0.742424242,2.457524556,7.704610000000001
0.712121212,0.755050505,2.485771965,7.71877
0.712121212,0.767676768,2.514019374,7.73025
0.712121212,0.78030303,2.542266782,7.7392
0.712121212,0.792929293,2.570514191,7.74577
0.712121212,0.805555556,2.5987616,7.75011
0.712121212,0.818181818,2.627009008,7.75235
0.712121212,0.830808081,2.655256417,7.7526600000000006
0.712121212,0.843434343,2.683503826,7.75117
0.712121212,0.856060606,2.711751235,7.7480400000000005
0.712121212,0.868686869,2.739998643,7.7434
0.712121212,0.881313131,2.768246052,7.737410000000001
0.712121212,0.893939394,2.796493461,7.7302100000000005
0.712121212,0.906565657,2.824740869,7.7219500000000005
0.712121212,0.919191919,2.852988278,7.71278
0.712121212,0.931818182,2.881235687,7.70284
0.712121212,0.944444444,2.909483095,7.69229
0.712121212,0.957070707,2.937730504,7.68125
0.712121212,0.96969697,2.965977913,7.6699
0.712121212,0.982323232,2.994225321,7.65836
0.712121212,0.994949495,3.02247273,7.64679
0.712121212,1.007575758,3.050720139,7.635330000000001
0.712121212,1.02020202,3.078967548,7.62413
0.712121212,1.032828283,3.107214956,7.6133500000000005
0.712121212,1.045454545,3.135462365,7.60311
0.712121212,1.058080808,3.163709774,7.59358
0.712121212,1.070707071,3.191957182,7.584890000000001
0.712121212,1.083333333,3.220204591,7.5772
0.712121212,1.095959596,3.248452,7.5706500000000005
0.712121212,1.108585859,3.276699408,7.56539
0.712121212,1.121212121,3.304946817,7.561570000000001
0.712121212,1.133838384,3.333194226,7.5593200000000005
0.712121212,1.146464646,3.361441634,7.55881
0.712121212,1.159090909,3.389689043,7.56017
0.712121212,1.171717172,3.417936452,7.56355
0.712121212,1.184343434,3.446183861,7.569100000000001
0.712121212,1.196969697,3.474431269,7.57697
0.712121212,1.20959596,3.502678678,7.5873
0.712121212,1.222222222,3.530926087,7.60024
0.712121212,1.234848485,3.559173495,7.6159300000000005
0.712121212,1.247474747,3.587420904,7.63453
0.712121212,1.26010101,3.615668313,7.65618
0.712121212,1.272727273,3.643915721,7.68102
0.712121212,1.285353535,3.67216313,7.709210000000001
0.712121212,1.297979798,3.700410539,7.74089
0.712121212,1.310606061,3.728657947,7.7762
0.712121212,1.323232323,3.756905356,7.815300000000001
0.712121212,1.335858586,3.785152765,7.8583300000000005
0.712121212,1.348484848,3.813400174,7.9054400000000005
0.712121212,1.361111111,3.841647582,7.956770000000001
0.712121212,1.373737374,3.869894991,8.01247
0.712121212,1.386363636,3.8981424,8.07269
0.712121212,1.398989899,3.926389808,8.13757
0.712121212,1.411616162,3.954637217,8.20727
0.712121212,1.424242424,3.982884626,8.28192
0.712121212,1.436868687,4.011132034,8.36168
0.712121212,1.449494949,4.039379443,8.44669
0.712121212,1.462121212,4.067626852,8.5371
0.712121212,1.474747475,4.09587426,8.63305
0.712121212,1.487373737,4.124121669,8.7347
0.712121212,1.5,4.152369078,8.84218
0.727272727,0.363636364,1.661668842,5.27208
0.727272727,0.376262626,1.690517259,5.43721
0.727272727,0.388888889,1.719365676,5.59523
0.727272727,0.401515152,1.748214094,5.7462800000000005
0.727272727,0.414141414,1.777062511,5.89053
0.727272727,0.426767677,1.805910929,6.0281
0.727272727,0.439393939,1.834759346,6.15915
0.727272727,0.452020202,1.863607763,6.28382
0.727272727,0.464646465,1.892456181,6.402270000000001
0.727272727,0.477272727,1.921304598,6.51463
0.727272727,0.48989899,1.950153015,6.62106
0.727272727,0.502525253,1.979001433,6.721690000000001
0.727272727,0.515151515,2.00784985,6.81668
0.727272727,0.527777778,2.036698268,6.90618
0.727272727,0.54040404,2.065546685,6.9903200000000005
0.727272727,0.553030303,2.094395102,7.06927
0.727272727,0.565656566,2.12324352,7.14315
0.727272727,0.578282828,2.152091937,7.2121200000000005
0.727272727,0.590909091,2.180940355,7.276330000000001
0.727272727,0.603535354,2.209788772,7.335920000000001
0.727272727,0.616161616,2.238637189,7.391030000000001
0.727272727,0.628787879,2.267485607,7.44183
0.727272727,0.641414141,2.296334024,7.488440000000001
0.727272727,0.654040404,2.325182441,7.53102
0.727272727,0.666666667,2.354030859,7.56972
0.727272727,0.679292929,2.382879276,7.60468
0.727272727,0.691919192,2.411727694,7.63604
0.727272727,0.704545455,2.440576111,7.66396
0.727272727,0.717171717,2.469424528,7.68858
0.727272727,0.72979798,2.498272946,7.71004
0.727272727,0.742424242,2.527121363,7.7285
0.727272727,0.755050505,2.555969781,7.7441
0.727272727,0.767676768,2.584818198,7.75698
0.727272727,0.78030303,2.613666615,7.7673000000000005
0.727272727,0.792929293,2.642515033,7.7752
0.727272727,0.805555556,2.67136345,7.78082
0.727272727,0.818181818,2.700211868,7.78432
0.727272727,0.830808081,2.729060285,7.78583
0.727272727,0.843434343,2.757908702,7.78551
0.727272727,0.856060606,2.78675712,7.7835
0.727272727,0.868686869,2.815605537,7.77995
0.727272727,0.881313131,2.844453954,7.775
0.727272727,0.893939394,2.873302372,7.76881
0.727272727,0.906565657,2.902150789,7.76151
0.727272727,0.919191919,2.930999207,7.75326
0.727272727,0.931818182,2.959847624,7.744190000000001
0.727272727,0.944444444,2.988696041,7.73447
0.727272727,0.957070707,3.017544459,7.72423
0.727272727,0.96969697,3.046392876,7.71361
0.727272727,0.982323232,3.075241294,7.702780000000001
0.727272727,0.994949495,3.104089711,7.691870000000001
0.727272727,1.007575758,3.132938128,7.68103
0.727272727,1.02020202,3.161786546,7.6704
0.727272727,1.032828283,3.190634963,7.66014
0.727272727,1.045454545,3.219483381,7.65038
0.727272727,1.058080808,3.248331798,7.64128
0.727272727,1.070707071,3.277180215,7.63299
0.727272727,1.083333333,3.306028633,7.625640000000001
0.727272727,1.095959596,3.33487705,7.61939
0.727272727,1.108585859,3.363725467,7.614380000000001
0.727272727,1.121212121,3.392573885,7.61075
0.727272727,1.133838384,3.421422302,7.60867
0.727272727,1.146464646,3.45027072,7.6082600000000005
0.727272727,1.159090909,3.479119137,7.60968
0.727272727,1.171717172,3.507967554,7.6130700000000004
0.727272727,1.184343434,3.536815972,7.61859
0.727272727,1.196969697,3.565664389,7.6263700000000005
0.727272727,1.20959596,3.594512807,7.63657
0.727272727,1.222222222,3.623361224,7.64932
0.727272727,1.234848485,3.652209641,7.66478
0.727272727,1.247474747,3.681058059,7.6831000000000005
0.727272727,1.26010101,3.709906476,7.70441
0.727272727,1.272727273,3.738754894,7.728870000000001
0.727272727,1.285353535,3.767603311,7.75663
0.727272727,1.297979798,3.796451728,7.78782
0.727272727,1.310606061,3.825300146,7.82259
0.727272727,1.323232323,3.854148563,7.8611
0.727272727,1.335858586,3.88299698,7.903490000000001
0.727272727,1.348484848,3.911845398,7.9499
0.727272727,1.361111111,3.940693815,8.000490000000001
0.727272727,1.373737374,3.969542233,8.055390000000001
0.727272727,1.386363636,3.99839065,8.11476
0.727272727,1.398989899,4.027239067,8.17873
0.727272727,1.411616162,4.056087485,8.24747
0.727272727,1.424242424,4.084935902,8.321110000000001
0.727272727,1.436868687,4.11378432,8.3998
0.727272727,1.449494949,4.142632737,8.48368
0.727272727,1.462121212,4.171481154,8.57291
0.727272727,1.474747475,4.200329572,8.66763
0.727272727,1.487373737,4.229177989,8.767990000000001
0.727272727,1.5,4.258026407,8.87412
0.742424242,0.376262626,1.743406024,5.40405
0.742424242,0.388888889,1.77285545,5.56454
0.742424242,0.401515152,1.802304876,5.71804
0.742424242,0.414141414,1.831754302,5.86469
0.742424242,0.426767677,1.861203729,6.00464
0.742424242,0.439393939,1.890653155,6.1380300000000005
0.742424242,0.452020202,1.920102581,6.26501
0.742424242,0.464646465,1.949552007,6.385730000000001
0.742424242,0.477272727,1.979001433,6.50033
0.742424242,0.48989899,2.008450859,6.608960000000001
0.742424242,0.502525253,2.037900285,6.71176
0.742424242,0.515151515,2.067349711,6.80889
0.742424242,0.527777778,2.096799137,6.90048
0.742424242,0.54040404,2.126248563,6.98669
0.742424242,0.553030303,2.155697989,7.06766
0.742424242,0.565656566,2.185147415,7.14353
0.742424242,0.578282828,2.214596842,7.21446
0.742424242,0.590909091,2.244046268,7.2805800000000005
0.742424242,0.603535354,2.273495694,7.34206
0.742424242,0.616161616,2.30294512,7.39902
0.742424242,0.628787879,2.332394546,7.45162
0.742424242,0.641414141,2.361843972,7.5
0.742424242,0.654040404,2.391293398,7.54432
0.742424242,0.666666667,2.420742824,7.58471
0.742424242,0.679292929,2.45019225,7.62132
0.742424242,0.691919192,2.479641676,7.6543
0.742424242,0.704545455,2.509091102,7.683800000000001
0.742424242,0.717171717,2.538540528,7.709960000000001
0.742424242,0.72979798,2.567989955,7.73292
0.742424242,0.742424242,2.597439381,7.75284
0.742424242,0.755050505,2.626888807,7.76986
0.742424242,0.767676768,2.656338233,7.78413
0.742424242,0.78030303,2.685787659,7.795780000000001
0.742424242,0.792929293,2.715237085,7.8049800000000005
0.742424242,0.805555556,2.744686511,7.81186
0.742424242,0.818181818,2.774135937,7.8165700000000005
0.742424242,0.830808081,2.803585363,7.81926
0.742424242,0.843434343,2.833034789,7.82008
0.742424242,0.856060606,2.862484215,7.81916
0.742424242,0.868686869,2.891933641,7.816660000000001
0.742424242,0.881313131,2.921383068,7.8127200000000006
0.742424242,0.893939394,2.950832494,7.8074900000000005
0.742424242,0.906565657,2.98028192,7.80112
0.742424242,0.919191919,3.009731346,7.79375
0.742424242,0.931818182,3.039180772,7.78552
0.742424242,0.944444444,3.068630198,7.776590000000001
0.742424242,0.957070707,3.098079624,7.7670900000000005
0.742424242,0.96969697,3.12752905,7.7571900000000005
0.742424242,0.982323232,3.156978476,7.74701
0.742424242,0.994949495,3.186427902,7.73671
0.742424242,1.007575758,3.215877328,7.72644
0.742424242,1.02020202,3.245326754,7.716340000000001
0.742424242,1.032828283,3.274776181,7.7065600000000005
0.742424242,1.045454545,3.304225607,7.69724
0.742424242,1.058080808,3.333675033,7.68853
0.742424242,1.070707071,3.363124459,7.68057
0.742424242,1.083333333,3.392573885,7.67352
0.742424242,1.095959596,3.422023311,7.66751
0.742424242,1.108585859,3.451472737,7.6627
0.742424242,1.121212121,3.480922163,7.65923
0.742424242,1.133838384,3.510371589,7.65725
0.742424242,1.146464646,3.539821015,7.6569
0.742424242,1.159090909,3.569270441,7.65833
0.742424242,1.171717172,3.598719867,7.66169
0.742424242,1.184343434,3.628169294,7.667120000000001
0.742424242,1.196969697,3.65761872,7.6747700000000005
0.742424242,1.20959596,3.687068146,7.68478
0.742424242,1.222222222,3.716517572,7.6973
0.742424242,1.234848485,3.745966998,7.71248
0.742424242,1.247474747,3.775416424,7.73046
0.742424242,1.26010101,3.80486585,7.751390000000001
0.742424242,1.272727273,3.834315276,7.77542
0.742424242,1.285353535,3.863764702,7.80269
0.742424242,1.297979798,3.893214128,7.833340000000001
0.742424242,1.310606061,3.922663554,7.86753
0.742424242,1.323232323,3.95211298,7.90541
0.742424242,1.335858586,3.981562407,7.94711
0.742424242,1.348484848,4.011011833,7.992780000000001
0.742424242,1.361111111,4.040461259,8.04257
0.742424242,1.373737374,4.069910685,8.09662
0.742424242,1.386363636,4.099360111,8.15509
0.742424242,1.398989899,4.128809537,8.21812
0.742424242,1.411616162,4.158258963,8.28585
0.742424242,1.424242424,4.187708389,8.35843
0.742424242,1.436868687,4.217157815,8.43601
0.742424242,1.449494949,4.246607241,8.51873
0.742424242,1.462121212,4.276056667,8.60674
0.742424242,1.474747475,4.305506093,8.70018
0.742424242,1.487373737,4.33495552,8.79921
0.742424242,1.5,4.364404946,8.90396
0.757575758,0.388888889,1.827066435,5.5339
0.757575758,0.401515152,1.857116869,5.6898800000000005
0.757575758,0.414141414,1.887167304,5.83897
0.757575758,0.426767677,1.917217739,5.98132
0.757575758,0.439393939,1.947268174,6.1170800000000005
0.757575758,0.452020202,1.977318608,6.2464
0.757575758,0.464646465,2.007369043,6.36941
0.757575758,0.477272727,2.037419478,6.48627
0.757575758,0.48989899,2.067469913,6.59713
0.757575758,0.502525253,2.097520348,6.70212
0.757575758,0.515151515,2.127570782,6.8014
0.757575758,0.527777778,2.157621217,6.8951
0.757575758,0.54040404,2.187671652,6.98338
0.757575758,0.553030303,2.217722087,7.06639
0.757575758,0.565656566,2.247772522,7.14426
0.757575758,0.578282828,2.277822956,7.21715
0.757575758,0.590909091,2.307873391,7.285200000000001
0.757575758,0.603535354,2.337923826,7.34855
0.757575758,0.616161616,2.367974261,7.407360000000001
0.757575758,0.628787879,2.398024695,7.46176
0.757575758,0.641414141,2.42807513,7.51191
0.757575758,0.654040404,2.458125565,7.55795
0.757575758,0.666666667,2.488176,7.600020000000001
0.757575758,0.679292929,2.518226435,7.63828
0.757575758,0.691919192,2.548276869,7.6728700000000005
0.757575758,0.704545455,2.578327304,7.703930000000001
0.757575758,0.717171717,2.608377739,7.73161
0.757575758,0.72979798,2.638428174,7.756060000000001
0.757575758,0.742424242,2.668478608,7.77742
0.757575758,0.755050505,2.698529043,7.79584
0.757575758,0.767676768,2.728579478,7.81146
0.757575758,0.78030303,2.758629913,7.82444
0.757575758,0.792929293,2.788680348,7.83491
0.757575758,0.805555556,2.818730782,7.84302
0.757575758,0.818181818,2.848781217,7.84893
0.757575758,0.830808081,2.878831652,7.85276
0.757575758,0.843434343,2.908882087,7.85468
0.757575758,0.856060606,2.938932521,7.854830000000001
0.757575758,0.868686869,2.968982956,7.85334
0.757575758,0.881313131,2.999033391,7.85038
0.757575758,0.893939394,3.029083826,7.846080000000001
0.757575758,0.906565657,3.059134261,7.8406
0.757575758,0.919191919,3.089184695,7.83406
0.757575758,0.931818182,3.11923513,7.82664
0.757575758,0.944444444,3.149285565,7.81846
0.757575758,0.957070707,3.179336,7.809670000000001
0.757575758,0.96969697,3.209386434,7.80043
0.757575758,0.982323232,3.239436869,7.79087
0.757575758,0.994949495,3.269487304,7.78115
0.757575758,1.007575758,3.299537739,7.77141
0.757575758,1.02020202,3.329588174,7.76179
0.757575758,1.032828283,3.359638608,7.75244
0.757575758,1.045454545,3.389689043,7.743510000000001
0.757575758,1.058080808,3.419739478,7.73514
0.757575758,1.070707071,3.449789913,7.72748
0.757575758,1.083333333,3.479840347,7.720680000000001
0.757575758,1.095959596,3.509890782,7.71488
0.757575758,1.108585859,3.539941217,7.71023
0.757575758,1.121212121,3.569991652,7.70686
0.757575758,1.133838384,3.600042087,7.704940000000001
0.757575758,1.146464646,3.630092521,7.704610000000001
0.757575758,1.159090909,3.660142956,7.706
0.757575758,1.171717172,3.690193391,7.70927
0.757575758,1.184343434,3.720243826,7.71457
0.757575758,1.196969697,3.75029426,7.72203
0.757575758,1.20959596,3.780344695,7.73181
0.757575758,1.222222222,3.81039513,7.7440500000000005
0.757575758,1.234848485,3.840445565,7.758900000000001
0.757575758,1.247474747,3.870496,7.77651
0.757575758,1.26010101,3.900546434,7.79701
0.757575758,1.272727273,3.930596869,7.82056
0.757575758,1.285353535,3.960647304,7.847300000000001
0.757575758,1.297979798,3.990697739,7.87737
0.757575758,1.310606061,4.020748173,7.9109300000000005
0.757575758,1.323232323,4.050798608,7.94812
0.757575758,1.335858586,4.080849043,7.98909
0.757575758,1.348484848,4.110899478,8.03398
0.757575758,1.361111111,4.140949913,8.082930000000001
0.757575758,1.373737374,4.171000347,8.1361
0.757575758,1.386363636,4.201050782,8.19363
0.757575758,1.398989899,4.231101217,8.25566
0.757575758,1.411616162,4.261151652,8.32235
0.757575758,1.424242424,4.291202087,8.39383
0.757575758,1.436868687,4.321252521,8.47026
0.757575758,1.449494949,4.351302956,8.55178
0.757575758,1.462121212,4.381353391,8.63853
0.757575758,1.474747475,4.411403826,8.73067
0.757575758,1.487373737,4.44145426,8.828330000000001
0.757575758,1.5,4.471504695,8.93167
0.772727273,0.388888889,1.881998629,5.5030600000000005
0.772727273,0.401515152,1.912650073,5.66155
0.772727273,0.414141414,1.943301516,5.8131200000000005
0.772727273,0.426767677,1.97395296,5.9579200000000005
0.772727273,0.439393939,2.004604403,6.096080000000001
0.772727273,0.452020202,2.035255847,6.22776
0.772727273,0.464646465,2.06590729,6.3531
0.772727273,0.477272727,2.096558734,6.47224
0.772727273,0.48989899,2.127210177,6.58534
0.772727273,0.502525253,2.157861621,6.69254
0.772727273,0.515151515,2.188513064,6.79398
0.772727273,0.527777778,2.219164508,6.88981
0.772727273,0.54040404,2.249815951,6.98018
0.772727273,0.553030303,2.280467395,7.065230000000001
0.772727273,0.565656566,2.311118838,7.14511
0.772727273,0.578282828,2.341770281,7.21997
0.772727273,0.590909091,2.372421725,7.2899400000000005
0.772727273,0.603535354,2.403073168,7.35518
0.772727273,0.616161616,2.433724612,7.41582
0.772727273,0.628787879,2.464376055,7.47203
0.772727273,0.641414141,2.495027499,7.5239400000000005
0.772727273,0.654040404,2.525678942,7.5717
0.772727273,0.666666667,2.556330386,7.61545
0.772727273,0.679292929,2.586981829,7.65535
0.772727273,0.691919192,2.617633273,7.69153
0.772727273,0.704545455,2.648284716,7.72414
0.772727273,0.717171717,2.67893616,7.75333
0.772727273,0.72979798,2.709587603,7.779240000000001
0.772727273,0.742424242,2.740239047,7.80203
0.772727273,0.755050505,2.77089049,7.82183
0.772727273,0.767676768,2.801541934,7.83879
0.772727273,0.78030303,2.832193377,7.85306
0.772727273,0.792929293,2.862844821,7.8647800000000005
0.772727273,0.805555556,2.893496264,7.87411
0.772727273,0.818181818,2.924147708,7.88117
0.772727273,0.830808081,2.954799151,7.8861300000000005
0.772727273,0.843434343,2.985450594,7.889130000000001
0.772727273,0.856060606,3.016102038,7.8903
0.772727273,0.868686869,3.046753481,7.889810000000001
0.772727273,0.881313131,3.077404925,7.88779
0.772727273,0.893939394,3.108056368,7.884390000000001
0.772727273,0.906565657,3.138707812,7.8797500000000005
0.772727273,0.919191919,3.169359255,7.87403
0.772727273,0.931818182,3.200010699,7.86737
0.772727273,0.944444444,3.230662142,7.85991
0.772727273,0.957070707,3.261313586,7.8518
0.772727273,0.96969697,3.291965029,7.84318
0.772727273,0.982323232,3.322616473,7.834210000000001
0.772727273,0.994949495,3.353267916,7.82502
0.772727273,1.007575758,3.38391936,7.81576
0.772727273,1.02020202,3.414570803,7.80659
0.772727273,1.032828283,3.445222247,7.79763
0.772727273,1.045454545,3.47587369,7.7890500000000005
0.772727273,1.058080808,3.506525134,7.78099
0.772727273,1.070707071,3.537176577,7.77358
0.772727273,1.083333333,3.567828021,7.76699
0.772727273,1.095959596,3.598479464,7.76135
0.772727273,1.108585859,3.629130907,7.7568
0.772727273,1.121212121,3.659782351,7.75351
0.772727273,1.133838384,3.690433794,7.7516
0.772727273,1.146464646,3.721085238,7.75124
0.772727273,1.159090909,3.751736681,7.75255
0.772727273,1.171717172,3.782388125,7.75569
0.772727273,1.184343434,3.813039568,7.76081
0.772727273,1.196969697,3.843691012,7.768050000000001
0.772727273,1.20959596,3.874342455,7.77756
0.772727273,1.222222222,3.904993899,7.78948
0.772727273,1.234848485,3.935645342,7.80395
0.772727273,1.247474747,3.966296786,7.821140000000001
0.772727273,1.26010101,3.996948229,7.84117
0.772727273,1.272727273,4.027599673,7.864190000000001
0.772727273,1.285353535,4.058251116,7.89036
0.772727273,1.297979798,4.08890256,7.9198200000000005
0.772727273,1.310606061,4.119554003,7.9527
0.772727273,1.323232323,4.150205447,7.9891700000000005
0.772727273,1.335858586,4.18085689,8.02936
0.772727273,1.348484848,4.211508333,8.07343
0.772727273,1.361111111,4.242159777,8.12151
0.772727273,1.373737374,4.27281122,8.17375
0.772727273,1.386363636,4.303462664,8.2303
0.772727273,1.398989899,4.334114107,8.291310000000001
0.772727273,1.411616162,4.364765551,8.35692
0.772727273,1.424242424,4.395416994,8.42727
0.772727273,1.436868687,4.426068438,8.502510000000001
0.772727273,1.449494949,4.456719881,8.582790000000001
0.772727273,1.462121212,4.487371325,8.66826
0.772727273,1.474747475,4.518022768,8.75905
0.772727273,1.487373737,4.548674212,8.85532
0.772727273,1.5,4.579325655,8.95721
0.787878788,0.401515152,1.968904487,5.63285
0.787878788,0.414141414,2.000156939,5.78693
0.787878788,0.426767677,2.031409391,5.934200000000001
0.787878788,0.439393939,2.062661843,6.07479
0.787878788,0.452020202,2.093914295,6.2088600000000005
0.787878788,0.464646465,2.125166748,6.33655
0.787878788,0.477272727,2.1564192,6.45801
0.787878788,0.48989899,2.187671652,6.573370000000001
0.787878788,0.502525253,2.218924104,6.68279
0.787878788,0.515151515,2.250176556,6.786420000000001
0.787878788,0.527777778,2.281429008,6.88439
0.787878788,0.54040404,2.312681461,6.97686
0.787878788,0.553030303,2.343933913,7.06397
0.787878788,0.565656566,2.375186365,7.14586
0.787878788,0.578282828,2.406438817,7.22269
0.787878788,0.590909091,2.437691269,7.29459
0.787878788,0.603535354,2.468943721,7.36171
0.787878788,0.616161616,2.500196174,7.42421
0.787878788,0.628787879,2.531448626,7.48221
0.787878788,0.641414141,2.562701078,7.535880000000001
0.787878788,0.654040404,2.59395353,7.58535
0.787878788,0.666666667,2.625205982,7.630780000000001
0.787878788,0.679292929,2.656458435,7.6723
0.787878788,0.691919192,2.687710887,7.71006
0.787878788,0.704545455,2.718963339,7.74422
0.787878788,0.717171717,2.750215791,7.774900000000001
0.787878788,0.72979798,2.781468243,7.80227
0.787878788,0.742424242,2.812720695,7.82646
0.787878788,0.755050505,2.843973148,7.8476300000000005
0.787878788,0.767676768,2.8752256,7.86591
0.787878788,0.78030303,2.906478052,7.88145
0.787878788,0.792929293,2.937730504,7.894410000000001
0.787878788,0.805555556,2.968982956,7.904920000000001
0.787878788,0.818181818,3.000235408,7.91312
0.787878788,0.830808081,3.031487861,7.91918
0.787878788,0.843434343,3.062740313,7.923220000000001
0.787878788,0.856060606,3.093992765,7.92541
0.787878788,0.868686869,3.125245217,7.925870000000001
0.787878788,0.881313131,3.156497669,7.9247700000000005
0.787878788,0.893939394,3.187750121,7.92223
0.787878788,0.906565657,3.219002574,7.91842
0.787878788,0.919191919,3.250255026,7.91348
0.787878788,0.931818182,3.281507478,7.9075500000000005
0.787878788,0.944444444,3.31275993,7.9007700000000005
0.787878788,0.957070707,3.344012382,7.8933
0.787878788,0.96969697,3.375264834,7.88527
0.787878788,0.982323232,3.406517287,7.8768400000000005
0.787878788,0.994949495,3.437769739,7.86815
0.787878788,1.007575758,3.469022191,7.85935
0.787878788,1.02020202,3.500274643,7.85058
0.787878788,1.032828283,3.531527095,7.84199
0.787878788,1.045454545,3.562779547,7.8337200000000005
0.787878788,1.058080808,3.594032,7.82591
0.787878788,1.070707071,3.625284452,7.81873
0.787878788,1.083333333,3.656536904,7.8123000000000005
0.787878788,1.095959596,3.687789356,7.80678
0.787878788,1.108585859,3.719041808,7.80231
0.787878788,1.121212121,3.75029426,7.799040000000001
0.787878788,1.133838384,3.781546713,7.79711
0.787878788,1.146464646,3.812799165,7.796670000000001
0.787878788,1.159090909,3.844051617,7.7978700000000005
0.787878788,1.171717172,3.875304069,7.8008500000000005
0.787878788,1.184343434,3.906556521,7.805750000000001
0.787878788,1.196969697,3.937808974,7.8127200000000006
0.787878788,1.20959596,3.969061426,7.82191
0.787878788,1.222222222,4.000313878,7.83347
0.787878788,1.234848485,4.03156633,7.84753
0.787878788,1.247474747,4.062818782,7.86425
0.787878788,1.26010101,4.094071234,7.88377
0.787878788,1.272727273,4.125323687,7.90624
0.787878788,1.285353535,4.156576139,7.9318
0.787878788,1.297979798,4.187828591,7.96059
0.787878788,1.310606061,4.219081043,7.99277
0.787878788,1.323232323,4.250333495,8.02848
0.787878788,1.335858586,4.281585947,8.06786
0.787878788,1.348484848,4.3128384,8.11107
0.787878788,1.361111111,4.344090852,8.158240000000001
0.787878788,1.373737374,4.375343304,8.20952
0.787878788,1.386363636,4.406595756,8.26506
0.787878788,1.398989899,4.437848208,8.325000000000001
0.787878788,1.411616162,4.46910066,8.3895
0.787878788,1.424242424,4.500353113,8.458680000000001
0.787878788,1.436868687,4.531605565,8.53271
0.787878788,1.449494949,4.562858017,8.61173
0.787878788,1.462121212,4.594110469,8.69588
0.787878788,1.474747475,4.625362921,8.7853
0.787878788,1.487373737,4.656615373,8.88015
0.787878788,1.5,4.687867826,8.98057
0.803030303,0.401515152,2.025880111,5.60354
0.803030303,0.414141414,2.057733572,5.7601700000000005
0.803030303,0.426767677,2.089587033,5.90994
0.803030303,0.439393939,2.121440494,6.053
0.803030303,0.452020202,2.153293955,6.18949
0.803030303,0.464646465,2.185147415,6.3195500000000004
0.803030303,0.477272727,2.217000876,6.44334
0.803030303,0.48989899,2.248854337,6.561
0.803030303,0.502525253,2.280707798,6.6726600000000005
0.803030303,0.515151515,2.312561259,6.778490000000001
0.803030303,0.527777778,2.34441472,6.878620000000001
0.803030303,0.54040404,2.376268181,6.9732
0.803030303,0.553030303,2.408121641,7.06238
0.803030303,0.565656566,2.439975102,7.1462900000000005
0.803030303,0.578282828,2.471828563,7.2251
0.803030303,0.590909091,2.503682024,7.29893
0.803030303,0.603535354,2.535535485,7.36795
0.803030303,0.616161616,2.567388946,7.43229
0.803030303,0.628787879,2.599242407,7.492100000000001
0.803030303,0.641414141,2.631095868,7.5475200000000005
0.803030303,0.654040404,2.662949328,7.5987
0.803030303,0.666666667,2.694802789,7.64579
0.803030303,0.679292929,2.72665625,7.6889400000000006
0.803030303,0.691919192,2.758509711,7.72828
0.803030303,0.704545455,2.790363172,7.76396
0.803030303,0.717171717,2.822216633,7.796130000000001
0.803030303,0.72979798,2.854070094,7.824940000000001
0.803030303,0.742424242,2.885923554,7.85053
0.803030303,0.755050505,2.917777015,7.8730400000000005
0.803030303,0.767676768,2.949630476,7.8926300000000005
0.803030303,0.78030303,2.981483937,7.90943
0.803030303,0.792929293,3.013337398,7.92359
0.803030303,0.805555556,3.045190859,7.93527
0.803030303,0.818181818,3.07704432,7.94459
0.803030303,0.830808081,3.108897781,7.95172
0.803030303,0.843434343,3.140751241,7.95679
0.803030303,0.856060606,3.172604702,7.959960000000001
0.803030303,0.868686869,3.204458163,7.96136
0.803030303,0.881313131,3.236311624,7.96114
0.803030303,0.893939394,3.268165085,7.95945
0.803030303,0.906565657,3.300018546,7.95643
0.803030303,0.919191919,3.331872007,7.952240000000001
0.803030303,0.931818182,3.363725467,7.947010000000001
0.803030303,0.944444444,3.395578928,7.94088
0.803030303,0.957070707,3.427432389,7.93402
0.803030303,0.96969697,3.45928585,7.926550000000001
0.803030303,0.982323232,3.491139311,7.91864
0.803030303,0.994949495,3.522992772,7.910410000000001
0.803030303,1.007575758,3.554846233,7.90203
0.803030303,1.02020202,3.586699694,7.89363
0.803030303,1.032828283,3.618553154,7.88536
0.803030303,1.045454545,3.650406615,7.87736
0.803030303,1.058080808,3.682260076,7.86979
0.803030303,1.070707071,3.714113537,7.86278
0.803030303,1.083333333,3.745966998,7.85649
0.803030303,1.095959596,3.777820459,7.85105
0.803030303,1.108585859,3.80967392,7.846620000000001
0.803030303,1.121212121,3.84152738,7.84334
0.803030303,1.133838384,3.873380841,7.84135
0.803030303,1.146464646,3.905234302,7.84081
0.803030303,1.159090909,3.937087763,7.84184
0.803030303,1.171717172,3.968941224,7.84462
0.803030303,1.184343434,4.000794685,7.849270000000001
0.803030303,1.196969697,4.032648146,7.85594
0.803030303,1.20959596,4.064501607,7.8647800000000005
0.803030303,1.222222222,4.096355067,7.87593
0.803030303,1.234848485,4.128208528,7.88955
0.803030303,1.247474747,4.160061989,7.90577
0.803030303,1.26010101,4.19191545,7.92475
0.803030303,1.272727273,4.223768911,7.94662
0.803030303,1.285353535,4.255622372,7.9715300000000004
0.803030303,1.297979798,4.287475833,7.999630000000001
0.803030303,1.310606061,4.319329293,8.03107
0.803030303,1.323232323,4.351182754,8.06598
0.803030303,1.335858586,4.383036215,8.10452
0.803030303,1.348484848,4.414889676,8.14683
0.803030303,1.361111111,4.446743137,8.193060000000001
0.803030303,1.373737374,4.478596598,8.24335
0.803030303,1.386363636,4.510450059,8.29785
0.803030303,1.398989899,4.54230352,8.3567
0.803030303,1.411616162,4.57415698,8.42005
0.803030303,1.424242424,4.606010441,8.48805
0.803030303,1.436868687,4.637863902,8.56084
0.803030303,1.449494949,4.669717363,8.63856
0.803030303,1.462121212,4.701570824,8.72136
0.803030303,1.474747475,4.733424285,8.80939
0.803030303,1.487373737,4.765277746,8.902800000000001
0.803030303,1.5,4.797131206,9.00172
0.818181818,0.414141414,2.116031415,5.73262
0.818181818,0.426767677,2.148485885,5.88493
0.818181818,0.439393939,2.180940355,6.03049
0.818181818,0.452020202,2.213394824,6.169420000000001
0.818181818,0.464646465,2.245849294,6.30189
0.818181818,0.477272727,2.278303763,6.42804
0.818181818,0.48989899,2.310758233,6.548
0.818181818,0.502525253,2.343212702,6.66193
0.818181818,0.515151515,2.375667172,6.76998
0.818181818,0.527777778,2.408121641,6.87228
0.818181818,0.54040404,2.440576111,6.96899
0.818181818,0.553030303,2.473030581,7.06025
0.818181818,0.565656566,2.50548505,7.1462
0.818181818,0.578282828,2.53793952,7.22699
0.818181818,0.590909091,2.570393989,7.302770000000001
0.818181818,0.603535354,2.602848459,7.37368
0.818181818,0.616161616,2.635302928,7.43987
0.818181818,0.628787879,2.667757398,7.50148
0.818181818,0.641414141,2.700211868,7.558660000000001
0.818181818,0.654040404,2.732666337,7.61155
0.818181818,0.666666667,2.765120807,7.66031
0.818181818,0.679292929,2.797575276,7.70507
0.818181818,0.691919192,2.830029746,7.74598
0.818181818,0.704545455,2.862484215,7.783180000000001
0.818181818,0.717171717,2.894938685,7.81683
0.818181818,0.72979798,2.927393154,7.84707
0.818181818,0.742424242,2.959847624,7.87404
0.818181818,0.755050505,2.992302094,7.89789
0.818181818,0.767676768,3.024756563,7.91876
0.818181818,0.78030303,3.057211033,7.9368
0.818181818,0.792929293,3.089665502,7.95216
0.818181818,0.805555556,3.122119972,7.964980000000001
0.818181818,0.818181818,3.154574441,7.97541
0.818181818,0.830808081,3.187028911,7.98359
0.818181818,0.843434343,3.219483381,7.98967
0.818181818,0.856060606,3.25193785,7.993790000000001
0.818181818,0.868686869,3.28439232,7.9961
0.818181818,0.881313131,3.316846789,7.9967500000000005
0.818181818,0.893939394,3.349301259,7.9958800000000005
0.818181818,0.906565657,3.381755728,7.9936300000000005
0.818181818,0.919191919,3.414210198,7.99015
0.818181818,0.931818182,3.446664667,7.98559
0.818181818,0.944444444,3.479119137,7.9801
0.818181818,0.957070707,3.511573607,7.97381
0.818181818,0.96969697,3.544028076,7.966880000000001
0.818181818,0.982323232,3.576482546,7.95945
0.818181818,0.994949495,3.608937015,7.95166
0.818181818,1.007575758,3.641391485,7.94366
0.818181818,1.02020202,3.673845954,7.9356
0.818181818,1.032828283,3.706300424,7.92762
0.818181818,1.045454545,3.738754894,7.91987
0.818181818,1.058080808,3.771209363,7.91249
0.818181818,1.070707071,3.803663833,7.90563
0.818181818,1.083333333,3.836118302,7.89944
0.818181818,1.095959596,3.868572772,7.89405
0.818181818,1.108585859,3.901027241,7.88962
0.818181818,1.121212121,3.933481711,7.8863
0.818181818,1.133838384,3.96593618,7.88422
0.818181818,1.146464646,3.99839065,7.88353
0.818181818,1.159090909,4.03084512,7.88438
0.818181818,1.171717172,4.063299589,7.88691
0.818181818,1.184343434,4.095754059,7.8912700000000005
0.818181818,1.196969697,4.128208528,7.89761
0.818181818,1.20959596,4.160662998,7.90606
0.818181818,1.222222222,4.193117467,7.916790000000001
0.818181818,1.234848485,4.225571937,7.92992
0.818181818,1.247474747,4.258026407,7.94561
0.818181818,1.26010101,4.290480876,7.96401
0.818181818,1.272727273,4.322935346,7.985250000000001
0.818181818,1.285353535,4.355389815,8.00949
0.818181818,1.297979798,4.387844285,8.03686
0.818181818,1.310606061,4.420298754,8.06753
0.818181818,1.323232323,4.452753224,8.10162
0.818181818,1.335858586,4.485207693,8.13929
0.818181818,1.348484848,4.517662163,8.18068
0.818181818,1.361111111,4.550116633,8.22593
0.818181818,1.373737374,4.582571102,8.2752
0.818181818,1.386363636,4.615025572,8.32863
0.818181818,1.398989899,4.647480041,8.38637
0.818181818,1.411616162,4.679934511,8.448550000000001
0.818181818,1.424242424,4.71238898,8.51533
0.818181818,1.436868687,4.74484345,8.58685
0.818181818,1.449494949,4.77729792,8.663260000000001
0.818181818,1.462121212,4.809752389,8.74469
0.818181818,1.474747475,4.842206859,8.83131
0.818181818,1.487373737,4.874661328,8.92325
0.818181818,1.5,4.907115798,9.02066
0.833333333,0.426767677,2.208105948,5.858960000000001
0.833333333,0.439393939,2.241161426,6.00704
0.833333333,0.452020202,2.274216904,6.14845
0.833333333,0.464646465,2.307272382,6.28335
0.833333333,0.477272727,2.340327861,6.41188
0.833333333,0.48989899,2.373383339,6.53418
0.833333333,0.502525253,2.406438817,6.6504
0.833333333,0.515151515,2.439494295,6.76068
0.833333333,0.527777778,2.472549774,6.8651800000000005
0.833333333,0.54040404,2.505605252,6.96403
0.833333333,0.553030303,2.53866073,7.05738
0.833333333,0.565656566,2.571716208,7.14538
0.833333333,0.578282828,2.604771687,7.22817
0.833333333,0.590909091,2.637827165,7.305890000000001
0.833333333,0.603535354,2.670882643,7.37871
0.833333333,0.616161616,2.703938121,7.446750000000001
0.833333333,0.628787879,2.7369936,7.5101700000000005
0.833333333,0.641414141,2.770049078,7.569100000000001
0.833333333,0.654040404,2.803104556,7.62371
0.833333333,0.666666667,2.836160034,7.67412
0.833333333,0.679292929,2.869215513,7.72049
0.833333333,0.691919192,2.902270991,7.76297
0.833333333,0.704545455,2.935326469,7.801690000000001
0.833333333,0.717171717,2.968381948,7.83681
0.833333333,0.72979798,3.001437426,7.86847
0.833333333,0.742424242,3.034492904,7.89681
0.833333333,0.755050505,3.067548382,7.9219800000000005
0.833333333,0.767676768,3.100603861,7.94413
0.833333333,0.78030303,3.133659339,7.9634
0.833333333,0.792929293,3.166714817,7.97994
0.833333333,0.805555556,3.199770295,7.99389
0.833333333,0.818181818,3.232825774,8.0054
0.833333333,0.830808081,3.265881252,8.01462
0.833333333,0.843434343,3.29893673,8.02168
0.833333333,0.856060606,3.331992208,8.02674
0.833333333,0.868686869,3.365047687,8.02995
0.833333333,0.881313131,3.398103165,8.03143
0.833333333,0.893939394,3.431158643,8.03135
0.833333333,0.906565657,3.464214121,8.02985
0.833333333,0.919191919,3.4972696,8.02707
0.833333333,0.931818182,3.530325078,8.02316
0.833333333,0.944444444,3.563380556,8.018270000000001
0.833333333,0.957070707,3.596436034,8.01253
0.833333333,0.96969697,3.629491513,8.00611
0.833333333,0.982323232,3.662546991,7.99913
0.833333333,0.994949495,3.695602469,7.991750000000001
0.833333333,1.007575758,3.728657947,7.98411
0.833333333,1.02020202,3.761713426,7.976360000000001
0.833333333,1.032828283,3.794768904,7.968640000000001
0.833333333,1.045454545,3.827824382,7.961110000000001
0.833333333,1.058080808,3.86087986,7.9539
0.833333333,1.070707071,3.893935339,7.947150000000001
0.833333333,1.083333333,3.926990817,7.9410300000000005
0.833333333,1.095959596,3.960046295,7.93567
0.833333333,1.108585859,3.993101774,7.93121
0.833333333,1.121212121,4.026157252,7.92781
0.833333333,1.133838384,4.05921273,7.9256
0.833333333,1.146464646,4.092268208,7.92474
0.833333333,1.159090909,4.125323687,7.92537
0.833333333,1.171717172,4.158379165,7.927630000000001
0.833333333,1.184343434,4.191434643,7.93168
0.833333333,1.196969697,4.224490121,7.9376500000000005
0.833333333,1.20959596,4.2575456,7.94569
0.833333333,1.222222222,4.290601078,7.9559500000000005
0.833333333,1.234848485,4.323656556,7.968570000000001
0.833333333,1.247474747,4.356712034,7.98371
0.833333333,1.26010101,4.389767513,8.00149
0.833333333,1.272727273,4.422822991,8.02208
0.833333333,1.285353535,4.455878469,8.04561
0.833333333,1.297979798,4.488933947,8.072230000000001
0.833333333,1.310606061,4.521989426,8.10209
0.833333333,1.323232323,4.555044904,8.13533
0.833333333,1.335858586,4.588100382,8.1721
0.833333333,1.348484848,4.62115586,8.21255
0.833333333,1.361111111,4.654211339,8.25681
0.833333333,1.373737374,4.687266817,8.30504
0.833333333,1.386363636,4.720322295,8.35737
0.833333333,1.398989899,4.753377773,8.41397
0.833333333,1.411616162,4.786433252,8.47496
0.833333333,1.424242424,4.81948873,8.5405
0.833333333,1.436868687,4.852544208,8.61073
0.833333333,1.449494949,4.885599686,8.68581
0.833333333,1.462121212,4.918655165,8.76586
0.833333333,1.474747475,4.951710643,8.85105
0.833333333,1.487373737,4.984766121,8.941510000000001
0.833333333,1.5,5.017821599,9.03739
0.848484848,0.426767677,2.268447221,5.83181
0.848484848,0.439393939,2.302103708,5.98245
0.848484848,0.452020202,2.335760195,6.12638
0.848484848,0.464646465,2.369416681,6.26373
0.848484848,0.477272727,2.403073168,6.3946700000000005
0.848484848,0.48989899,2.436729655,6.51933
0.848484848,0.502525253,2.470386142,6.63786
0.848484848,0.515151515,2.504042629,6.7504
0.848484848,0.527777778,2.537699116,6.8571
0.848484848,0.54040404,2.571355603,6.9581100000000005
0.848484848,0.553030303,2.60501209,7.053570000000001
0.848484848,0.565656566,2.638668577,7.14363
0.848484848,0.578282828,2.672325064,7.22843
0.848484848,0.590909091,2.705981551,7.308120000000001
0.848484848,0.603535354,2.739638038,7.38284
0.848484848,0.616161616,2.773294525,7.45274
0.848484848,0.628787879,2.806951012,7.51797
0.848484848,0.641414141,2.840607499,7.57866
0.848484848,0.654040404,2.874263986,7.6349800000000005
0.848484848,0.666666667,2.907920473,7.68705
0.848484848,0.679292929,2.94157696,7.735040000000001
0.848484848,0.691919192,2.975233447,7.77908
0.848484848,0.704545455,3.008889934,7.819310000000001
0.848484848,0.717171717,3.042546421,7.8558900000000005
0.848484848,0.72979798,3.076202908,7.88896
0.848484848,0.742424242,3.109859394,7.9186700000000005
0.848484848,0.755050505,3.143515881,7.9451600000000004
0.848484848,0.767676768,3.177172368,7.968570000000001
0.848484848,0.78030303,3.210828855,7.98906
0.848484848,0.792929293,3.244485342,8.00676
0.848484848,0.805555556,3.278141829,8.02183
0.848484848,0.818181818,3.311798316,8.03441
0.848484848,0.830808081,3.345454803,8.04465
0.848484848,0.843434343,3.37911129,8.05268
0.848484848,0.856060606,3.412767777,8.05866
0.848484848,0.868686869,3.446424264,8.06273
0.848484848,0.881313131,3.480080751,8.06505
0.848484848,0.893939394,3.513737238,8.06574
0.848484848,0.906565657,3.547393725,8.064960000000001
0.848484848,0.919191919,3.581050212,8.06286
0.848484848,0.931818182,3.614706699,8.05958
0.848484848,0.944444444,3.648363186,8.05526
0.848484848,0.957070707,3.682019673,8.05005
0.848484848,0.96969697,3.71567616,8.04411
0.848484848,0.982323232,3.749332647,8.037560000000001
0.848484848,0.994949495,3.782989134,8.03056
0.848484848,1.007575758,3.81664562,8.02326
0.848484848,1.02020202,3.850302107,8.01579
0.848484848,1.032828283,3.883958594,8.00831
0.848484848,1.045454545,3.917615081,8.000960000000001
0.848484848,1.058080808,3.951271568,7.99389
0.848484848,1.070707071,3.984928055,7.98724
0.848484848,1.083333333,4.018584542,7.98116
0.848484848,1.095959596,4.052241029,7.97579
0.848484848,1.108585859,4.085897516,7.97128
0.848484848,1.121212121,4.119554003,7.967770000000001
0.848484848,1.133838384,4.15321049,7.96541
0.848484848,1.146464646,4.186866977,7.9643500000000005
0.848484848,1.159090909,4.220523464,7.96473
0.848484848,1.171717172,4.254179951,7.9667
0.848484848,1.184343434,4.287836438,7.970400000000001
0.848484848,1.196969697,4.321492925,7.97598
0.848484848,1.20959596,4.355149412,7.98358
0.848484848,1.222222222,4.388805899,7.99335
0.848484848,1.234848485,4.422462386,8.00543
0.848484848,1.247474747,4.456118873,8.01998
0.848484848,1.26010101,4.48977536,8.03713
0.848484848,1.272727273,4.523431846,8.05704
0.848484848,1.285353535,4.557088333,8.07984
0.848484848,1.297979798,4.59074482,8.105690000000001
0.848484848,1.310606061,4.624401307,8.13472
0.848484848,1.323232323,4.658057794,8.16709
0.848484848,1.335858586,4.691714281,8.20294
0.848484848,1.348484848,4.725370768,8.24241
0.848484848,1.361111111,4.759027255,8.28566
0.848484848,1.373737374,4.792683742,8.33282
0.848484848,1.386363636,4.826340229,8.38404
0.848484848,1.398989899,4.859996716,8.43947
0.848484848,1.411616162,4.893653203,8.49926
0.848484848,1.424242424,4.92730969,8.563550000000001
0.848484848,1.436868687,4.960966177,8.632480000000001
0.848484848,1.449494949,4.994622664,8.7062
0.848484848,1.462121212,5.028279151,8.78485
0.848484848,1.474747475,5.061935638,8.868590000000001
0.848484848,1.487373737,5.095592125,8.95756
0.848484848,1.5,5.129248612,9.0519
0.863636364,0.439393939,2.3637672,5.95653
0.863636364,0.452020202,2.398024695,6.103
0.863636364,0.464646465,2.432282191,6.24284
0.863636364,0.477272727,2.466539687,6.37621
0.863636364,0.48989899,2.500797182,6.50326
0.863636364,0.502525253,2.535054678,6.6241200000000005
0.863636364,0.515151515,2.569312174,6.73894
0.863636364,0.527777778,2.603569669,6.84787
0.863636364,0.54040404,2.637827165,6.95105
0.863636364,0.553030303,2.672084661,7.04864
0.863636364,0.565656566,2.706342156,7.14077
0.863636364,0.578282828,2.740599652,7.22759
0.863636364,0.590909091,2.774857148,7.3092500000000005
0.863636364,0.603535354,2.809114643,7.38589
0.863636364,0.616161616,2.843372139,7.457660000000001
0.863636364,0.628787879,2.877629634,7.5247
0.863636364,0.641414141,2.91188713,7.58716
0.863636364,0.654040404,2.946144626,7.64519
0.863636364,0.666666667,2.980402121,7.69893
0.863636364,0.679292929,3.014659617,7.748530000000001
0.863636364,0.691919192,3.048917113,7.79412
0.863636364,0.704545455,3.083174608,7.83587
0.863636364,0.717171717,3.117432104,7.87391
0.863636364,0.72979798,3.1516896,7.90839
0.863636364,0.742424242,3.185947095,7.93945
0.863636364,0.755050505,3.220204591,7.96725
0.863636364,0.767676768,3.254462087,7.99192
0.863636364,0.78030303,3.288719582,8.01361
0.863636364,0.792929293,3.322977078,8.03247
0.863636364,0.805555556,3.357234574,8.04865
0.863636364,0.818181818,3.391492069,8.06228
0.863636364,0.830808081,3.425749565,8.07352
0.863636364,0.843434343,3.460007061,8.082510000000001
0.863636364,0.856060606,3.494264556,8.0894
0.863636364,0.868686869,3.528522052,8.09433
0.863636364,0.881313131,3.562779547,8.09744
0.863636364,0.893939394,3.597037043,8.09889
0.863636364,0.906565657,3.631294539,8.09882
0.863636364,0.919191919,3.665552034,8.097380000000001
0.863636364,0.931818182,3.69980953,8.0947
0.863636364,0.944444444,3.734067026,8.09094
0.863636364,0.957070707,3.768324521,8.08624
0.863636364,0.96969697,3.802582017,8.08075
0.863636364,0.982323232,3.836839513,8.07462
0.863636364,0.994949495,3.871097008,8.06798
0.863636364,1.007575758,3.905354504,8.06099
0.863636364,1.02020202,3.939612,8.05378
0.863636364,1.032828283,3.973869495,8.046520000000001
0.863636364,1.045454545,4.008126991,8.03933
0.863636364,1.058080808,4.042384487,8.03238
0.863636364,1.070707071,4.076641982,8.02579
0.863636364,1.083333333,4.110899478,8.019730000000001
0.863636364,1.095959596,4.145156973,8.014330000000001
0.863636364,1.108585859,4.179414469,8.00974
0.863636364,1.121212121,4.213671965,8.0061
0.863636364,1.133838384,4.24792946,8.00357
0.863636364,1.146464646,4.282186956,8.00228
0.863636364,1.159090909,4.316444452,8.00239
0.863636364,1.171717172,4.350701947,8.00404
0.863636364,1.184343434,4.384959443,8.00737
0.863636364,1.196969697,4.419216939,8.01253
0.863636364,1.20959596,4.453474434,8.01966
0.863636364,1.222222222,4.48773193,8.02892
0.863636364,1.234848485,4.521989426,8.04045
0.863636364,1.247474747,4.556246921,8.05438
0.863636364,1.26010101,4.590504417,8.07088
0.863636364,1.272727273,4.624761913,8.09008
0.863636364,1.285353535,4.659019408,8.11213
0.863636364,1.297979798,4.693276904,8.13718
0.863636364,1.310606061,4.7275344,8.165370000000001
0.863636364,1.323232323,4.761791895,8.19684
0.863636364,1.335858586,4.796049391,8.23175
0.863636364,1.348484848,4.830306886,8.27023
0.863636364,1.361111111,4.864564382,8.31244
0.863636364,1.373737374,4.898821878,8.35852
0.863636364,1.386363636,4.933079373,8.40862
0.863636364,1.398989899,4.967336869,8.46287
0.863636364,1.411616162,5.001594365,8.52144
0.863636364,1.424242424,5.03585186,8.58445
0.863636364,1.436868687,5.070109356,8.65207
0.863636364,1.449494949,5.104366852,8.72442
0.863636364,1.462121212,5.138624347,8.80167
0.863636364,1.474747475,5.172881843,8.88395
0.863636364,1.487373737,5.207139339,8.97142
0.863636364,1.5,5.241396834,9.064210000000001
0.878787879,0.439393939,2.426151902,5.92908
0.878787879,0.452020202,2.461010407,6.07812
0.878787879,0.464646465,2.495868911,6.22048
0.878787879,0.477272727,2.530727415,6.35632
0.878787879,0.48989899,2.56558592,6.4857700000000005
0.878787879,0.502525253,2.600444424,6.60899
0.878787879,0.515151515,2.635302928,6.72611
0.878787879,0.527777778,2.670161433,6.83729
0.878787879,0.54040404,2.705019937,6.942670000000001
0.878787879,0.553030303,2.739878441,7.0424
0.878787879,0.565656566,2.774736946,7.136620000000001
0.878787879,0.578282828,2.80959545,7.2254700000000005
0.878787879,0.590909091,2.844453954,7.30911
0.878787879,0.603535354,2.879312459,7.3876800000000005
0.878787879,0.616161616,2.914170963,7.46133
0.878787879,0.628787879,2.949029468,7.53019
0.878787879,0.641414141,2.983887972,7.59443
0.878787879,0.654040404,3.018746476,7.654170000000001
0.878787879,0.666666667,3.053604981,7.70958
0.878787879,0.679292929,3.088463485,7.76079
0.878787879,0.691919192,3.123321989,7.80795
0.878787879,0.704545455,3.158180494,7.8512
0.878787879,0.717171717,3.193038998,7.8907
0.878787879,0.72979798,3.227897502,7.92658
0.878787879,0.742424242,3.262756007,7.9590000000000005
0.878787879,0.755050505,3.297614511,7.9881
0.878787879,0.767676768,3.332473015,8.01402
0.878787879,0.78030303,3.36733152,8.03691
0.878787879,0.792929293,3.402190024,8.05692
0.878787879,0.805555556,3.437048528,8.07419
0.878787879,0.818181818,3.471907033,8.08887
0.878787879,0.830808081,3.506765537,8.1011
0.878787879,0.843434343,3.541624041,8.111040000000001
0.878787879,0.856060606,3.576482546,8.11882
0.878787879,0.868686869,3.61134105,8.12459
0.878787879,0.881313131,3.646199554,8.128490000000001
0.878787879,0.893939394,3.681058059,8.13068
0.878787879,0.906565657,3.715916563,8.1313
0.878787879,0.919191919,3.750775067,8.1305
0.878787879,0.931818182,3.785633572,8.12841
0.878787879,0.944444444,3.820492076,8.12519
0.878787879,0.957070707,3.85535058,8.12098
0.878787879,0.96969697,3.890209085,8.11593
0.878787879,0.982323232,3.925067589,8.110190000000001
0.878787879,0.994949495,3.959926094,8.10389
0.878787879,1.007575758,3.994784598,8.09719
0.878787879,1.02020202,4.029643102,8.09023
0.878787879,1.032828283,4.064501607,8.08316
0.878787879,1.045454545,4.099360111,8.07611
0.878787879,1.058080808,4.134218615,8.06925
0.878787879,1.070707071,4.16907712,8.062710000000001
0.878787879,1.083333333,4.203935624,8.05664
0.878787879,1.095959596,4.238794128,8.05119
0.878787879,1.108585859,4.273652633,8.0465
0.878787879,1.121212121,4.308511137,8.042720000000001
0.878787879,1.133838384,4.343369641,8.03999
0.878787879,1.146464646,4.378228146,8.038450000000001
0.878787879,1.159090909,4.41308665,8.03827
0.878787879,1.171717172,4.447945154,8.03957
0.878787879,1.184343434,4.482803659,8.04251
0.878787879,1.196969697,4.517662163,8.04723
0.878787879,1.20959596,4.552520667,8.05388
0.878787879,1.222222222,4.587379172,8.06261
0.878787879,1.234848485,4.622237676,8.073550000000001
0.878787879,1.247474747,4.65709618,8.08686
0.878787879,1.26010101,4.691954685,8.10268
0.878787879,1.272727273,4.726813189,8.12116
0.878787879,1.285353535,4.761671693,8.14244
0.878787879,1.297979798,4.796530198,8.16667
0.878787879,1.310606061,4.831388702,8.19399
0.878787879,1.323232323,4.866247206,8.22456
0.878787879,1.335858586,4.901105711,8.258510000000001
0.878787879,1.348484848,4.935964215,8.29599
0.878787879,1.361111111,4.970822719,8.33715
0.878787879,1.373737374,5.005681224,8.38213
0.878787879,1.386363636,5.040539728,8.43108
0.878787879,1.398989899,5.075398233,8.48415
0.878787879,1.411616162,5.110256737,8.54148
0.878787879,1.424242424,5.145115241,8.60321
0.878787879,1.436868687,5.179973746,8.669500000000001
0.878787879,1.449494949,5.21483225,8.74049
0.878787879,1.462121212,5.249690754,8.816320000000001
0.878787879,1.474747475,5.284549259,8.89713
0.878787879,1.487373737,5.319407763,8.98309
0.878787879,1.5,5.354266267,9.07433
0.893939394,0.452020202,2.524717328,6.05156
0.893939394,0.464646465,2.560176841,6.196470000000001
0.893939394,0.477272727,2.595636355,6.3348
0.893939394,0.48989899,2.631095868,6.46669
0.893939394,0.502525253,2.666555381,6.59229
0.893939394,0.515151515,2.702014894,6.71174
0.893939394,0.527777778,2.737474407,6.82519
0.893939394,0.54040404,2.77293392,6.93278
0.893939394,0.553030303,2.808393433,7.03467
0.893939394,0.565656566,2.843852946,7.130990000000001
0.893939394,0.578282828,2.879312459,7.221900000000001
0.893939394,0.590909091,2.914771972,7.30754
0.893939394,0.603535354,2.950231485,7.38805
0.893939394,0.616161616,2.985690998,7.46358
0.893939394,0.628787879,3.021150511,7.53428
0.893939394,0.641414141,3.056610024,7.60029
0.893939394,0.654040404,3.092069537,7.66176
0.893939394,0.666666667,3.12752905,7.71884
0.893939394,0.679292929,3.162988563,7.771660000000001
0.893939394,0.691919192,3.198448076,7.82038
0.893939394,0.704545455,3.233907589,7.86515
0.893939394,0.717171717,3.269367102,7.9061
0.893939394,0.72979798,3.304826615,7.94339
0.893939394,0.742424242,3.340286128,7.9771600000000005
0.893939394,0.755050505,3.375745641,8.00756
0.893939394,0.767676768,3.411205154,8.03472
0.893939394,0.78030303,3.446664667,8.05881
0.893939394,0.792929293,3.482124181,8.07996
0.893939394,0.805555556,3.517583694,8.098320000000001
0.893939394,0.818181818,3.553043207,8.114040000000001
0.893939394,0.830808081,3.58850272,8.12726
0.893939394,0.843434343,3.623962233,8.13812
0.893939394,0.856060606,3.659421746,8.14678
0.893939394,0.868686869,3.694881259,8.15338
0.893939394,0.881313131,3.730340772,8.15807
0.893939394,0.893939394,3.765800285,8.16099
0.893939394,0.906565657,3.801259798,8.16228
0.893939394,0.919191919,3.836719311,8.1621
0.893939394,0.931818182,3.872178824,8.160590000000001
0.893939394,0.944444444,3.907638337,8.1579
0.893939394,0.957070707,3.94309785,8.15417
0.893939394,0.96969697,3.978557363,8.14954
0.893939394,0.982323232,4.014016876,8.14417
0.893939394,0.994949495,4.049476389,8.13819
0.893939394,1.007575758,4.084935902,8.13177
0.893939394,1.02020202,4.120395415,8.12503
0.893939394,1.032828283,4.155854928,8.11813
0.893939394,1.045454545,4.191314441,8.11122
0.893939394,1.058080808,4.226773954,8.10443
0.893939394,1.070707071,4.262233467,8.09792
0.893939394,1.083333333,4.29769298,8.09183
0.893939394,1.095959596,4.333152493,8.0863
0.893939394,1.108585859,4.368612007,8.08149
0.893939394,1.121212121,4.40407152,8.07754
0.893939394,1.133838384,4.439531033,8.07459
0.893939394,1.146464646,4.474990546,8.0728
0.893939394,1.159090909,4.510450059,8.0723
0.893939394,1.171717172,4.545909572,8.07324
0.893939394,1.184343434,4.581369085,8.07577
0.893939394,1.196969697,4.616828598,8.08004
0.893939394,1.20959596,4.652288111,8.08619
0.893939394,1.222222222,4.687747624,8.09436
0.893939394,1.234848485,4.723207137,8.10471
0.893939394,1.247474747,4.75866665,8.117370000000001
0.893939394,1.26010101,4.794126163,8.1325
0.893939394,1.272727273,4.829585676,8.15024
0.893939394,1.285353535,4.865045189,8.17073
0.893939394,1.297979798,4.900504702,8.19413
0.893939394,1.310606061,4.935964215,8.22058
0.893939394,1.323232323,4.971423728,8.25022
0.893939394,1.335858586,5.006883241,8.2832
0.893939394,1.348484848,5.042342754,8.31966
0.893939394,1.361111111,5.077802267,8.35976
0.893939394,1.373737374,5.11326178,8.40363
0.893939394,1.386363636,5.148721293,8.45143
0.893939394,1.398989899,5.184180806,8.5033
0.893939394,1.411616162,5.219640319,8.55938
0.893939394,1.424242424,5.255099833,8.61983
0.893939394,1.436868687,5.290559346,8.68478
0.893939394,1.449494949,5.326018859,8.75439
0.893939394,1.462121212,5.361478372,8.828800000000001
0.893939394,1.474747475,5.396937885,8.908150000000001
0.893939394,1.487373737,5.432397398,8.99259
0.893939394,1.5,5.467856911,9.08227
0.909090909,0.464646465,2.625205982,6.170640000000001
0.909090909,0.477272727,2.661266504,6.31149
0.909090909,0.48989899,2.697327026,6.4458400000000005
0.909090909,0.502525253,2.733387548,6.57385
0.909090909,0.515151515,2.769448069,6.6956500000000005
0.909090909,0.527777778,2.805508591,6.81139
0.909090909,0.54040404,2.841569113,6.92122
0.909090909,0.553030303,2.877629634,7.02529
0.909090909,0.565656566,2.913690156,7.123740000000001
0.909090909,0.578282828,2.949750678,7.21671
0.909090909,0.590909091,2.9858112,7.30435
0.909090909,0.603535354,3.021871721,7.38682
0.909090909,0.616161616,3.057932243,7.46425
0.909090909,0.628787879,3.093992765,7.53679
0.909090909,0.641414141,3.130053287,7.60459
0.909090909,0.654040404,3.166113808,7.667800000000001
0.909090909,0.666666667,3.20217433,7.7265500000000005
0.909090909,0.679292929,3.238234852,7.781000000000001
0.909090909,0.691919192,3.274295374,7.83129
0.909090909,0.704545455,3.310355895,7.87757
0.909090909,0.717171717,3.346416417,7.91998
0.909090909,0.72979798,3.382476939,7.958670000000001
0.909090909,0.742424242,3.418537461,7.993790000000001
0.909090909,0.755050505,3.454597982,8.02548
0.909090909,0.767676768,3.490658504,8.0539
0.909090909,0.78030303,3.526719026,8.07917
0.909090909,0.792929293,3.562779547,8.10146
0.909090909,0.805555556,3.598840069,8.1209
0.909090909,0.818181818,3.634900591,8.13765
0.909090909,0.830808081,3.670961113,8.15185
0.909090909,0.843434343,3.707021634,8.163640000000001
0.909090909,0.856060606,3.743082156,8.17317
0.909090909,0.868686869,3.779142678,8.1806
0.909090909,0.881313131,3.8152032,8.18605
0.909090909,0.893939394,3.851263721,8.18969
0.909090909,0.906565657,3.887324243,8.191650000000001
0.909090909,0.919191919,3.923384765,8.19208
0.909090909,0.931818182,3.959445287,8.19114
0.909090909,0.944444444,3.995505808,8.18895
0.909090909,0.957070707,4.03156633,8.18568
0.909090909,0.96969697,4.067626852,8.181470000000001
0.909090909,0.982323232,4.103687373,8.17645
0.909090909,0.994949495,4.139747895,8.17079
0.909090909,1.007575758,4.175808417,8.164620000000001
0.909090909,1.02020202,4.211868939,8.158100000000001
0.909090909,1.032828283,4.24792946,8.15136
0.909090909,1.045454545,4.283989982,8.14455
0.909090909,1.058080808,4.320050504,8.137830000000001
0.909090909,1.070707071,4.356111026,8.13133
0.909090909,1.083333333,4.392171547,8.1252
0.909090909,1.095959596,4.428232069,8.11959
0.909090909,1.108585859,4.464292591,8.11464
0.909090909,1.121212121,4.500353113,8.11051
0.909090909,1.133838384,4.536413634,8.107330000000001
0.909090909,1.146464646,4.572474156,8.10525
0.909090909,1.159090909,4.608534678,8.10443
0.909090909,1.171717172,4.6445952,8.10499
0.909090909,1.184343434,4.680655721,8.1071
0.909090909,1.196969697,4.716716243,8.1109
0.909090909,1.20959596,4.752776765,8.116530000000001
0.909090909,1.222222222,4.788837286,8.124130000000001
0.909090909,1.234848485,4.824897808,8.13387
0.909090909,1.247474747,4.86095833,8.14587
0.909090909,1.26010101,4.897018852,8.1603
0.909090909,1.272727273,4.933079373,8.17728
0.909090909,1.285353535,4.969139895,8.19698
0.909090909,1.297979798,5.005200417,8.21954
0.909090909,1.310606061,5.041260939,8.24509
0.909090909,1.323232323,5.07732146,8.2738
0.909090909,1.335858586,5.113381982,8.30579
0.909090909,1.348484848,5.149442504,8.34123
0.909090909,1.361111111,5.185503026,8.38026
0.909090909,1.373737374,5.221563547,8.423020000000001
0.909090909,1.386363636,5.257624069,8.469660000000001
0.909090909,1.398989899,5.293684591,8.52032
0.909090909,1.411616162,5.329745112,8.57516
0.909090909,1.424242424,5.365805634,8.634310000000001
0.909090909,1.436868687,5.401866156,8.69792
0.909090909,1.449494949,5.437926678,8.76615
0.909090909,1.462121212,5.473987199,8.83913
0.909090909,1.474747475,5.510047721,8.91701
0.909090909,1.487373737,5.546108243,8.99995
0.909090909,1.5,5.582168765,9.08807
0.924242424,0.464646465,2.690956334,6.1428
0.924242424,0.477272727,2.727617864,6.2862100000000005
0.924242424,0.48989899,2.764279394,6.42306
0.924242424,0.502525253,2.800940925,6.5535000000000005
0.924242424,0.515151515,2.837602455,6.67767
0.924242424,0.527777778,2.874263986,6.79573
0.924242424,0.54040404,2.910925516,6.90782
0.924242424,0.553030303,2.947587047,7.01409
0.924242424,0.565656566,2.984248577,7.11468
0.924242424,0.578282828,3.020910108,7.20973
0.924242424,0.590909091,3.057571638,7.29941
0.924242424,0.603535354,3.094233168,7.38384
0.924242424,0.616161616,3.130894699,7.46319
0.924242424,0.628787879,3.167556229,7.53758
0.924242424,0.641414141,3.20421776,7.6071800000000005
0.924242424,0.654040404,3.24087929,7.67213
0.924242424,0.666666667,3.277540821,7.73257
0.924242424,0.679292929,3.314202351,7.78864
0.924242424,0.691919192,3.350863881,7.84051
0.924242424,0.704545455,3.387525412,7.888310000000001
0.924242424,0.717171717,3.424186942,7.932180000000001
0.924242424,0.72979798,3.460848473,7.9722800000000005
0.924242424,0.742424242,3.497510003,8.00876
0.924242424,0.755050505,3.534171534,8.04175
0.924242424,0.767676768,3.570833064,8.0714
0.924242424,0.78030303,3.607494594,8.09787
0.924242424,0.792929293,3.644156125,8.12129
0.924242424,0.805555556,3.680817655,8.14181
0.924242424,0.818181818,3.717479186,8.15959
0.924242424,0.830808081,3.754140716,8.174760000000001
0.924242424,0.843434343,3.790802247,8.187470000000001
0.924242424,0.856060606,3.827463777,8.19787
0.924242424,0.868686869,3.864125307,8.20611
0.924242424,0.881313131,3.900786838,8.21233
0.924242424,0.893939394,3.937448368,8.21667
0.924242424,0.906565657,3.974109899,8.21929
0.924242424,0.919191919,4.010771429,8.22033
0.924242424,0.931818182,4.04743296,8.219940000000001
0.924242424,0.944444444,4.08409449,8.21826
0.924242424,0.957070707,4.12075602,8.215440000000001
0.924242424,0.96969697,4.157417551,8.21162
0.924242424,0.982323232,4.194079081,8.20696
0.924242424,0.994949495,4.230740612,8.20159
0.924242424,1.007575758,4.267402142,8.19567
0.924242424,1.02020202,4.304063673,8.189350000000001
0.924242424,1.032828283,4.340725203,8.18275
0.924242424,1.045454545,4.377386733,8.17605
0.924242424,1.058080808,4.414048264,8.16937
0.924242424,1.070707071,4.450709794,8.16287
0.924242424,1.083333333,4.487371325,8.156690000000001
0.924242424,1.095959596,4.524032855,8.15098
0.924242424,1.108585859,4.560694386,8.14589
0.924242424,1.121212121,4.597355916,8.14156
0.924242424,1.133838384,4.634017446,8.13813
0.924242424,1.146464646,4.670678977,8.13576
0.924242424,1.159090909,4.707340507,8.1346
0.924242424,1.171717172,4.744002038,8.13477
0.924242424,1.184343434,4.780663568,8.13645
0.924242424,1.196969697,4.817325099,8.13976
0.924242424,1.20959596,4.853986629,8.14486
0.924242424,1.222222222,4.890648159,8.15189
0.924242424,1.234848485,4.92730969,8.161
0.924242424,1.247474747,4.96397122,8.17234
0.924242424,1.26010101,5.000632751,8.18605
0.924242424,1.272727273,5.037294281,8.20227
0.924242424,1.285353535,5.073955812,8.221160000000001
0.924242424,1.297979798,5.110617342,8.24286
0.924242424,1.310606061,5.147278873,8.267520000000001
0.924242424,1.323232323,5.183940403,8.29528
0.924242424,1.335858586,5.220601933,8.32629
0.924242424,1.348484848,5.257263464,8.3607
0.924242424,1.361111111,5.293924994,8.39865
0.924242424,1.373737374,5.330586525,8.440290000000001
0.924242424,1.386363636,5.367248055,8.48576
0.924242424,1.398989899,5.403909586,8.53522
0.924242424,1.411616162,5.440571116,8.5888
0.924242424,1.424242424,5.477232646,8.64666
0.924242424,1.436868687,5.513894177,8.70894
0.924242424,1.449494949,5.550555707,8.775780000000001
0.924242424,1.462121212,5.587217238,8.84734
0.924242424,1.474747475,5.623878768,8.92375
0.924242424,1.487373737,5.660540299,9.005180000000001
0.924242424,1.5,5.697201829,9.091750000000001
0.939393939,0.477272727,2.794690434,6.2588
0.939393939,0.48989899,2.831952974,6.39817
0.939393939,0.502525253,2.869215513,6.531070000000001
0.939393939,0.515151515,2.906478052,6.65765
0.939393939,0.527777778,2.943740591,6.77805
0.939393939,0.54040404,2.98100313,6.89242
0.939393939,0.553030303,3.018265669,7.00091
0.939393939,0.565656566,3.055528208,7.10367
0.939393939,0.578282828,3.092790748,7.20083
0.939393939,0.590909091,3.130053287,7.29255
0.939393939,0.603535354,3.167315826,7.37897
0.939393939,0.616161616,3.204578365,7.460240000000001
0.939393939,0.628787879,3.241840904,7.5365
0.939393939,0.641414141,3.279103443,7.60791
0.939393939,0.654040404,3.316365982,7.67461
0.939393939,0.666666667,3.353628521,7.73675
0.939393939,0.679292929,3.390891061,7.7944700000000005
0.939393939,0.691919192,3.4281536,7.847910000000001
0.939393939,0.704545455,3.465416139,7.89723
0.939393939,0.717171717,3.502678678,7.94258
0.939393939,0.72979798,3.539941217,7.98409
0.939393939,0.742424242,3.577203756,8.02192
0.939393939,0.755050505,3.614466295,8.05621
0.939393939,0.767676768,3.651728834,8.087110000000001
0.939393939,0.78030303,3.688991374,8.11477
0.939393939,0.792929293,3.726253913,8.139330000000001
0.939393939,0.805555556,3.763516452,8.16093
0.939393939,0.818181818,3.800778991,8.179730000000001
0.939393939,0.830808081,3.83804153,8.195870000000001
0.939393939,0.843434343,3.875304069,8.20951
0.939393939,0.856060606,3.912566608,8.22077
0.939393939,0.868686869,3.949829147,8.22982
0.939393939,0.881313131,3.987091687,8.236790000000001
0.939393939,0.893939394,4.024354226,8.24184
0.939393939,0.906565657,4.061616765,8.24511
0.939393939,0.919191919,4.098879304,8.24675
0.939393939,0.931818182,4.136141843,8.24691
0.939393939,0.944444444,4.173404382,8.24572
0.939393939,0.957070707,4.210666921,8.24334
0.939393939,0.96969697,4.24792946,8.23992
0.939393939,0.982323232,4.285192,8.2356
0.939393939,0.994949495,4.322454539,8.23052
0.939393939,1.007575758,4.359717078,8.22484
0.939393939,1.02020202,4.396979617,8.2187
0.939393939,1.032828283,4.434242156,8.212250000000001
0.939393939,1.045454545,4.471504695,8.205630000000001
0.939393939,1.058080808,4.508767234,8.19899
0.939393939,1.070707071,4.546029773,8.19248
0.939393939,1.083333333,4.583292313,8.18624
0.939393939,1.095959596,4.620554852,8.18042
0.939393939,1.108585859,4.657817391,8.17517
0.939393939,1.121212121,4.69507993,8.170630000000001
0.939393939,1.133838384,4.732342469,8.16695
0.939393939,1.146464646,4.769605008,8.16428
0.939393939,1.159090909,4.806867547,8.16276
0.939393939,1.171717172,4.844130086,8.16254
0.939393939,1.184343434,4.881392626,8.16377
0.939393939,1.196969697,4.918655165,8.166590000000001
0.939393939,1.20959596,4.955917704,8.17115
0.939393939,1.222222222,4.993180243,8.1776
0.939393939,1.234848485,5.030442782,8.18608
0.939393939,1.247474747,5.067705321,8.19674
0.939393939,1.26010101,5.10496786,8.20973
0.939393939,1.272727273,5.142230399,8.22518
0.939393939,1.285353535,5.179492939,8.24326
0.939393939,1.297979798,5.216755478,8.264100000000001
0.939393939,1.310606061,5.254018017,8.28786
0.939393939,1.323232323,5.291280556,8.31467
0.939393939,1.335858586,5.328543095,8.34469
0.939393939,1.348484848,5.365805634,8.37806
0.939393939,1.361111111,5.403068173,8.41493
0.939393939,1.373737374,5.440330712,8.45545
0.939393939,1.386363636,5.477593252,8.49976
0.939393939,1.398989899,5.514855791,8.548
0.939393939,1.411616162,5.55211833,8.60033
0.939393939,1.424242424,5.589380869,8.6569
0.939393939,1.436868687,5.626643408,8.71784
0.939393939,1.449494949,5.663905947,8.7833
0.939393939,1.462121212,5.701168486,8.85344
0.939393939,1.474747475,5.738431025,8.9284
0.939393939,1.487373737,5.775693565,9.00832
0.939393939,1.5,5.812956104,9.093350000000001
0.954545455,0.477272727,2.862484215,6.22909
0.954545455,0.48989899,2.900347763,6.371020000000001
0.954545455,0.502525253,2.938211311,6.50642
0.954545455,0.515151515,2.976074859,6.63543
0.954545455,0.527777778,3.013938407,6.7582
0.954545455,0.54040404,3.051801954,6.87488
0.954545455,0.553030303,3.089665502,6.98562
0.954545455,0.565656566,3.12752905,7.09055
0.954545455,0.578282828,3.165392598,7.18984
0.954545455,0.590909091,3.203256146,7.28362
0.954545455,0.603535354,3.241119694,7.372050000000001
0.954545455,0.616161616,3.278983241,7.45526
0.954545455,0.628787879,3.316846789,7.5334200000000004
0.954545455,0.641414141,3.354710337,7.60665
0.954545455,0.654040404,3.392573885,7.675120000000001
0.954545455,0.666666667,3.430437433,7.7389600000000005
0.954545455,0.679292929,3.468300981,7.79833
0.954545455,0.691919192,3.506164528,7.85337
0.954545455,0.704545455,3.544028076,7.9042200000000005
0.954545455,0.717171717,3.581891624,7.95105
0.954545455,0.72979798,3.619755172,7.9939800000000005
0.954545455,0.742424242,3.65761872,8.03317
0.954545455,0.755050505,3.695482267,8.06877
0.954545455,0.767676768,3.733345815,8.10092
0.954545455,0.78030303,3.771209363,8.12977
0.954545455,0.792929293,3.809072911,8.15546
0.954545455,0.805555556,3.846936459,8.17815
0.954545455,0.818181818,3.884800007,8.19798
0.954545455,0.830808081,3.922663554,8.21509
0.954545455,0.843434343,3.960527102,8.22964
0.954545455,0.856060606,3.99839065,8.24177
0.954545455,0.868686869,4.036254198,8.25162
0.954545455,0.881313131,4.074117746,8.25935
0.954545455,0.893939394,4.111981293,8.2651
0.954545455,0.906565657,4.149844841,8.26902
0.954545455,0.919191919,4.187708389,8.27126
0.954545455,0.931818182,4.225571937,8.27195
0.954545455,0.944444444,4.263435485,8.27126
0.954545455,0.957070707,4.301299033,8.26932
0.954545455,0.96969697,4.33916258,8.26628
0.954545455,0.982323232,4.377026128,8.26229
0.954545455,0.994949495,4.414889676,8.2575
0.954545455,1.007575758,4.452753224,8.25205
0.954545455,1.02020202,4.490616772,8.24609
0.954545455,1.032828283,4.52848032,8.23977
0.954545455,1.045454545,4.566343867,8.23323
0.954545455,1.058080808,4.604207415,8.22662
0.954545455,1.070707071,4.642070963,8.22009
0.954545455,1.083333333,4.679934511,8.21379
0.954545455,1.095959596,4.717798059,8.20785
0.954545455,1.108585859,4.755661606,8.202440000000001
0.954545455,1.121212121,4.793525154,8.19769
0.954545455,1.133838384,4.831388702,8.19375
0.954545455,1.146464646,4.86925225,8.19077
0.954545455,1.159090909,4.907115798,8.18889
0.954545455,1.171717172,4.944979346,8.188270000000001
0.954545455,1.184343434,4.982842893,8.18904
0.954545455,1.196969697,5.020706441,8.191370000000001
0.954545455,1.20959596,5.058569989,8.19538
0.954545455,1.222222222,5.096433537,8.20124
0.954545455,1.234848485,5.134297085,8.20908
0.954545455,1.247474747,5.172160633,8.21906
0.954545455,1.26010101,5.21002418,8.23132
0.954545455,1.272727273,5.247887728,8.246
0.954545455,1.285353535,5.285751276,8.26326
0.954545455,1.297979798,5.323614824,8.28325
0.954545455,1.310606061,5.361478372,8.3061
0.954545455,1.323232323,5.399341919,8.33196
0.954545455,1.335858586,5.437205467,8.360990000000001
0.954545455,1.348484848,5.475069015,8.393320000000001
0.954545455,1.361111111,5.512932563,8.42911
0.954545455,1.373737374,5.550796111,8.46851
0.954545455,1.386363636,5.588659659,8.51165
0.954545455,1.398989899,5.626523206,8.55869
0.954545455,1.411616162,5.664386754,8.609770000000001
0.954545455,1.424242424,5.702250302,8.66505
0.954545455,1.436868687,5.74011385,8.72466
0.954545455,1.449494949,5.777977398,8.78875
0.954545455,1.462121212,5.815840945,8.85748
0.954545455,1.474747475,5.853704493,8.93098
0.954545455,1.487373737,5.891568041,9.00941
0.954545455,1.5,5.929431589,9.09291
0.96969697,0.48989899,2.969463763,6.34147
0.96969697,0.502525253,3.00792832,6.47939
0.96969697,0.515151515,3.046392876,6.610860000000001
0.96969697,0.527777778,3.084857433,6.73603
0.96969697,0.54040404,3.123321989,6.85504
0.96969697,0.553030303,3.161786546,6.96805
0.96969697,0.565656566,3.200251102,7.075200000000001
0.96969697,0.578282828,3.238715659,7.17663
0.96969697,0.590909091,3.277180215,7.2725
0.96969697,0.603535354,3.315644772,7.3629500000000005
0.96969697,0.616161616,3.354109328,7.44813
0.96969697,0.628787879,3.392573885,7.52819
0.96969697,0.641414141,3.431038441,7.603260000000001
0.96969697,0.654040404,3.469502998,7.67351
0.96969697,0.666666667,3.507967554,7.73908
0.96969697,0.679292929,3.546432111,7.80011
0.96969697,0.691919192,3.584896667,7.85675
0.96969697,0.704545455,3.623361224,7.90915
0.96969697,0.717171717,3.66182578,7.95746
0.96969697,0.72979798,3.700290337,8.00182
0.96969697,0.742424242,3.738754894,8.04238
0.96969697,0.755050505,3.77721945,8.07929
0.96969697,0.767676768,3.815684007,8.1127
0.96969697,0.78030303,3.854148563,8.14275
0.96969697,0.792929293,3.89261312,8.16958
0.96969697,0.805555556,3.931077676,8.19336
0.96969697,0.818181818,3.969542233,8.214220000000001
0.96969697,0.830808081,4.008006789,8.2323
0.96969697,0.843434343,4.046471346,8.247770000000001
0.96969697,0.856060606,4.084935902,8.26076
0.96969697,0.868686869,4.123400459,8.27143
0.96969697,0.881313131,4.161865015,8.279910000000001
0.96969697,0.893939394,4.200329572,8.28636
0.96969697,0.906565657,4.238794128,8.29093
0.96969697,0.919191919,4.277258685,8.29376
0.96969697,0.931818182,4.315723241,8.295
0.96969697,0.944444444,4.354187798,8.29479
0.96969697,0.957070707,4.392652354,8.293280000000001
0.96969697,0.96969697,4.431116911,8.29063
0.96969697,0.982323232,4.469581467,8.28697
0.96969697,0.994949495,4.508046024,8.28246
0.96969697,1.007575758,4.54651058,8.27724
0.96969697,1.02020202,4.584975137,8.27146
0.96969697,1.032828283,4.623439693,8.26526
0.96969697,1.045454545,4.66190425,8.2588
0.96969697,1.058080808,4.700368806,8.25222
0.96969697,1.070707071,4.738833363,8.24567
0.96969697,1.083333333,4.77729792,8.23929
0.96969697,1.095959596,4.815762476,8.23324
0.96969697,1.108585859,4.854227033,8.22765
0.96969697,1.121212121,4.892691589,8.22268
0.96969697,1.133838384,4.931156146,8.21848
0.96969697,1.146464646,4.969620702,8.21518
0.96969697,1.159090909,5.008085259,8.21294
0.96969697,1.171717172,5.046549815,8.21191
0.96969697,1.184343434,5.085014372,8.21224
0.96969697,1.196969697,5.123478928,8.21406
0.96969697,1.20959596,5.161943485,8.21753
0.96969697,1.222222222,5.200408041,8.22279
0.96969697,1.234848485,5.238872598,8.22999
0.96969697,1.247474747,5.277337154,8.23929
0.96969697,1.26010101,5.315801711,8.250820000000001
0.96969697,1.272727273,5.354266267,8.26473
0.96969697,1.285353535,5.392730824,8.28117
0.96969697,1.297979798,5.43119538,8.30029
0.96969697,1.310606061,5.469659937,8.32224
0.96969697,1.323232323,5.508124493,8.347150000000001
0.96969697,1.335858586,5.54658905,8.37519
0.96969697,1.348484848,5.585053606,8.40649
0.96969697,1.361111111,5.623518163,8.44121
0.96969697,1.373737374,5.661982719,8.47948
0.96969697,1.386363636,5.700447276,8.52147
0.96969697,1.398989899,5.738911832,8.5673
0.96969697,1.411616162,5.777376389,8.617140000000001
0.96969697,1.424242424,5.815840945,8.67114
0.96969697,1.436868687,5.854305502,8.729420000000001
0.96969697,1.449494949,5.892770059,8.79215
0.96969697,1.462121212,5.931234615,8.85948
0.96969697,1.474747475,5.969699172,8.93154
0.96969697,1.487373737,6.008163728,9.00848
0.96969697,1.5,6.046628285,9.09046
0.984848485,0.502525253,3.078366539,6.4498500000000005
0.984848485,0.515151515,3.117432104,6.583810000000001
0.984848485,0.527777778,3.156497669,6.7114
0.984848485,0.54040404,3.195563234,6.8327800000000005
0.984848485,0.553030303,3.2346288,6.9480900000000005
0.984848485,0.565656566,3.273694365,7.05747
0.984848485,0.578282828,3.31275993,7.16108
0.984848485,0.590909091,3.351825495,7.25905
0.984848485,0.603535354,3.390891061,7.3515500000000005
0.984848485,0.616161616,3.429956626,7.43871
0.984848485,0.628787879,3.469022191,7.52069
0.984848485,0.641414141,3.508087756,7.5976300000000005
0.984848485,0.654040404,3.547153321,7.6696800000000005
0.984848485,0.666666667,3.586218887,7.73698
0.984848485,0.679292929,3.625284452,7.79969
0.984848485,0.691919192,3.664350017,7.857950000000001
0.984848485,0.704545455,3.703415582,7.911910000000001
0.984848485,0.717171717,3.742481147,7.96171
0.984848485,0.72979798,3.781546713,8.00752
0.984848485,0.742424242,3.820612278,8.04946
0.984848485,0.755050505,3.859677843,8.08769
0.984848485,0.767676768,3.898743408,8.12236
0.984848485,0.78030303,3.937808974,8.15361
0.984848485,0.792929293,3.976874539,8.1816
0.984848485,0.805555556,4.015940104,8.20646
0.984848485,0.818181818,4.055005669,8.22836
0.984848485,0.830808081,4.094071234,8.24742
0.984848485,0.843434343,4.1331368,8.26381
0.984848485,0.856060606,4.172202365,8.27767
0.984848485,0.868686869,4.21126793,8.289150000000001
0.984848485,0.881313131,4.250333495,8.29839
0.984848485,0.893939394,4.28939906,8.30555
0.984848485,0.906565657,4.328464626,8.31076
0.984848485,0.919191919,4.367530191,8.31419
0.984848485,0.931818182,4.406595756,8.31596
0.984848485,0.944444444,4.445661321,8.31624
0.984848485,0.957070707,4.484726886,8.31517
0.984848485,0.96969697,4.523792452,8.3129
0.984848485,0.982323232,4.562858017,8.30958
0.984848485,0.994949495,4.601923582,8.305340000000001
0.984848485,1.007575758,4.640989147,8.30035
0.984848485,1.02020202,4.680054713,8.29475
0.984848485,1.032828283,4.719120278,8.28868
0.984848485,1.045454545,4.758185843,8.28229
0.984848485,1.058080808,4.797251408,8.27574
0.984848485,1.070707071,4.836316973,8.26916
0.984848485,1.083333333,4.875382539,8.26271
0.984848485,1.095959596,4.914448104,8.25653
0.984848485,1.108585859,4.953513669,8.250770000000001
0.984848485,1.121212121,4.992579234,8.24558
0.984848485,1.133838384,5.031644799,8.24111
0.984848485,1.146464646,5.070710365,8.2375
0.984848485,1.159090909,5.10977593,8.2349
0.984848485,1.171717172,5.148841495,8.233460000000001
0.984848485,1.184343434,5.18790706,8.23333
0.984848485,1.196969697,5.226972626,8.23465
0.984848485,1.20959596,5.266038191,8.23757
0.984848485,1.222222222,5.305103756,8.24224
0.984848485,1.234848485,5.344169321,8.24881
0.984848485,1.247474747,5.383234886,8.25742
0.984848485,1.26010101,5.422300452,8.26822
0.984848485,1.272727273,5.461366017,8.28136
0.984848485,1.285353535,5.500431582,8.29698
0.984848485,1.297979798,5.539497147,8.31525
0.984848485,1.310606061,5.578562712,8.33629
0.984848485,1.323232323,5.617628278,8.36026
0.984848485,1.335858586,5.656693843,8.38731
0.984848485,1.348484848,5.695759408,8.417580000000001
0.984848485,1.361111111,5.734824973,8.45123
0.984848485,1.373737374,5.773890539,8.48839
0.984848485,1.386363636,5.812956104,8.52922
0.984848485,1.398989899,5.852021669,8.57387
0.984848485,1.411616162,5.891087234,8.62248
0.984848485,1.424242424,5.930152799,8.67519
0.984848485,1.436868687,5.969218365,8.73217
0.984848485,1.449494949,6.00828393,8.79355
0.984848485,1.462121212,6.047349495,8.85948
0.984848485,1.474747475,6.08641506,8.93011
0.984848485,1.487373737,6.125480625,9.00559
0.984848485,1.5,6.164546191,9.08606
1.0,0.502525253,3.149525968,6.41765
1.0,0.515151515,3.189192542,6.55414
1.0,0.527777778,3.228859116,6.68419
1.0,0.54040404,3.26852569,6.8079600000000005
1.0,0.553030303,3.308192264,6.9256
1.0,0.565656566,3.347858838,7.037240000000001
1.0,0.578282828,3.387525412,7.14304
1.0,0.590909091,3.427191986,7.24315
1.0,0.603535354,3.46685856,7.33772
1.0,0.616161616,3.506525134,7.42689
1.0,0.628787879,3.546191707,7.51081
1.0,0.641414141,3.585858281,7.5896300000000005
1.0,0.654040404,3.625524855,7.66349
1.0,0.666666667,3.665191429,7.73255
1.0,0.679292929,3.704858003,7.79696
1.0,0.691919192,3.744524577,7.8568500000000006
1.0,0.704545455,3.784191151,7.912380000000001
1.0,0.717171717,3.823857725,7.9637
1.0,0.72979798,3.863524299,8.010950000000001
1.0,0.742424242,3.903190873,8.05429
1.0,0.755050505,3.942857447,8.09386
1.0,0.767676768,3.98252402,8.1298
1.0,0.78030303,4.022190594,8.16227
1.0,0.792929293,4.061857168,8.19141
1.0,0.805555556,4.101523742,8.21738
1.0,0.818181818,4.141190316,8.240310000000001
1.0,0.830808081,4.18085689,8.26037
1.0,0.843434343,4.220523464,8.27769
1.0,0.856060606,4.260190038,8.29242
1.0,0.868686869,4.299856612,8.30472
1.0,0.881313131,4.339523186,8.31472
1.0,0.893939394,4.37918976,8.32258
1.0,0.906565657,4.418856333,8.32845
1.0,0.919191919,4.458522907,8.33247
1.0,0.931818182,4.498189481,8.33479
1.0,0.944444444,4.537856055,8.335560000000001
1.0,0.957070707,4.577522629,8.33493
1.0,0.96969697,4.617189203,8.33304
1.0,0.982323232,4.656855777,8.33005
1.0,0.994949495,4.696522351,8.3261
1.0,1.007575758,4.736188925,8.32133
1.0,1.02020202,4.775855499,8.31591
1.0,1.032828283,4.815522073,8.30996
1.0,1.045454545,4.855188646,8.303650000000001
1.0,1.058080808,4.89485522,8.29712
1.0,1.070707071,4.934521794,8.29052
1.0,1.083333333,4.974188368,8.284
1.0,1.095959596,5.013854942,8.2777
1.0,1.108585859,5.053521516,8.27177
1.0,1.121212121,5.09318809,8.26636
1.0,1.133838384,5.132854664,8.26162
1.0,1.146464646,5.172521238,8.2577
1.0,1.159090909,5.212187812,8.25474
1.0,1.171717172,5.251854386,8.25289
1.0,1.184343434,5.291520959,8.25231
1.0,1.196969697,5.331187533,8.25313
1.0,1.20959596,5.370854107,8.2555
1.0,1.222222222,5.410520681,8.25958
1.0,1.234848485,5.450187255,8.26551
1.0,1.247474747,5.489853829,8.27344
1.0,1.26010101,5.529520403,8.283520000000001
1.0,1.272727273,5.569186977,8.29589
1.0,1.285353535,5.608853551,8.31071
1.0,1.297979798,5.648520125,8.32812
1.0,1.310606061,5.688186699,8.34827
1.0,1.323232323,5.727853272,8.3713
1.0,1.335858586,5.767519846,8.39737
1.0,1.348484848,5.80718642,8.42662
1.0,1.361111111,5.846852994,8.459200000000001
1.0,1.373737374,5.886519568,8.49527
1.0,1.386363636,5.926186142,8.53495
1.0,1.398989899,5.965852716,8.57842
1.0,1.411616162,6.00551929,8.6258
1.0,1.424242424,6.045185864,8.67726
1.0,1.436868687,6.084852438,8.73293
1.0,1.449494949,6.124519012,8.79297
1.0,1.462121212,6.164185585,8.85753
1.0,1.474747475,6.203852159,8.92675
1.0,1.487373737,6.243518733,9.00078
1.0,1.5,6.283185307,9.07976
1.015151515,0.515151515,3.261674191,6.52172
1.015151515,0.527777778,3.301941774,6.65427
1.015151515,0.54040404,3.342209356,6.780460000000001
1.015151515,0.553030303,3.382476939,6.90045
1.015151515,0.565656566,3.422744521,7.014390000000001
1.015151515,0.578282828,3.463012104,7.12242
1.015151515,0.590909091,3.503279687,7.22469
1.015151515,0.603535354,3.543547269,7.32135
1.015151515,0.616161616,3.583814852,7.41255
1.015151515,0.628787879,3.624082434,7.49843
1.015151515,0.641414141,3.664350017,7.57915
1.015151515,0.654040404,3.7046176,7.65486
1.015151515,0.666666667,3.744885182,7.72569
1.015151515,0.679292929,3.785152765,7.79181
1.015151515,0.691919192,3.825420347,7.85335
1.015151515,0.704545455,3.86568793,7.910480000000001
1.015151515,0.717171717,3.905955513,7.96332
1.015151515,0.72979798,3.946223095,8.01204
1.015151515,0.742424242,3.986490678,8.05679
1.015151515,0.755050505,4.02675826,8.0977
1.015151515,0.767676768,4.067025843,8.13493
1.015151515,0.78030303,4.107293426,8.16863
1.015151515,0.792929293,4.147561008,8.19894
1.015151515,0.805555556,4.187828591,8.22602
1.015151515,0.818181818,4.228096173,8.25001
1.015151515,0.830808081,4.268363756,8.27106
1.015151515,0.843434343,4.308631339,8.28931
1.015151515,0.856060606,4.348898921,8.30493
1.015151515,0.868686869,4.389166504,8.31805
1.015151515,0.881313131,4.429434087,8.32882
1.015151515,0.893939394,4.469701669,8.3374
1.015151515,0.906565657,4.509969252,8.34392
1.015151515,0.919191919,4.550236834,8.34855
1.015151515,0.931818182,4.590504417,8.351420000000001
1.015151515,0.944444444,4.630772,8.35269
1.015151515,0.957070707,4.671039582,8.352500000000001
1.015151515,0.96969697,4.711307165,8.351
1.015151515,0.982323232,4.751574747,8.34834
1.015151515,0.994949495,4.79184233,8.34467
1.015151515,1.007575758,4.832109913,8.34014
1.015151515,1.02020202,4.872377495,8.334900000000001
1.015151515,1.032828283,4.912645078,8.32908
1.015151515,1.045454545,4.95291266,8.32285
1.015151515,1.058080808,4.993180243,8.31635
1.015151515,1.070707071,5.033447826,8.30973
1.015151515,1.083333333,5.073715408,8.30314
1.015151515,1.095959596,5.113982991,8.29672
1.015151515,1.108585859,5.154250573,8.29062
1.015151515,1.121212121,5.194518156,8.285
1.015151515,1.133838384,5.234785739,8.280000000000001
1.015151515,1.146464646,5.275053321,8.27577
1.015151515,1.159090909,5.315320904,8.272450000000001
1.015151515,1.171717172,5.355588486,8.2702
1.015151515,1.184343434,5.395856069,8.26916
1.015151515,1.196969697,5.436123652,8.269490000000001
1.015151515,1.20959596,5.476391234,8.271320000000001
1.015151515,1.222222222,5.516658817,8.27482
1.015151515,1.234848485,5.556926399,8.28012
1.015151515,1.247474747,5.597193982,8.287370000000001
1.015151515,1.26010101,5.637461565,8.29674
1.015151515,1.272727273,5.677729147,8.30835
1.015151515,1.285353535,5.71799673,8.32236
1.015151515,1.297979798,5.758264312,8.33892
1.015151515,1.310606061,5.798531895,8.35818
1.015151515,1.323232323,5.838799478,8.38029
1.015151515,1.335858586,5.87906706,8.40539
1.015151515,1.348484848,5.919334643,8.43363
1.015151515,1.361111111,5.959602225,8.465160000000001
1.015151515,1.373737374,5.999869808,8.50013
1.015151515,1.386363636,6.040137391,8.53869
1.015151515,1.398989899,6.080404973,8.58099
1.015151515,1.411616162,6.120672556,8.62716
1.015151515,1.424242424,6.160940138,8.67737
1.015151515,1.436868687,6.201207721,8.73176
1.015151515,1.449494949,6.241475304,8.79048
1.015151515,1.462121212,6.281742886,8.85368
1.015151515,1.474747475,6.322010469,8.9215
1.015151515,1.487373737,6.362278052,8.9941
1.015151515,1.5,6.402545634,9.071620000000001
1.03030303,0.515151515,3.33487705,6.4864500000000005
1.03030303,0.527777778,3.375745641,6.62152
1.03030303,0.54040404,3.416614233,6.75017
1.03030303,0.553030303,3.457482824,6.87254
1.03030303,0.565656566,3.498351415,6.9888
1.03030303,0.578282828,3.539220007,7.09908
1.03030303,0.590909091,3.580088598,7.20354
1.03030303,0.603535354,3.620957189,7.30232
1.03030303,0.616161616,3.66182578,7.39558
1.03030303,0.628787879,3.702694372,7.48345
1.03030303,0.641414141,3.743562963,7.5661000000000005
1.03030303,0.654040404,3.784431554,7.64367
1.03030303,0.666666667,3.825300146,7.7163
1.03030303,0.679292929,3.866168737,7.78415
1.03030303,0.691919192,3.907037328,7.847370000000001
1.03030303,0.704545455,3.94790592,7.9061
1.03030303,0.717171717,3.988774511,7.96049
1.03030303,0.72979798,4.029643102,8.0107
1.03030303,0.742424242,4.070511693,8.05686
1.03030303,0.755050505,4.111380285,8.09914
1.03030303,0.767676768,4.152248876,8.13767
1.03030303,0.78030303,4.193117467,8.17261
1.03030303,0.792929293,4.233986059,8.20411
1.03030303,0.805555556,4.27485465,8.23231
1.03030303,0.818181818,4.315723241,8.25736
1.03030303,0.830808081,4.356591833,8.27942
1.03030303,0.843434343,4.397460424,8.29862
1.03030303,0.856060606,4.438329015,8.31513
1.03030303,0.868686869,4.479197606,8.32909
1.03030303,0.881313131,4.520066198,8.34064
1.03030303,0.893939394,4.560934789,8.34994
1.03030303,0.906565657,4.60180338,8.35713
1.03030303,0.919191919,4.642671972,8.36237
1.03030303,0.931818182,4.683540563,8.3658
1.03030303,0.944444444,4.724409154,8.36757
1.03030303,0.957070707,4.765277746,8.36783
1.03030303,0.96969697,4.806146337,8.36672
1.03030303,0.982323232,4.847014928,8.36441
1.03030303,0.994949495,4.887883519,8.36103
1.03030303,1.007575758,4.928752111,8.35674
1.03030303,1.02020202,4.969620702,8.35168
1.03030303,1.032828283,5.010489293,8.34601
1.03030303,1.045454545,5.051357885,8.33986
1.03030303,1.058080808,5.092226476,8.333400000000001
1.03030303,1.070707071,5.133095067,8.32676
1.03030303,1.083333333,5.173963659,8.3201
1.03030303,1.095959596,5.21483225,8.31357
1.03030303,1.108585859,5.255700841,8.30732
1.03030303,1.121212121,5.296569432,8.30149
1.03030303,1.133838384,5.337438024,8.29623
1.03030303,1.146464646,5.378306615,8.291690000000001
1.03030303,1.159090909,5.419175206,8.28802
1.03030303,1.171717172,5.460043798,8.28537
1.03030303,1.184343434,5.500912389,8.28389
1.03030303,1.196969697,5.54178098,8.28373
1.03030303,1.20959596,5.582649572,8.28503
1.03030303,1.222222222,5.623518163,8.28795
1.03030303,1.234848485,5.664386754,8.29263
1.03030303,1.247474747,5.705255345,8.29922
1.03030303,1.26010101,5.746123937,8.30788
1.03030303,1.272727273,5.786992528,8.31874
1.03030303,1.285353535,5.827861119,8.33196
1.03030303,1.297979798,5.868729711,8.34769
1.03030303,1.310606061,5.909598302,8.36607
1.03030303,1.323232323,5.950466893,8.38726
1.03030303,1.335858586,5.991335485,8.4114
1.03030303,1.348484848,6.032204076,8.43864
1.03030303,1.361111111,6.073072667,8.46914
1.03030303,1.373737374,6.113941259,8.50303
1.03030303,1.386363636,6.15480985,8.540470000000001
1.03030303,1.398989899,6.195678441,8.58161
1.03030303,1.411616162,6.236547032,8.6266
1.03030303,1.424242424,6.277415624,8.67558
1.03030303,1.436868687,6.318284215,8.7287
1.03030303,1.449494949,6.359152806,8.78612
1.03030303,1.462121212,6.400021398,8.84798
1.03030303,1.474747475,6.440889989,8.91443
1.03030303,1.487373737,6.48175858,8.98561
1.03030303,1.5,6.522627172,9.06169
1.045454545,0.527777778,3.45027072,6.58582
1.045454545,0.54040404,3.49174032,6.71696
1.045454545,0.553030303,3.53320992,6.84176
1.045454545,0.565656566,3.57467952,6.96037
1.045454545,0.578282828,3.61614912,7.07294
1.045454545,0.590909091,3.65761872,7.17962
1.045454545,0.603535354,3.69908832,7.28055
1.045454545,0.616161616,3.74055792,7.37589
1.045454545,0.628787879,3.78202752,7.4657800000000005
1.045454545,0.641414141,3.82349712,7.5503800000000005
1.045454545,0.654040404,3.86496672,7.62983
1.045454545,0.666666667,3.90643632,7.70429
1.045454545,0.679292929,3.94790592,7.773890000000001
1.045454545,0.691919192,3.98937552,7.8388
1.045454545,0.704545455,4.03084512,7.89916
1.045454545,0.717171717,4.07231472,7.95512
1.045454545,0.72979798,4.11378432,8.00683
1.045454545,0.742424242,4.15525392,8.05444
1.045454545,0.755050505,4.19672352,8.098090000000001
1.045454545,0.767676768,4.23819312,8.13795
1.045454545,0.78030303,4.27966272,8.17414
1.045454545,0.792929293,4.32113232,8.20684
1.045454545,0.805555556,4.36260192,8.236180000000001
1.045454545,0.818181818,4.40407152,8.26231
1.045454545,0.830808081,4.44554112,8.28539
1.045454545,0.843434343,4.48701072,8.30556
1.045454545,0.856060606,4.52848032,8.32297
1.045454545,0.868686869,4.56994992,8.33777
1.045454545,0.881313131,4.61141952,8.35012
1.045454545,0.893939394,4.65288912,8.36015
1.045454545,0.906565657,4.69435872,8.36802
1.045454545,0.919191919,4.73582832,8.37388
1.045454545,0.931818182,4.77729792,8.377880000000001
1.045454545,0.944444444,4.81876752,8.38016
1.045454545,0.957070707,4.860237119,8.38088
1.045454545,0.96969697,4.901706719,8.380180000000001
1.045454545,0.982323232,4.943176319,8.37822
1.045454545,0.994949495,4.984645919,8.37514
1.045454545,1.007575758,5.026115519,8.3711
1.045454545,1.02020202,5.067585119,8.36624
1.045454545,1.032828283,5.109054719,8.360710000000001
1.045454545,1.045454545,5.150524319,8.35466
1.045454545,1.058080808,5.191993919,8.348230000000001
1.045454545,1.070707071,5.233463519,8.34159
1.045454545,1.083333333,5.274933119,8.33488
1.045454545,1.095959596,5.316402719,8.328240000000001
1.045454545,1.108585859,5.357872319,8.32184
1.045454545,1.121212121,5.399341919,8.3158
1.045454545,1.133838384,5.440811519,8.3103
1.045454545,1.146464646,5.482281119,8.30547
1.045454545,1.159090909,5.523750719,8.30146
1.045454545,1.171717172,5.565220319,8.29842
1.045454545,1.184343434,5.606689919,8.29651
1.045454545,1.196969697,5.648159519,8.29587
1.045454545,1.20959596,5.689629119,8.29665
1.045454545,1.222222222,5.731098719,8.299
1.045454545,1.234848485,5.772568319,8.30307
1.045454545,1.247474747,5.814037919,8.30901
1.045454545,1.26010101,5.855507519,8.31696
1.045454545,1.272727273,5.896977119,8.32708
1.045454545,1.285353535,5.938446719,8.33952
1.045454545,1.297979798,5.979916319,8.35443
1.045454545,1.310606061,6.021385919,8.37195
1.045454545,1.323232323,6.062855519,8.39223
1.045454545,1.335858586,6.104325119,8.41543
1.045454545,1.348484848,6.145794719,8.44169
1.045454545,1.361111111,6.187264319,8.47117
1.045454545,1.373737374,6.228733919,8.504
1.045454545,1.386363636,6.270203519,8.54034
1.045454545,1.398989899,6.311673119,8.580350000000001
1.045454545,1.411616162,6.353142719,8.62416
1.045454545,1.424242424,6.394612319,8.67193
1.045454545,1.436868687,6.436081919,8.72381
1.045454545,1.449494949,6.477551519,8.77995
1.045454545,1.462121212,6.519021119,8.84049
1.045454545,1.474747475,6.560490719,8.90558
1.045454545,1.487373737,6.601960319,8.97538
1.045454545,1.5,6.643429919,9.050040000000001
1.060606061,0.54040404,3.567587617,6.68076
1.060606061,0.553030303,3.609658226,6.80801
1.060606061,0.565656566,3.651728834,6.92901
1.060606061,0.578282828,3.693799443,7.04389
1.060606061,0.590909091,3.735870052,7.15282
1.060606061,0.603535354,3.77794066,7.25593
1.060606061,0.616161616,3.820011269,7.3533800000000005
1.060606061,0.628787879,3.862081878,7.445320000000001
1.060606061,0.641414141,3.904152487,7.5319
1.060606061,0.654040404,3.946223095,7.61326
1.060606061,0.666666667,3.988293704,7.68956
1.060606061,0.679292929,4.030364313,7.76095
1.060606061,0.691919192,4.072434921,7.82758
1.060606061,0.704545455,4.11450553,7.88959
1.060606061,0.717171717,4.156576139,7.94714
1.060606061,0.72979798,4.198646747,8.00037
1.060606061,0.742424242,4.240717356,8.04944
1.060606061,0.755050505,4.282787965,8.0945
1.060606061,0.767676768,4.324858573,8.13569
1.060606061,0.78030303,4.366929182,8.173160000000001
1.060606061,0.792929293,4.408999791,8.20708
1.060606061,0.805555556,4.4510704,8.23757
1.060606061,0.818181818,4.493141008,8.264800000000001
1.060606061,0.830808081,4.535211617,8.28891
1.060606061,0.843434343,4.577282226,8.31006
1.060606061,0.856060606,4.619352834,8.32839
1.060606061,0.868686869,4.661423443,8.34406
1.060606061,0.881313131,4.703494052,8.3572
1.060606061,0.893939394,4.74556466,8.36799
1.060606061,0.906565657,4.787635269,8.37655
1.060606061,0.919191919,4.829705878,8.38304
1.060606061,0.931818182,4.871776486,8.38762
1.060606061,0.944444444,4.913847095,8.39043
1.060606061,0.957070707,4.955917704,8.39162
1.060606061,0.96969697,4.997988313,8.39134
1.060606061,0.982323232,5.040058921,8.38974
1.060606061,0.994949495,5.08212953,8.38698
1.060606061,1.007575758,5.124200139,8.38319
1.060606061,1.02020202,5.166270747,8.378540000000001
1.060606061,1.032828283,5.208341356,8.37316
1.060606061,1.045454545,5.250411965,8.36722
1.060606061,1.058080808,5.292482573,8.360850000000001
1.060606061,1.070707071,5.334553182,8.35421
1.060606061,1.083333333,5.376623791,8.34746
1.060606061,1.095959596,5.418694399,8.34073
1.060606061,1.108585859,5.460765008,8.33418
1.060606061,1.121212121,5.502835617,8.327960000000001
1.060606061,1.133838384,5.544906226,8.32221
1.060606061,1.146464646,5.586976834,8.3171
1.060606061,1.159090909,5.629047443,8.31276
1.060606061,1.171717172,5.671118052,8.30935
1.060606061,1.184343434,5.71318866,8.30701
1.060606061,1.196969697,5.755259269,8.30591
1.060606061,1.20959596,5.797329878,8.30618
1.060606061,1.222222222,5.839400486,8.307970000000001
1.060606061,1.234848485,5.881471095,8.311440000000001
1.060606061,1.247474747,5.923541704,8.316740000000001
1.060606061,1.26010101,5.965612312,8.32401
1.060606061,1.272727273,6.007682921,8.33341
1.060606061,1.285353535,6.04975353,8.34509
1.060606061,1.297979798,6.091824139,8.35919
1.060606061,1.310606061,6.133894747,8.37586
1.060606061,1.323232323,6.175965356,8.39526
1.060606061,1.335858586,6.218035965,8.417530000000001
1.060606061,1.348484848,6.260106573,8.442820000000001
1.060606061,1.361111111,6.302177182,8.47129
1.060606061,1.373737374,6.344247791,8.50308
1.060606061,1.386363636,6.386318399,8.53835
1.060606061,1.398989899,6.428389008,8.57724
1.060606061,1.411616162,6.470459617,8.6199
1.060606061,1.424242424,6.512530225,8.66648
1.060606061,1.436868687,6.554600834,8.71714
1.060606061,1.449494949,6.596671443,8.77201
1.060606061,1.462121212,6.638742051,8.83126
1.060606061,1.474747475,6.68081266,8.89503
1.060606061,1.487373737,6.722883269,8.963470000000001
1.060606061,1.5,6.764953878,9.03673
1.075757576,0.54040404,3.644156125,6.64144
1.075757576,0.553030303,3.686827742,6.77119
1.075757576,0.565656566,3.72949936,6.89461
1.075757576,0.578282828,3.772170977,7.01185
1.075757576,0.590909091,3.814842594,7.123060000000001
1.075757576,0.603535354,3.857514212,7.2283800000000005
1.075757576,0.616161616,3.900185829,7.32798
1.075757576,0.628787879,3.942857447,7.42199
1.075757576,0.641414141,3.985529064,7.51058
1.075757576,0.654040404,4.028200681,7.59388
1.075757576,0.666666667,4.070872299,7.67206
1.075757576,0.679292929,4.113543916,7.74525
1.075757576,0.691919192,4.156215533,7.81362
1.075757576,0.704545455,4.198887151,7.8773100000000005
1.075757576,0.717171717,4.241558768,7.93647
1.075757576,0.72979798,4.284230386,7.99125
1.075757576,0.742424242,4.326902003,8.04181
1.075757576,0.755050505,4.36957362,8.08829
1.075757576,0.767676768,4.412245238,8.130840000000001
1.075757576,0.78030303,4.454916855,8.16961
1.075757576,0.792929293,4.497588473,8.20476
1.075757576,0.805555556,4.54026009,8.23643
1.075757576,0.818181818,4.582931707,8.26477
1.075757576,0.830808081,4.625603325,8.28994
1.075757576,0.843434343,4.668274942,8.31209
1.075757576,0.856060606,4.71094656,8.33135
1.075757576,0.868686869,4.753618177,8.347900000000001
1.075757576,0.881313131,4.796289794,8.36187
1.075757576,0.893939394,4.838961412,8.37341
1.075757576,0.906565657,4.881633029,8.38268
1.075757576,0.919191919,4.924304646,8.38983
1.075757576,0.931818182,4.966976264,8.395
1.075757576,0.944444444,5.009647881,8.39835
1.075757576,0.957070707,5.052319499,8.40002
1.075757576,0.96969697,5.094991116,8.40018
1.075757576,0.982323232,5.137662733,8.39896
1.075757576,0.994949495,5.180334351,8.39652
1.075757576,1.007575758,5.223005968,8.393
1.075757576,1.02020202,5.265677586,8.38857
1.075757576,1.032828283,5.308349203,8.38336
1.075757576,1.045454545,5.35102082,8.37754
1.075757576,1.058080808,5.393692438,8.37124
1.075757576,1.070707071,5.436364055,8.36462
1.075757576,1.083333333,5.479035672,8.35783
1.075757576,1.095959596,5.52170729,8.35102
1.075757576,1.108585859,5.564378907,8.34434
1.075757576,1.121212121,5.607050525,8.337950000000001
1.075757576,1.133838384,5.649722142,8.33198
1.075757576,1.146464646,5.692393759,8.32659
1.075757576,1.159090909,5.735065377,8.32194
1.075757576,1.171717172,5.777736994,8.31817
1.075757576,1.184343434,5.820408612,8.31542
1.075757576,1.196969697,5.863080229,8.31387
1.075757576,1.20959596,5.905751846,8.31364
1.075757576,1.222222222,5.948423464,8.3149
1.075757576,1.234848485,5.991095081,8.31779
1.075757576,1.247474747,6.033766699,8.32246
1.075757576,1.26010101,6.076438316,8.32907
1.075757576,1.272727273,6.119109933,8.33776
1.075757576,1.285353535,6.161781551,8.34868
1.075757576,1.297979798,6.204453168,8.36199
1.075757576,1.310606061,6.247124785,8.37783
1.075757576,1.323232323,6.289796403,8.39636
1.075757576,1.335858586,6.33246802,8.41773
1.075757576,1.348484848,6.375139638,8.44208
1.075757576,1.361111111,6.417811255,8.46956
1.075757576,1.373737374,6.460482872,8.50033
1.075757576,1.386363636,6.50315449,8.53454
1.075757576,1.398989899,6.545826107,8.57234
1.075757576,1.411616162,6.588497725,8.61387
1.075757576,1.424242424,6.631169342,8.65929
1.075757576,1.436868687,6.673840959,8.70874
1.075757576,1.449494949,6.716512577,8.76239
1.075757576,1.462121212,6.759184194,8.82037
1.075757576,1.474747475,6.801855811,8.88284
1.075757576,1.487373737,6.844527429,8.94995
1.075757576,1.5,6.887199046,9.021840000000001
1.090909091,0.553030303,3.764718469,6.73122
1.090909091,0.565656566,3.807991095,6.8571
1.090909091,0.578282828,3.851263721,6.97673
1.090909091,0.590909091,3.894536347,7.09025
1.090909091,0.603535354,3.937808974,7.19782
1.090909091,0.616161616,3.9810816,7.29959
1.090909091,0.628787879,4.024354226,7.39572
1.090909091,0.641414141,4.067626852,7.48634
1.090909091,0.654040404,4.110899478,7.57162
1.090909091,0.666666667,4.154172104,7.6517
1.090909091,0.679292929,4.19744473,7.72673
1.090909091,0.691919192,4.240717356,7.79687
1.090909091,0.704545455,4.283989982,7.86226
1.090909091,0.717171717,4.327262608,7.92306
1.090909091,0.72979798,4.370535234,7.97942
1.090909091,0.742424242,4.41380786,8.03148
1.090909091,0.755050505,4.457080486,8.079410000000001
1.090909091,0.767676768,4.500353113,8.12334
1.090909091,0.78030303,4.543625739,8.16343
1.090909091,0.792929293,4.586898365,8.19984
1.090909091,0.805555556,4.630170991,8.23271
1.090909091,0.818181818,4.673443617,8.26219
1.090909091,0.830808081,4.716716243,8.28843
1.090909091,0.843434343,4.759988869,8.31159
1.090909091,0.856060606,4.803261495,8.33182
1.090909091,0.868686869,4.846534121,8.349260000000001
1.090909091,0.881313131,4.889806747,8.36406
1.090909091,0.893939394,4.933079373,8.37639
1.090909091,0.906565657,4.976351999,8.38639
1.090909091,0.919191919,5.019624626,8.3942
1.090909091,0.931818182,5.062897252,8.39999
1.090909091,0.944444444,5.106169878,8.40389
1.090909091,0.957070707,5.149442504,8.40607
1.090909091,0.96969697,5.19271513,8.40667
1.090909091,0.982323232,5.235987756,8.405850000000001
1.090909091,0.994949495,5.279260382,8.40375
1.090909091,1.007575758,5.322533008,8.40052
1.090909091,1.02020202,5.365805634,8.396320000000001
1.090909091,1.032828283,5.40907826,8.391300000000001
1.090909091,1.045454545,5.452350886,8.38561
1.090909091,1.058080808,5.495623512,8.37939
1.090909091,1.070707071,5.538896139,8.37281
1.090909091,1.083333333,5.582168765,8.366
1.090909091,1.095959596,5.625441391,8.35913
1.090909091,1.108585859,5.668714017,8.35234
1.090909091,1.121212121,5.711986643,8.34578
1.090909091,1.133838384,5.755259269,8.33961
1.090909091,1.146464646,5.798531895,8.33397
1.090909091,1.159090909,5.841804521,8.32901
1.090909091,1.171717172,5.885077147,8.32489
1.090909091,1.184343434,5.928349773,8.32176
1.090909091,1.196969697,5.971622399,8.31977
1.090909091,1.20959596,6.014895025,8.31906
1.090909091,1.222222222,6.058167652,8.3198
1.090909091,1.234848485,6.101440278,8.32212
1.090909091,1.247474747,6.144712904,8.32619
1.090909091,1.26010101,6.18798553,8.33215
1.090909091,1.272727273,6.231258156,8.34015
1.090909091,1.285353535,6.274530782,8.350340000000001
1.090909091,1.297979798,6.317803408,8.36288
1.090909091,1.310606061,6.361076034,8.37792
1.090909091,1.323232323,6.40434866,8.3956
1.090909091,1.335858586,6.447621286,8.416080000000001
1.090909091,1.348484848,6.490893912,8.4395
1.090909091,1.361111111,6.534166538,8.46603
1.090909091,1.373737374,6.577439165,8.495800000000001
1.090909091,1.386363636,6.620711791,8.528970000000001
1.090909091,1.398989899,6.663984417,8.5657
1.090909091,1.411616162,6.707257043,8.60613
1.090909091,1.424242424,6.750529669,8.65041
1.090909091,1.436868687,6.793802295,8.698690000000001
1.090909091,1.449494949,6.837074921,8.75113
1.090909091,1.462121212,6.880347547,8.80787
1.090909091,1.474747475,6.923620173,8.86907
1.090909091,1.487373737,6.966892799,8.93488
1.090909091,1.5,7.010165425,9.00544
1.106060606,0.553030303,3.843330407,6.68802
1.106060606,0.565656566,3.887204041,6.8164
1.106060606,0.578282828,3.931077676,6.9384500000000005
1.106060606,0.590909091,3.974951311,7.054320000000001
1.106060606,0.603535354,4.018824946,7.16418
1.106060606,0.616161616,4.06269858,7.26816
1.106060606,0.628787879,4.106572215,7.36643
1.106060606,0.641414141,4.15044585,7.45912
1.106060606,0.654040404,4.194319485,7.5464
1.106060606,0.666666667,4.23819312,7.62842
1.106060606,0.679292929,4.282066754,7.70532
1.106060606,0.691919192,4.325940389,7.77725
1.106060606,0.704545455,4.369814024,7.84438
1.106060606,0.717171717,4.413687659,7.90685
1.106060606,0.72979798,4.457561293,7.96481
1.106060606,0.742424242,4.501434928,8.01841
1.106060606,0.755050505,4.545308563,8.0678
1.106060606,0.767676768,4.589182198,8.113150000000001
1.106060606,0.78030303,4.633055833,8.15459
1.106060606,0.792929293,4.676929467,8.19227
1.106060606,0.805555556,4.720803102,8.22636
1.106060606,0.818181818,4.764676737,8.257
1.106060606,0.830808081,4.808550372,8.28434
1.106060606,0.843434343,4.852424006,8.30854
1.106060606,0.856060606,4.896297641,8.329740000000001
1.106060606,0.868686869,4.940171276,8.3481
1.106060606,0.881313131,4.984044911,8.36377
1.106060606,0.893939394,5.027918546,8.376900000000001
1.106060606,0.906565657,5.07179218,8.387640000000001
1.106060606,0.919191919,5.115665815,8.39614
1.106060606,0.931818182,5.15953945,8.402560000000001
1.106060606,0.944444444,5.203413085,8.40704
1.106060606,0.957070707,5.247286719,8.409740000000001
1.106060606,0.96969697,5.291160354,8.41081
1.106060606,0.982323232,5.335033989,8.410400000000001
1.106060606,0.994949495,5.378907624,8.408660000000001
1.106060606,1.007575758,5.422781259,8.40574
1.106060606,1.02020202,5.466654893,8.4018
1.106060606,1.032828283,5.510528528,8.396980000000001
1.106060606,1.045454545,5.554402163,8.391440000000001
1.106060606,1.058080808,5.598275798,8.38532
1.106060606,1.070707071,5.642149432,8.37879
1.106060606,1.083333333,5.686023067,8.37199
1.106060606,1.095959596,5.729896702,8.365070000000001
1.106060606,1.108585859,5.773770337,8.35818
1.106060606,1.121212121,5.817643972,8.35148
1.106060606,1.133838384,5.861517606,8.34511
1.106060606,1.146464646,5.905391241,8.33924
1.106060606,1.159090909,5.949264876,8.334
1.106060606,1.171717172,5.993138511,8.32956
1.106060606,1.184343434,6.037012145,8.32605
1.106060606,1.196969697,6.08088578,8.323640000000001
1.106060606,1.20959596,6.124759415,8.32248
1.106060606,1.222222222,6.16863305,8.32271
1.106060606,1.234848485,6.212506685,8.32449
1.106060606,1.247474747,6.256380319,8.32797
1.106060606,1.26010101,6.300253954,8.3333
1.106060606,1.272727273,6.344127589,8.34063
1.106060606,1.285353535,6.388001224,8.35012
1.106060606,1.297979798,6.431874858,8.36191
1.106060606,1.310606061,6.475748493,8.37616
1.106060606,1.323232323,6.519622128,8.39301
1.106060606,1.335858586,6.563495763,8.41263
1.106060606,1.348484848,6.607369398,8.43515
1.106060606,1.361111111,6.651243032,8.46074
1.106060606,1.373737374,6.695116667,8.48954
1.106060606,1.386363636,6.738990302,8.52171
1.106060606,1.398989899,6.782863937,8.55739
1.106060606,1.411616162,6.826737571,8.59674
1.106060606,1.424242424,6.870611206,8.63991
1.106060606,1.436868687,6.914484841,8.687050000000001
1.106060606,1.449494949,6.958358476,8.73831
1.106060606,1.462121212,7.002232111,8.79384
1.106060606,1.474747475,7.046105745,8.8538
1.106060606,1.487373737,7.08997938,8.91834
1.106060606,1.5,7.133853015,8.9876
1.121212121,0.565656566,3.967138198,6.77243
1.121212121,0.578282828,4.011612841,6.89694
1.121212121,0.590909091,4.056087485,7.015210000000001
1.121212121,0.603535354,4.100562128,7.12739
1.121212121,0.616161616,4.145036772,7.23362
1.121212121,0.628787879,4.189511415,7.33406
1.121212121,0.641414141,4.233986059,7.42887
1.121212121,0.654040404,4.278460702,7.51818
1.121212121,0.666666667,4.322935346,7.60217
1.121212121,0.679292929,4.367409989,7.680960000000001
1.121212121,0.691919192,4.411884633,7.75473
1.121212121,0.704545455,4.456359276,7.82362
1.121212121,0.717171717,4.50083392,7.88779
1.121212121,0.72979798,4.545308563,7.94738
1.121212121,0.742424242,4.589783206,8.00255
1.121212121,0.755050505,4.63425785,8.05344
1.121212121,0.767676768,4.678732493,8.10022
1.121212121,0.78030303,4.723207137,8.14303
1.121212121,0.792929293,4.76768178,8.182030000000001
1.121212121,0.805555556,4.812156424,8.217360000000001
1.121212121,0.818181818,4.856631067,8.24919
1.121212121,0.830808081,4.901105711,8.27765
1.121212121,0.843434343,4.945580354,8.30291
1.121212121,0.856060606,4.990054998,8.32512
1.121212121,0.868686869,5.034529641,8.34442
1.121212121,0.881313131,5.079004285,8.36097
1.121212121,0.893939394,5.123478928,8.37493
1.121212121,0.906565657,5.167953572,8.38643
1.121212121,0.919191919,5.212428215,8.39565
1.121212121,0.931818182,5.256902859,8.40272
1.121212121,0.944444444,5.301377502,8.4078
1.121212121,0.957070707,5.345852146,8.41104
1.121212121,0.96969697,5.390326789,8.41259
1.121212121,0.982323232,5.434801432,8.41261
1.121212121,0.994949495,5.479276076,8.41125
1.121212121,1.007575758,5.523750719,8.408660000000001
1.121212121,1.02020202,5.568225363,8.40499
1.121212121,1.032828283,5.612700006,8.4004
1.121212121,1.045454545,5.65717465,8.39503
1.121212121,1.058080808,5.701649293,8.38903
1.121212121,1.070707071,5.746123937,8.38257
1.121212121,1.083333333,5.79059858,8.37579
1.121212121,1.095959596,5.835073224,8.36884
1.121212121,1.108585859,5.879547867,8.361880000000001
1.121212121,1.121212121,5.924022511,8.35506
1.121212121,1.133838384,5.968497154,8.34852
1.121212121,1.146464646,6.012971798,8.34243
1.121212121,1.159090909,6.057446441,8.33693
1.121212121,1.171717172,6.101921085,8.332180000000001
1.121212121,1.184343434,6.146395728,8.328330000000001
1.121212121,1.196969697,6.190870372,8.325520000000001
1.121212121,1.20959596,6.235345015,8.323920000000001
1.121212121,1.222222222,6.279819658,8.32367
1.121212121,1.234848485,6.324294302,8.32493
1.121212121,1.247474747,6.368768945,8.32784
1.121212121,1.26010101,6.413243589,8.33257
1.121212121,1.272727273,6.457718232,8.33926
1.121212121,1.285353535,6.502192876,8.34806
1.121212121,1.297979798,6.546667519,8.35912
1.121212121,1.310606061,6.591142163,8.37261
1.121212121,1.323232323,6.635616806,8.38866
1.121212121,1.335858586,6.68009145,8.407440000000001
1.121212121,1.348484848,6.724566093,8.42909
1.121212121,1.361111111,6.769040737,8.45377
1.121212121,1.373737374,6.81351538,8.48162
1.121212121,1.386363636,6.857990024,8.51281
1.121212121,1.398989899,6.902464667,8.54747
1.121212121,1.411616162,6.946939311,8.58577
1.121212121,1.424242424,6.991413954,8.62786
1.121212121,1.436868687,7.035888598,8.67389
1.121212121,1.449494949,7.080363241,8.724
1.121212121,1.462121212,7.124837884,8.778360000000001
1.121212121,1.474747475,7.169312528,8.837110000000001
1.121212121,1.487373737,7.213787171,8.90041
1.121212121,1.5,7.258261815,8.9684
1.136363636,0.578282828,4.092869217,6.85215
1.136363636,0.590909091,4.137944869,6.97285
1.136363636,0.603535354,4.183020521,7.08739
1.136363636,0.616161616,4.228096173,7.1959100000000005
1.136363636,0.628787879,4.273171826,7.29857
1.136363636,0.641414141,4.318247478,7.39551
1.136363636,0.654040404,4.36332313,7.48691
1.136363636,0.666666667,4.408398782,7.57289
1.136363636,0.679292929,4.453474434,7.65362
1.136363636,0.691919192,4.498550086,7.72926
1.136363636,0.704545455,4.543625739,7.79995
1.136363636,0.717171717,4.588701391,7.86584
1.136363636,0.72979798,4.633777043,7.927090000000001
1.136363636,0.742424242,4.678852695,7.98386
1.136363636,0.755050505,4.723928347,8.03628
1.136363636,0.767676768,4.769004,8.08453
1.136363636,0.78030303,4.814079652,8.12874
1.136363636,0.792929293,4.859155304,8.16907
1.136363636,0.805555556,4.904230956,8.205680000000001
1.136363636,0.818181818,4.949306608,8.23872
1.136363636,0.830808081,4.99438226,8.26833
1.136363636,0.843434343,5.039457913,8.29468
1.136363636,0.856060606,5.084533565,8.31791
1.136363636,0.868686869,5.129609217,8.33818
1.136363636,0.881313131,5.174684869,8.355640000000001
1.136363636,0.893939394,5.219760521,8.37045
1.136363636,0.906565657,5.264836173,8.38275
1.136363636,0.919191919,5.309911826,8.39269
1.136363636,0.931818182,5.354987478,8.40044
1.136363636,0.944444444,5.40006313,8.40614
1.136363636,0.957070707,5.445138782,8.40995
1.136363636,0.96969697,5.490214434,8.41202
1.136363636,0.982323232,5.535290086,8.41249
1.136363636,0.994949495,5.580365739,8.41153
1.136363636,1.007575758,5.625441391,8.40929
1.136363636,1.02020202,5.670517043,8.40592
1.136363636,1.032828283,5.715592695,8.40157
1.136363636,1.045454545,5.760668347,8.39639
1.136363636,1.058080808,5.805743999,8.39054
1.136363636,1.070707071,5.850819652,8.384170000000001
1.136363636,1.083333333,5.895895304,8.37744
1.136363636,1.095959596,5.940970956,8.37048
1.136363636,1.108585859,5.986046608,8.36347
1.136363636,1.121212121,6.03112226,8.35655
1.136363636,1.133838384,6.076197912,8.34986
1.136363636,1.146464646,6.121273565,8.343580000000001
1.136363636,1.159090909,6.166349217,8.33784
1.136363636,1.171717172,6.211424869,8.33281
1.136363636,1.184343434,6.256500521,8.32862
1.136363636,1.196969697,6.301576173,8.32545
1.136363636,1.20959596,6.346651825,8.32343
1.136363636,1.222222222,6.391727478,8.32272
1.136363636,1.234848485,6.43680313,8.32348
1.136363636,1.247474747,6.481878782,8.32585
1.136363636,1.26010101,6.526954434,8.33
1.136363636,1.272727273,6.572030086,8.33606
1.136363636,1.285353535,6.617105738,8.3442
1.136363636,1.297979798,6.662181391,8.35457
1.136363636,1.310606061,6.707257043,8.36732
1.136363636,1.323232323,6.752332695,8.3826
1.136363636,1.335858586,6.797408347,8.40057
1.136363636,1.348484848,6.842483999,8.42137
1.136363636,1.361111111,6.887559651,8.44516
1.136363636,1.373737374,6.932635304,8.472100000000001
1.136363636,1.386363636,6.977710956,8.50233
1.136363636,1.398989899,7.022786608,8.536010000000001
1.136363636,1.411616162,7.06786226,8.5733
1.136363636,1.424242424,7.112937912,8.61433
1.136363636,1.436868687,7.158013564,8.659270000000001
1.136363636,1.449494949,7.203089217,8.70828
1.136363636,1.462121212,7.248164869,8.76149
1.136363636,1.474747475,7.293240521,8.81907
1.136363636,1.487373737,7.338316173,8.88116
1.136363636,1.5,7.383391825,8.94792
1.151515152,0.578282828,4.174846803,6.80402
1.151515152,0.590909091,4.220523464,6.9272
1.151515152,0.603535354,4.266200125,7.04413
1.151515152,0.616161616,4.311876786,7.15498
1.151515152,0.628787879,4.357553447,7.25989
1.151515152,0.641414141,4.403230107,7.35902
1.151515152,0.654040404,4.448906768,7.45253
1.151515152,0.666666667,4.494583429,7.5405500000000005
1.151515152,0.679292929,4.54026009,7.62326
1.151515152,0.691919192,4.585936751,7.7007900000000005
1.151515152,0.704545455,4.631613412,7.77331
1.151515152,0.717171717,4.677290073,7.84097
1.151515152,0.72979798,4.722966733,7.90392
1.151515152,0.742424242,4.768643394,7.96231
1.151515152,0.755050505,4.814320055,8.016300000000001
1.151515152,0.767676768,4.859996716,8.066040000000001
1.151515152,0.78030303,4.905673377,8.11168
1.151515152,0.792929293,4.951350038,8.15339
1.151515152,0.805555556,4.997026699,8.1913
1.151515152,0.818181818,5.042703359,8.22558
1.151515152,0.830808081,5.08838002,8.25637
1.151515152,0.843434343,5.134056681,8.28383
1.151515152,0.856060606,5.179733342,8.30812
1.151515152,0.868686869,5.225410003,8.32939
1.151515152,0.881313131,5.271086664,8.34779
1.151515152,0.893939394,5.316763325,8.36347
1.151515152,0.906565657,5.362439986,8.37658
1.151515152,0.919191919,5.408116646,8.38729
1.151515152,0.931818182,5.453793307,8.39574
1.151515152,0.944444444,5.499469968,8.40209
1.151515152,0.957070707,5.545146629,8.40649
1.151515152,0.96969697,5.59082329,8.40909
1.151515152,0.982323232,5.636499951,8.41005
1.151515152,0.994949495,5.682176612,8.409510000000001
1.151515152,1.007575758,5.727853272,8.40765
1.151515152,1.02020202,5.773529933,8.40459
1.151515152,1.032828283,5.819206594,8.40051
1.151515152,1.045454545,5.864883255,8.39555
1.151515152,1.058080808,5.910559916,8.38987
1.151515152,1.070707071,5.956236577,8.38362
1.151515152,1.083333333,6.001913238,8.37695
1.151515152,1.095959596,6.047589899,8.37002
1.151515152,1.108585859,6.093266559,8.36297
1.151515152,1.121212121,6.13894322,8.355970000000001
1.151515152,1.133838384,6.184619881,8.34917
1.151515152,1.146464646,6.230296542,8.34271
1.151515152,1.159090909,6.275973203,8.33676
1.151515152,1.171717172,6.321649864,8.33147
1.151515152,1.184343434,6.367326525,8.32698
1.151515152,1.196969697,6.413003185,8.32346
1.151515152,1.20959596,6.458679846,8.32105
1.151515152,1.222222222,6.504356507,8.31991
1.151515152,1.234848485,6.550033168,8.32019
1.151515152,1.247474747,6.595709829,8.32205
1.151515152,1.26010101,6.64138649,8.32564
1.151515152,1.272727273,6.687063151,8.33111
1.151515152,1.285353535,6.732739811,8.33862
1.151515152,1.297979798,6.778416472,8.348320000000001
1.151515152,1.310606061,6.824093133,8.36036
1.151515152,1.323232323,6.869769794,8.37489
1.151515152,1.335858586,6.915446455,8.39207
1.151515152,1.348484848,6.961123116,8.41206
1.151515152,1.361111111,7.006799777,8.435
1.151515152,1.373737374,7.052476438,8.46105
1.151515152,1.386363636,7.098153098,8.49036
1.151515152,1.398989899,7.143829759,8.52309
1.151515152,1.411616162,7.18950642,8.55938
1.151515152,1.424242424,7.235183081,8.599400000000001
1.151515152,1.436868687,7.280859742,8.64329
1.151515152,1.449494949,7.326536403,8.69121
1.151515152,1.462121212,7.372213064,8.743310000000001
1.151515152,1.474747475,7.417889724,8.79975
1.151515152,1.487373737,7.463566385,8.86068
1.151515152,1.5,7.509243046,8.92625
1.166666667,0.590909091,4.303823269,6.87819
1.166666667,0.603535354,4.350100939,6.9975700000000005
1.166666667,0.616161616,4.396378608,7.110790000000001
1.166666667,0.628787879,4.442656278,7.218
1.166666667,0.641414141,4.488933947,7.31935
1.166666667,0.654040404,4.535211617,7.4150100000000005
1.166666667,0.666666667,4.581489286,7.50511
1.166666667,0.679292929,4.627766956,7.5898200000000005
1.166666667,0.691919192,4.674044626,7.669300000000001
1.166666667,0.704545455,4.720322295,7.74369
1.166666667,0.717171717,4.766599965,7.813140000000001
1.166666667,0.72979798,4.812877634,7.87782
1.166666667,0.742424242,4.859155304,7.93788
1.166666667,0.755050505,4.905432973,7.99347
1.166666667,0.767676768,4.951710643,8.044740000000001
1.166666667,0.78030303,4.997988313,8.09185
1.166666667,0.792929293,5.044265982,8.13495
1.166666667,0.805555556,5.090543652,8.1742
1.166666667,0.818181818,5.136821321,8.20975
1.166666667,0.830808081,5.183098991,8.24175
1.166666667,0.843434343,5.22937666,8.27036
1.166666667,0.856060606,5.27565433,8.29574
1.166666667,0.868686869,5.321931999,8.31803
1.166666667,0.881313131,5.368209669,8.337390000000001
1.166666667,0.893939394,5.414487339,8.35398
1.166666667,0.906565657,5.460765008,8.36794
1.166666667,0.919191919,5.507042678,8.37944
1.166666667,0.931818182,5.553320347,8.38862
1.166666667,0.944444444,5.599598017,8.39564
1.166666667,0.957070707,5.645875686,8.40065
1.166666667,0.96969697,5.692153356,8.40382
1.166666667,0.982323232,5.738431025,8.40528
1.166666667,0.994949495,5.784708695,8.40521
1.166666667,1.007575758,5.830986365,8.40374
1.166666667,1.02020202,5.877264034,8.40103
1.166666667,1.032828283,5.923541704,8.39725
1.166666667,1.045454545,5.969819373,8.39253
1.166666667,1.058080808,6.016097043,8.38704
1.166666667,1.070707071,6.062374712,8.380930000000001
1.166666667,1.083333333,6.108652382,8.374360000000001
1.166666667,1.095959596,6.154930052,8.36747
1.166666667,1.108585859,6.201207721,8.36042
1.166666667,1.121212121,6.247485391,8.35337
1.166666667,1.133838384,6.29376306,8.34647
1.166666667,1.146464646,6.34004073,8.33987
1.166666667,1.159090909,6.386318399,8.333730000000001
1.166666667,1.171717172,6.432596069,8.3282
1.166666667,1.184343434,6.478873738,8.32344
1.166666667,1.196969697,6.525151408,8.3196
1.166666667,1.20959596,6.571429078,8.31683
1.166666667,1.222222222,6.617706747,8.31528
1.166666667,1.234848485,6.663984417,8.31512
1.166666667,1.247474747,6.710262086,8.31649
1.166666667,1.26010101,6.756539756,8.319560000000001
1.166666667,1.272727273,6.802817425,8.32446
1.166666667,1.285353535,6.849095095,8.33136
1.166666667,1.297979798,6.895372765,8.34042
1.166666667,1.310606061,6.941650434,8.35178
1.166666667,1.323232323,6.987928104,8.365590000000001
1.166666667,1.335858586,7.034205773,8.38202
1.166666667,1.348484848,7.080483443,8.40122
1.166666667,1.361111111,7.126761112,8.42334
1.166666667,1.373737374,7.173038782,8.44853
1.166666667,1.386363636,7.219316451,8.47696
1.166666667,1.398989899,7.265594121,8.50876
1.166666667,1.411616162,7.311871791,8.5441
1.166666667,1.424242424,7.35814946,8.58313
1.166666667,1.436868687,7.40442713,8.62601
1.166666667,1.449494949,7.450704799,8.67289
1.166666667,1.462121212,7.496982469,8.72391
1.166666667,1.474747475,7.543260138,8.779250000000001
1.166666667,1.487373737,7.589537808,8.83904
1.166666667,1.5,7.635815477,8.90345
1.181818182,0.603535354,4.434722963,6.9476700000000005
1.181818182,0.616161616,4.481601641,7.0633
1.181818182,0.628787879,4.52848032,7.17285
1.181818182,0.641414141,4.575358998,7.276470000000001
1.181818182,0.654040404,4.622237676,7.37432
1.181818182,0.666666667,4.669116354,7.46654
1.181818182,0.679292929,4.715995033,7.553310000000001
1.181818182,0.691919192,4.762873711,7.63476
1.181818182,0.704545455,4.809752389,7.71105
1.181818182,0.717171717,4.856631067,7.78235
1.181818182,0.72979798,4.903509746,7.84879
1.181818182,0.742424242,4.950388424,7.910550000000001
1.181818182,0.755050505,4.997267102,7.967770000000001
1.181818182,0.767676768,5.04414578,8.02061
1.181818182,0.78030303,5.091024459,8.06922
1.181818182,0.792929293,5.137903137,8.113760000000001
1.181818182,0.805555556,5.184781815,8.15438
1.181818182,0.818181818,5.231660493,8.191230000000001
1.181818182,0.830808081,5.278539172,8.22448
1.181818182,0.843434343,5.32541785,8.25427
1.181818182,0.856060606,5.372296528,8.28076
1.181818182,0.868686869,5.419175206,8.30411
1.181818182,0.881313131,5.466053885,8.32447
1.181818182,0.893939394,5.512932563,8.341990000000001
1.181818182,0.906565657,5.559811241,8.35683
1.181818182,0.919191919,5.606689919,8.36914
1.181818182,0.931818182,5.653568598,8.37908
1.181818182,0.944444444,5.700447276,8.38681
1.181818182,0.957070707,5.747325954,8.39247
1.181818182,0.96969697,5.794204632,8.396230000000001
1.181818182,0.982323232,5.841083311,8.39823
1.181818182,0.994949495,5.887961989,8.39864
1.181818182,1.007575758,5.934840667,8.3976
1.181818182,1.02020202,5.981719345,8.39527
1.181818182,1.032828283,6.028598024,8.3918
1.181818182,1.045454545,6.075476702,8.387360000000001
1.181818182,1.058080808,6.12235538,8.38209
1.181818182,1.070707071,6.169234058,8.37615
1.181818182,1.083333333,6.216112737,8.3697
1.181818182,1.095959596,6.262991415,8.36289
1.181818182,1.108585859,6.309870093,8.35586
1.181818182,1.121212121,6.356748772,8.348790000000001
1.181818182,1.133838384,6.40362745,8.34182
1.181818182,1.146464646,6.450506128,8.33511
1.181818182,1.159090909,6.497384806,8.32881
1.181818182,1.171717172,6.544263485,8.32307
1.181818182,1.184343434,6.591142163,8.318060000000001
1.181818182,1.196969697,6.638020841,8.31392
1.181818182,1.20959596,6.684899519,8.31082
1.181818182,1.222222222,6.731778198,8.3089
1.181818182,1.234848485,6.778656876,8.30832
1.181818182,1.247474747,6.825535554,8.30924
1.181818182,1.26010101,6.872414232,8.3118
1.181818182,1.272727273,6.919292911,8.31617
1.181818182,1.285353535,6.966171589,8.3225
1.181818182,1.297979798,7.013050267,8.33094
1.181818182,1.310606061,7.059928945,8.34165
1.181818182,1.323232323,7.106807624,8.35478
1.181818182,1.335858586,7.153686302,8.37049
1.181818182,1.348484848,7.20056498,8.38893
1.181818182,1.361111111,7.247443658,8.410260000000001
1.181818182,1.373737374,7.294322337,8.43463
1.181818182,1.386363636,7.341201015,8.462200000000001
1.181818182,1.398989899,7.388079693,8.49311
1.181818182,1.411616162,7.434958371,8.52754
1.181818182,1.424242424,7.48183705,8.565620000000001
1.181818182,1.436868687,7.528715728,8.607520000000001
1.181818182,1.449494949,7.575594406,8.65338
1.181818182,1.462121212,7.622473084,8.70337
1.181818182,1.474747475,7.669351763,8.75764
1.181818182,1.487373737,7.716230441,8.81634
1.181818182,1.5,7.763109119,8.87964
1.196969697,0.603535354,4.520066198,6.8944
1.196969697,0.616161616,4.567545885,7.012490000000001
1.196969697,0.628787879,4.615025572,7.124420000000001
1.196969697,0.641414141,4.662505259,7.2303500000000005
1.196969697,0.654040404,4.709984946,7.33043
1.196969697,0.666666667,4.757464633,7.42482
1.196969697,0.679292929,4.80494432,7.51368
1.196969697,0.691919192,4.852424006,7.59715
1.196969697,0.704545455,4.899903693,7.67539
1.196969697,0.717171717,4.94738338,7.74856
1.196969697,0.72979798,4.994863067,7.81682
1.196969697,0.742424242,5.042342754,7.880310000000001
1.196969697,0.755050505,5.089822441,7.93921
1.196969697,0.767676768,5.137302128,7.993650000000001
1.196969697,0.78030303,5.184781815,8.04379
1.196969697,0.792929293,5.232261502,8.0898
1.196969697,0.805555556,5.279741189,8.13183
1.196969697,0.818181818,5.327220876,8.170020000000001
1.196969697,0.830808081,5.374700563,8.204550000000001
1.196969697,0.843434343,5.42218025,8.23555
1.196969697,0.856060606,5.469659937,8.2632
1.196969697,0.868686869,5.517139624,8.28764
1.196969697,0.881313131,5.564619311,8.30902
1.196969697,0.893939394,5.612098998,8.32751
1.196969697,0.906565657,5.659578685,8.34326
1.196969697,0.919191919,5.707058372,8.35643
1.196969697,0.931818182,5.754538059,8.36716
1.196969697,0.944444444,5.802017745,8.37562
1.196969697,0.957070707,5.849497432,8.38196
1.196969697,0.96969697,5.896977119,8.38634
1.196969697,0.982323232,5.944456806,8.388910000000001
1.196969697,0.994949495,5.991936493,8.38983
1.196969697,1.007575758,6.03941618,8.38925
1.196969697,1.02020202,6.086895867,8.38732
1.196969697,1.032828283,6.134375554,8.384220000000001
1.196969697,1.045454545,6.181855241,8.38007
1.196969697,1.058080808,6.229334928,8.37506
1.196969697,1.070707071,6.276814615,8.36932
1.196969697,1.083333333,6.324294302,8.36302
1.196969697,1.095959596,6.371773989,8.356300000000001
1.196969697,1.108585859,6.419253676,8.34934
1.196969697,1.121212121,6.466733363,8.342270000000001
1.196969697,1.133838384,6.51421305,8.33526
1.196969697,1.146464646,6.561692737,8.32846
1.196969697,1.159090909,6.609172424,8.32203
1.196969697,1.171717172,6.656652111,8.31612
1.196969697,1.184343434,6.704131798,8.31089
1.196969697,1.196969697,6.751611485,8.30649
1.196969697,1.20959596,6.799091171,8.30308
1.196969697,1.222222222,6.846570858,8.30082
1.196969697,1.234848485,6.894050545,8.299850000000001
1.196969697,1.247474747,6.941530232,8.30034
1.196969697,1.26010101,6.989009919,8.30244
1.196969697,1.272727273,7.036489606,8.3063
1.196969697,1.285353535,7.083969293,8.31209
1.196969697,1.297979798,7.13144898,8.31995
1.196969697,1.310606061,7.178928667,8.33004
1.196969697,1.323232323,7.226408354,8.34252
1.196969697,1.335858586,7.273888041,8.35754
1.196969697,1.348484848,7.321367728,8.37526
1.196969697,1.361111111,7.368847415,8.39584
1.196969697,1.373737374,7.416327102,8.41942
1.196969697,1.386363636,7.463806789,8.44616
1.196969697,1.398989899,7.511286476,8.476230000000001
1.196969697,1.411616162,7.558766163,8.50976
1.196969697,1.424242424,7.60624585,8.54693
1.196969697,1.436868687,7.653725537,8.58789
1.196969697,1.449494949,7.701205224,8.63278
1.196969697,1.462121212,7.748684911,8.68177
1.196969697,1.474747475,7.796164597,8.73501
1.196969697,1.487373737,7.843644284,8.79266
1.196969697,1.5,7.891123971,8.85487
1.212121212,0.616161616,4.654211339,6.9583200000000005
1.212121212,0.628787879,4.702292034,7.072690000000001
1.212121212,0.641414141,4.75037273,7.18098
1.212121212,0.654040404,4.798453426,7.28334
1.212121212,0.666666667,4.846534121,7.37994
1.212121212,0.679292929,4.894614817,7.4709200000000004
1.212121212,0.691919192,4.942695513,7.55646
1.212121212,0.704545455,4.990776208,7.636690000000001
1.212121212,0.717171717,5.038856904,7.71178
1.212121212,0.72979798,5.086937599,7.781890000000001
1.212121212,0.742424242,5.135018295,7.847160000000001
1.212121212,0.755050505,5.183098991,7.90777
1.212121212,0.767676768,5.231179686,7.96385
1.212121212,0.78030303,5.279260382,8.01557
1.212121212,0.792929293,5.327341078,8.06309
1.212121212,0.805555556,5.375421773,8.10656
1.212121212,0.818181818,5.423502469,8.14613
1.212121212,0.830808081,5.471583165,8.18197
1.212121212,0.843434343,5.51966386,8.21423
1.212121212,0.856060606,5.567744556,8.24306
1.212121212,0.868686869,5.615825252,8.26862
1.212121212,0.881313131,5.663905947,8.29107
1.212121212,0.893939394,5.711986643,8.31057
1.212121212,0.906565657,5.760067339,8.32726
1.212121212,0.919191919,5.808148034,8.34131
1.212121212,0.931818182,5.85622873,8.352870000000001
1.212121212,0.944444444,5.904309425,8.3621
1.212121212,0.957070707,5.952390121,8.36915
1.212121212,0.96969697,6.000470817,8.37419
1.212121212,0.982323232,6.048551512,8.37736
1.212121212,0.994949495,6.096632208,8.378820000000001
1.212121212,1.007575758,6.144712904,8.378730000000001
1.212121212,1.02020202,6.192793599,8.37724
1.212121212,1.032828283,6.240874295,8.37452
1.212121212,1.045454545,6.288954991,8.37071
1.212121212,1.058080808,6.337035686,8.36598
1.212121212,1.070707071,6.385116382,8.36047
1.212121212,1.083333333,6.433197078,8.35435
1.212121212,1.095959596,6.481277773,8.34777
1.212121212,1.108585859,6.529358469,8.34089
1.212121212,1.121212121,6.577439165,8.33386
1.212121212,1.133838384,6.62551986,8.32685
1.212121212,1.146464646,6.673600556,8.31999
1.212121212,1.159090909,6.721681251,8.313460000000001
1.212121212,1.171717172,6.769761947,8.30741
1.212121212,1.184343434,6.817842643,8.30199
1.212121212,1.196969697,6.865923338,8.29736
1.212121212,1.20959596,6.914004034,8.29368
1.212121212,1.222222222,6.96208473,8.2911
1.212121212,1.234848485,7.010165425,8.28978
1.212121212,1.247474747,7.058246121,8.28987
1.212121212,1.26010101,7.106326817,8.29154
1.212121212,1.272727273,7.154407512,8.29493
1.212121212,1.285353535,7.202488208,8.30021
1.212121212,1.297979798,7.250568904,8.30752
1.212121212,1.310606061,7.298649599,8.31703
1.212121212,1.323232323,7.346730295,8.32889
1.212121212,1.335858586,7.394810991,8.34326
1.212121212,1.348484848,7.442891686,8.36029
1.212121212,1.361111111,7.490972382,8.38014
1.212121212,1.373737374,7.539053077,8.40297
1.212121212,1.386363636,7.587133773,8.428930000000001
1.212121212,1.398989899,7.635214469,8.45818
1.212121212,1.411616162,7.683295164,8.490870000000001
1.212121212,1.424242424,7.73137586,8.52716
1.212121212,1.436868687,7.779456556,8.567210000000001
1.212121212,1.449494949,7.827537251,8.61117
1.212121212,1.462121212,7.875617947,8.6592
1.212121212,1.474747475,7.923698643,8.711450000000001
1.212121212,1.487373737,7.971779338,8.76809
1.212121212,1.5,8.019860034,8.82926
1.227272727,0.616161616,4.741598003,6.9008
1.227272727,0.628787879,4.790279707,7.01764
1.227272727,0.641414141,4.838961412,7.12833
1.227272727,0.654040404,4.887643116,7.23302
1.227272727,0.666666667,4.93632482,7.33188
1.227272727,0.679292929,4.985006525,7.42504
1.227272727,0.691919192,5.033688229,7.5126800000000005
1.227272727,0.704545455,5.082369933,7.59495
1.227272727,0.717171717,5.131051638,7.67201
1.227272727,0.72979798,5.179733342,7.74401
1.227272727,0.742424242,5.228415046,7.811100000000001
1.227272727,0.755050505,5.277096751,7.873460000000001
1.227272727,0.767676768,5.325778455,7.93123
1.227272727,0.78030303,5.374460159,7.984570000000001
1.227272727,0.792929293,5.423141864,8.03363
1.227272727,0.805555556,5.471823568,8.07858
1.227272727,0.818181818,5.520505272,8.119580000000001
1.227272727,0.830808081,5.569186977,8.15677
1.227272727,0.843434343,5.617868681,8.19031
1.227272727,0.856060606,5.666550386,8.22037
1.227272727,0.868686869,5.71523209,8.2471
1.227272727,0.881313131,5.763913794,8.27065
1.227272727,0.893939394,5.812595499,8.29118
1.227272727,0.906565657,5.861277203,8.30885
1.227272727,0.919191919,5.909958907,8.32382
1.227272727,0.931818182,5.958640612,8.33625
1.227272727,0.944444444,6.007322316,8.34628
1.227272727,0.957070707,6.05600402,8.35408
1.227272727,0.96969697,6.104685725,8.3598
1.227272727,0.982323232,6.153367429,8.3636
1.227272727,0.994949495,6.202049133,8.36564
1.227272727,1.007575758,6.250730838,8.36608
1.227272727,1.02020202,6.299412542,8.365070000000001
1.227272727,1.032828283,6.348094246,8.36276
1.227272727,1.045454545,6.396775951,8.35932
1.227272727,1.058080808,6.445457655,8.3549
1.227272727,1.070707071,6.494139359,8.34966
1.227272727,1.083333333,6.542821064,8.34376
1.227272727,1.095959596,6.591502768,8.337340000000001
1.227272727,1.108585859,6.640184472,8.33058
1.227272727,1.121212121,6.688866177,8.32362
1.227272727,1.133838384,6.737547881,8.31663
1.227272727,1.146464646,6.786229585,8.30976
1.227272727,1.159090909,6.83491129,8.30316
1.227272727,1.171717172,6.883592994,8.297
1.227272727,1.184343434,6.932274698,8.29142
1.227272727,1.196969697,6.980956403,8.2866
1.227272727,1.20959596,7.029638107,8.282680000000001
1.227272727,1.222222222,7.078319811,8.27982
1.227272727,1.234848485,7.127001516,8.278170000000001
1.227272727,1.247474747,7.17568322,8.27791
1.227272727,1.26010101,7.224364924,8.27917
1.227272727,1.272727273,7.273046629,8.28213
1.227272727,1.285353535,7.321728333,8.28692
1.227272727,1.297979798,7.370410038,8.29373
1.227272727,1.310606061,7.419091742,8.30269
1.227272727,1.323232323,7.467773446,8.31396
1.227272727,1.335858586,7.516455151,8.32771
1.227272727,1.348484848,7.565136855,8.34409
1.227272727,1.361111111,7.613818559,8.36326
1.227272727,1.373737374,7.662500264,8.38537
1.227272727,1.386363636,7.711181968,8.41058
1.227272727,1.398989899,7.759863672,8.43905
1.227272727,1.411616162,7.808545377,8.470930000000001
1.227272727,1.424242424,7.857227081,8.50638
1.227272727,1.436868687,7.905908785,8.54556
1.227272727,1.449494949,7.95459049,8.58863
1.227272727,1.462121212,8.003272194,8.63574
1.227272727,1.474747475,8.051953898,8.68704
1.227272727,1.487373737,8.100635603,8.74271
1.227272727,1.5,8.149317307,8.80288
1.242424242,0.628787879,4.878988591,6.95927
1.242424242,0.641414141,4.928271304,7.0724100000000005
1.242424242,0.654040404,4.977554017,7.17948
1.242424242,0.666666667,5.02683673,7.28064
1.242424242,0.679292929,5.076119443,7.37603
1.242424242,0.691919192,5.125402156,7.46583
1.242424242,0.704545455,5.174684869,7.55018
1.242424242,0.717171717,5.223967582,7.62924
1.242424242,0.72979798,5.273250295,7.70317
1.242424242,0.742424242,5.322533008,7.77214
1.242424242,0.755050505,5.371815721,7.83629
1.242424242,0.767676768,5.421098434,7.89579
1.242424242,0.78030303,5.470381147,7.95078
1.242424242,0.792929293,5.51966386,8.00144
1.242424242,0.805555556,5.568946573,8.04792
1.242424242,0.818181818,5.618229286,8.09037
1.242424242,0.830808081,5.667511999,8.12895
1.242424242,0.843434343,5.716794712,8.16383
1.242424242,0.856060606,5.766077425,8.19515
1.242424242,0.868686869,5.815360139,8.22308
1.242424242,0.881313131,5.864642852,8.247770000000001
1.242424242,0.893939394,5.913925565,8.26938
1.242424242,0.906565657,5.963208278,8.28807
1.242424242,0.919191919,6.012490991,8.304
1.242424242,0.931818182,6.061773704,8.31732
1.242424242,0.944444444,6.111056417,8.328190000000001
1.242424242,0.957070707,6.16033913,8.33677
1.242424242,0.96969697,6.209621843,8.34322
1.242424242,0.982323232,6.258904556,8.34769
1.242424242,0.994949495,6.308187269,8.35035
1.242424242,1.007575758,6.357469982,8.35134
1.242424242,1.02020202,6.406752695,8.35084
1.242424242,1.032828283,6.456035408,8.34899
1.242424242,1.045454545,6.505318121,8.34595
1.242424242,1.058080808,6.554600834,8.34188
1.242424242,1.070707071,6.603883547,8.33694
1.242424242,1.083333333,6.65316626,8.33128
1.242424242,1.095959596,6.702448973,8.32507
1.242424242,1.108585859,6.751731686,8.31846
1.242424242,1.121212121,6.801014399,8.31161
1.242424242,1.133838384,6.850297112,8.30468
1.242424242,1.146464646,6.899579825,8.29782
1.242424242,1.159090909,6.948862538,8.29119
1.242424242,1.171717172,6.998145251,8.28495
1.242424242,1.184343434,7.047427964,8.279250000000001
1.242424242,1.196969697,7.096710678,8.27426
1.242424242,1.20959596,7.145993391,8.27014
1.242424242,1.222222222,7.195276104,8.26703
1.242424242,1.234848485,7.244558817,8.2651
1.242424242,1.247474747,7.29384153,8.26451
1.242424242,1.26010101,7.343124243,8.265410000000001
1.242424242,1.272727273,7.392406956,8.26796
1.242424242,1.285353535,7.441689669,8.27232
1.242424242,1.297979798,7.490972382,8.278640000000001
1.242424242,1.310606061,7.540255095,8.287090000000001
1.242424242,1.323232323,7.589537808,8.29782
1.242424242,1.335858586,7.638820521,8.31099
1.242424242,1.348484848,7.688103234,8.32675
1.242424242,1.361111111,7.737385947,8.345270000000001
1.242424242,1.373737374,7.78666866,8.3667
1.242424242,1.386363636,7.835951373,8.3912
1.242424242,1.398989899,7.885234086,8.41892
1.242424242,1.411616162,7.934516799,8.45003
1.242424242,1.424242424,7.983799512,8.48469
1.242424242,1.436868687,8.033082225,8.52304
1.242424242,1.449494949,8.082364938,8.56525
1.242424242,1.462121212,8.131647651,8.61148
1.242424242,1.474747475,8.180930364,8.66188
1.242424242,1.487373737,8.230213077,8.716610000000001
1.242424242,1.5,8.27949579,8.77582
1.257575758,0.628787879,4.968418685,6.89757
1.257575758,0.641414141,5.018302406,7.0132200000000005
1.257575758,0.654040404,5.068186128,7.12272
1.257575758,0.666666667,5.11806985,7.22623
1.257575758,0.679292929,5.167953572,7.3239
1.257575758,0.691919192,5.217837293,7.41589
1.257575758,0.704545455,5.267721015,7.50237
1.257575758,0.717171717,5.317604737,7.58349
1.257575758,0.72979798,5.367488459,7.65941
1.257575758,0.742424242,5.41737218,7.73029
1.257575758,0.755050505,5.467255902,7.79628
1.257575758,0.767676768,5.517139624,7.85755
1.257575758,0.78030303,5.567023346,7.91425
1.257575758,0.792929293,5.616907067,7.96654
1.257575758,0.805555556,5.666790789,8.01459
1.257575758,0.818181818,5.716674511,8.05854
1.257575758,0.830808081,5.766558232,8.09856
1.257575758,0.843434343,5.816441954,8.1348
1.257575758,0.856060606,5.866325676,8.16743
1.257575758,0.868686869,5.916209398,8.1966
1.257575758,0.881313131,5.966093119,8.22247
1.257575758,0.893939394,6.015976841,8.2452
1.257575758,0.906565657,6.065860563,8.26495
1.257575758,0.919191919,6.115744285,8.28187
1.257575758,0.931818182,6.165628006,8.29613
1.257575758,0.944444444,6.215511728,8.30788
1.257575758,0.957070707,6.26539545,8.31728
1.257575758,0.96969697,6.315279172,8.32449
1.257575758,0.982323232,6.365162893,8.32967
1.257575758,0.994949495,6.415046615,8.332980000000001
1.257575758,1.007575758,6.464930337,8.33458
1.257575758,1.02020202,6.514814058,8.33461
1.257575758,1.032828283,6.56469778,8.33325
1.257575758,1.045454545,6.614581502,8.33065
1.257575758,1.058080808,6.664465224,8.326970000000001
1.257575758,1.070707071,6.714348945,8.32236
1.257575758,1.083333333,6.764232667,8.31699
1.257575758,1.095959596,6.814116389,8.311020000000001
1.257575758,1.108585859,6.864000111,8.3046
1.257575758,1.121212121,6.913883832,8.29789
1.257575758,1.133838384,6.963767554,8.29105
1.257575758,1.146464646,7.013651276,8.28424
1.257575758,1.159090909,7.063534998,8.277610000000001
1.257575758,1.171717172,7.113418719,8.27133
1.257575758,1.184343434,7.163302441,8.265550000000001
1.257575758,1.196969697,7.213186163,8.260440000000001
1.257575758,1.20959596,7.263069884,8.25614
1.257575758,1.222222222,7.312953606,8.25282
1.257575758,1.234848485,7.362837328,8.25064
1.257575758,1.247474747,7.41272105,8.24976
1.257575758,1.26010101,7.462604771,8.25033
1.257575758,1.272727273,7.512488493,8.252510000000001
1.257575758,1.285353535,7.562372215,8.25647
1.257575758,1.297979798,7.612255937,8.26235
1.257575758,1.310606061,7.662139658,8.27032
1.257575758,1.323232323,7.71202338,8.28054
1.257575758,1.335858586,7.761907102,8.29316
1.257575758,1.348484848,7.811790824,8.30835
1.257575758,1.361111111,7.861674545,8.32626
1.257575758,1.373737374,7.911558267,8.34704
1.257575758,1.386363636,7.961441989,8.37087
1.257575758,1.398989899,8.01132571,8.39789
1.257575758,1.411616162,8.061209432,8.42827
1.257575758,1.424242424,8.111093154,8.46216
1.257575758,1.436868687,8.160976876,8.49973
1.257575758,1.449494949,8.210860597,8.54112
1.257575758,1.462121212,8.260744319,8.58651
1.257575758,1.474747475,8.310628041,8.63604
1.257575758,1.487373737,8.360511763,8.68988
1.257575758,1.5,8.410395484,8.74818
1.272727273,0.641414141,5.109054719,6.95076
1.272727273,0.654040404,5.15953945,7.06274
1.272727273,0.666666667,5.21002418,7.16865
1.272727273,0.679292929,5.260508911,7.26865
1.272727273,0.691919192,5.310993641,7.362900000000001
1.272727273,0.704545455,5.361478372,7.451560000000001
1.272727273,0.717171717,5.411963102,7.5347800000000005
1.272727273,0.72979798,5.462447832,7.61273
1.272727273,0.742424242,5.512932563,7.68557
1.272727273,0.755050505,5.563417293,7.75345
1.272727273,0.767676768,5.613902024,7.81654
1.272727273,0.78030303,5.664386754,7.87499
1.272727273,0.792929293,5.714871485,7.92896
1.272727273,0.805555556,5.765356215,7.97862
1.272727273,0.818181818,5.815840945,8.02411
1.272727273,0.830808081,5.866325676,8.06561
1.272727273,0.843434343,5.916810406,8.10327
1.272727273,0.856060606,5.967295137,8.13724
1.272727273,0.868686869,6.017779867,8.1677
1.272727273,0.881313131,6.068264598,8.194790000000001
1.272727273,0.893939394,6.118749328,8.21868
1.272727273,0.906565657,6.169234058,8.23953
1.272727273,0.919191919,6.219718789,8.25749
1.272727273,0.931818182,6.270203519,8.27272
1.272727273,0.944444444,6.32068825,8.28539
1.272727273,0.957070707,6.37117298,8.29566
1.272727273,0.96969697,6.421657711,8.30367
1.272727273,0.982323232,6.472142441,8.3096
1.272727273,0.994949495,6.522627172,8.313600000000001
1.272727273,1.007575758,6.573111902,8.31583
1.272727273,1.02020202,6.623596632,8.31644
1.272727273,1.032828283,6.674081363,8.31561
1.272727273,1.045454545,6.724566093,8.31349
1.272727273,1.058080808,6.775050824,8.31023
1.272727273,1.070707071,6.825535554,8.306000000000001
1.272727273,1.083333333,6.876020285,8.30095
1.272727273,1.095959596,6.926505015,8.295250000000001
1.272727273,1.108585859,6.976989745,8.289060000000001
1.272727273,1.121212121,7.027474476,8.28252
1.272727273,1.133838384,7.077959206,8.27582
1.272727273,1.146464646,7.128443937,8.26909
1.272727273,1.159090909,7.178928667,8.262500000000001
1.272727273,1.171717172,7.229413398,8.25622
1.272727273,1.184343434,7.279898128,8.25039
1.272727273,1.196969697,7.330382858,8.24518
1.272727273,1.20959596,7.380867589,8.24076
1.272727273,1.222222222,7.431352319,8.23727
1.272727273,1.234848485,7.48183705,8.23487
1.272727273,1.247474747,7.53232178,8.233740000000001
1.272727273,1.26010101,7.582806511,8.23401
1.272727273,1.272727273,7.633291241,8.23587
1.272727273,1.285353535,7.683775971,8.23945
1.272727273,1.297979798,7.734260702,8.24493
1.272727273,1.310606061,7.784745432,8.25247
1.272727273,1.323232323,7.835230163,8.26221
1.272727273,1.335858586,7.885714893,8.27433
1.272727273,1.348484848,7.936199624,8.28897
1.272727273,1.361111111,7.986684354,8.3063
1.272727273,1.373737374,8.037169084,8.32649
1.272727273,1.386363636,8.087653815,8.349680000000001
1.272727273,1.398989899,8.138138545,8.37604
1.272727273,1.411616162,8.188623276,8.40572
1.272727273,1.424242424,8.239108006,8.43889
1.272727273,1.436868687,8.289592737,8.47571
1.272727273,1.449494949,8.340077467,8.51633
1.272727273,1.462121212,8.390562197,8.56091
1.272727273,1.474747475,8.441046928,8.60962
1.272727273,1.487373737,8.491531658,8.66261
1.272727273,1.5,8.542016389,8.720040000000001
1.287878788,0.654040404,5.251613982,6.99956
1.287878788,0.666666667,5.302699721,7.1079300000000005
1.287878788,0.679292929,5.35378546,7.210310000000001
1.287878788,0.691919192,5.404871199,7.30687
1.287878788,0.704545455,5.455956939,7.39775
1.287878788,0.717171717,5.507042678,7.48313
1.287878788,0.72979798,5.558128417,7.56316
1.287878788,0.742424242,5.609214156,7.63801
1.287878788,0.755050505,5.660299895,7.70783
1.287878788,0.767676768,5.711385634,7.77278
1.287878788,0.78030303,5.762471373,7.83303
1.287878788,0.792929293,5.813557112,7.88873
1.287878788,0.805555556,5.864642852,7.940040000000001
1.287878788,0.818181818,5.915728591,7.9871300000000005
1.287878788,0.830808081,5.96681433,8.03015
1.287878788,0.843434343,6.017900069,8.06927
1.287878788,0.856060606,6.068985808,8.10464
1.287878788,0.868686869,6.120071547,8.136420000000001
1.287878788,0.881313131,6.171157286,8.16478
1.287878788,0.893939394,6.222243025,8.18987
1.287878788,0.906565657,6.273328765,8.21186
1.287878788,0.919191919,6.324414504,8.2309
1.287878788,0.931818182,6.375500243,8.24715
1.287878788,0.944444444,6.426585982,8.26078
1.287878788,0.957070707,6.477671721,8.27195
1.287878788,0.96969697,6.52875746,8.28081
1.287878788,0.982323232,6.579843199,8.28752
1.287878788,0.994949495,6.630928938,8.292250000000001
1.287878788,1.007575758,6.682014678,8.295160000000001
1.287878788,1.02020202,6.733100417,8.2964
1.287878788,1.032828283,6.784186156,8.29613
1.287878788,1.045454545,6.835271895,8.29452
1.287878788,1.058080808,6.886357634,8.29173
1.287878788,1.070707071,6.937443373,8.28791
1.287878788,1.083333333,6.988529112,8.28322
1.287878788,1.095959596,7.039614851,8.27784
1.287878788,1.108585859,7.090700591,8.2719
1.287878788,1.121212121,7.14178633,8.26559
1.287878788,1.133838384,7.192872069,8.25905
1.287878788,1.146464646,7.243957808,8.25244
1.287878788,1.159090909,7.295043547,8.245940000000001
1.287878788,1.171717172,7.346129286,8.23968
1.287878788,1.184343434,7.397215025,8.23385
1.287878788,1.196969697,7.448300764,8.22859
1.287878788,1.20959596,7.499386504,8.224070000000001
1.287878788,1.222222222,7.550472243,8.22044
1.287878788,1.234848485,7.601557982,8.21787
1.287878788,1.247474747,7.652643721,8.216520000000001
1.287878788,1.26010101,7.70372946,8.21654
1.287878788,1.272727273,7.754815199,8.2181
1.287878788,1.285353535,7.805900938,8.22136
1.287878788,1.297979798,7.856986677,8.22647
1.287878788,1.310606061,7.908072417,8.233600000000001
1.287878788,1.323232323,7.959158156,8.24291
1.287878788,1.335858586,8.010243895,8.25456
1.287878788,1.348484848,8.061329634,8.2687
1.287878788,1.361111111,8.112415373,8.2855
1.287878788,1.373737374,8.163501112,8.30512
1.287878788,1.386363636,8.214586851,8.327720000000001
1.287878788,1.398989899,8.26567259,8.35345
1.287878788,1.411616162,8.31675833,8.382480000000001
1.287878788,1.424242424,8.367844069,8.41497
1.287878788,1.436868687,8.418929808,8.451080000000001
1.287878788,1.449494949,8.470015547,8.49097
1.287878788,1.462121212,8.521101286,8.534790000000001
1.287878788,1.474747475,8.572187025,8.58271
1.287878788,1.487373737,8.623272764,8.63489
1.287878788,1.5,8.674358503,8.69149
1.303030303,0.654040404,5.344409725,6.93321
1.303030303,0.666666667,5.396096472,7.044090000000001
1.303030303,0.679292929,5.44778322,7.1489
1.303030303,0.691919192,5.499469968,7.24782
1.303030303,0.704545455,5.551156716,7.340990000000001
1.303030303,0.717171717,5.602843464,7.428570000000001
1.303030303,0.72979798,5.654530212,7.51074
1.303030303,0.742424242,5.706216959,7.58765
1.303030303,0.755050505,5.757903707,7.6594500000000005
1.303030303,0.767676768,5.809590455,7.72632
1.303030303,0.78030303,5.861277203,7.78841
1.303030303,0.792929293,5.912963951,7.84589
1.303030303,0.805555556,5.964650699,7.89891
1.303030303,0.818181818,6.016337446,7.94764
1.303030303,0.830808081,6.068024194,7.99223
1.303030303,0.843434343,6.119710942,8.03285
1.303030303,0.856060606,6.17139769,8.06966
1.303030303,0.868686869,6.223084438,8.10282
1.303030303,0.881313131,6.274771185,8.132480000000001
1.303030303,0.893939394,6.326457933,8.15882
1.303030303,0.906565657,6.378144681,8.18199
1.303030303,0.919191919,6.429831429,8.202160000000001
1.303030303,0.931818182,6.481518177,8.21948
1.303030303,0.944444444,6.533204925,8.23411
1.303030303,0.957070707,6.584891672,8.246220000000001
1.303030303,0.96969697,6.63657842,8.25596
1.303030303,0.982323232,6.688265168,8.26351
1.303030303,0.994949495,6.739951916,8.26901
1.303030303,1.007575758,6.791638664,8.27263
1.303030303,1.02020202,6.843325411,8.27453
1.303030303,1.032828283,6.895012159,8.27488
1.303030303,1.045454545,6.946698907,8.27382
1.303030303,1.058080808,6.998385655,8.27153
1.303030303,1.070707071,7.050072403,8.26816
1.303030303,1.083333333,7.101759151,8.26388
1.303030303,1.095959596,7.153445898,8.25885
1.303030303,1.108585859,7.205132646,8.25322
1.303030303,1.121212121,7.256819394,8.247160000000001
1.303030303,1.133838384,7.308506142,8.24082
1.303030303,1.146464646,7.36019289,8.23438
1.303030303,1.159090909,7.411879637,8.22799
1.303030303,1.171717172,7.463566385,8.22181
1.303030303,1.184343434,7.515253133,8.216000000000001
1.303030303,1.196969697,7.566939881,8.21073
1.303030303,1.20959596,7.618626629,8.206150000000001
1.303030303,1.222222222,7.670313377,8.20243
1.303030303,1.234848485,7.722000124,8.199720000000001
1.303030303,1.247474747,7.773686872,8.19819
1.303030303,1.26010101,7.82537362,8.198
1.303030303,1.272727273,7.877060368,8.199300000000001
1.303030303,1.285353535,7.928747116,8.20227
1.303030303,1.297979798,7.980433864,8.20706
1.303030303,1.310606061,8.032120611,8.21383
1.303030303,1.323232323,8.083807359,8.22274
1.303030303,1.335858586,8.135494107,8.23395
1.303030303,1.348484848,8.187180855,8.247630000000001
1.303030303,1.361111111,8.238867603,8.26394
1.303030303,1.373737374,8.29055435,8.28303
1.303030303,1.386363636,8.342241098,8.30507
1.303030303,1.398989899,8.393927846,8.33022
1.303030303,1.411616162,8.445614594,8.35864
1.303030303,1.424242424,8.497301342,8.39049
1.303030303,1.436868687,8.54898809,8.425930000000001
1.303030303,1.449494949,8.600674837,8.46512
1.303030303,1.462121212,8.652361585,8.50822
1.303030303,1.474747475,8.704048333,8.5554
1.303030303,1.487373737,8.755735081,8.60681
1.303030303,1.5,8.807421829,8.66262
1.318181818,0.666666667,5.490214434,6.97715
1.318181818,0.679292929,5.542502191,7.08446
1.318181818,0.691919192,5.594789947,7.18579
1.318181818,0.704545455,5.647077704,7.28129
1.318181818,0.717171717,5.69936546,7.3711400000000005
1.318181818,0.72979798,5.751653217,7.45549
1.318181818,0.742424242,5.803940973,7.53451
1.318181818,0.755050505,5.85622873,7.60836
1.318181818,0.767676768,5.908516486,7.6772
1.318181818,0.78030303,5.960804243,7.7411900000000005
1.318181818,0.792929293,6.013091999,7.80049
1.318181818,0.805555556,6.065379756,7.85526
1.318181818,0.818181818,6.117667512,7.90568
1.318181818,0.830808081,6.169955269,7.951890000000001
1.318181818,0.843434343,6.222243025,7.99406
1.318181818,0.856060606,6.274530782,8.03236
1.318181818,0.868686869,6.326818538,8.066930000000001
1.318181818,0.881313131,6.379106295,8.09796
1.318181818,0.893939394,6.431394052,8.12559
1.318181818,0.906565657,6.483681808,8.14999
1.318181818,0.919191919,6.535969565,8.171330000000001
1.318181818,0.931818182,6.588257321,8.18975
1.318181818,0.944444444,6.640545078,8.20543
1.318181818,0.957070707,6.692832834,8.21853
1.318181818,0.96969697,6.745120591,8.2292
1.318181818,0.982323232,6.797408347,8.23762
1.318181818,0.994949495,6.849696104,8.24394
1.318181818,1.007575758,6.90198386,8.24832
1.318181818,1.02020202,6.954271617,8.25092
1.318181818,1.032828283,7.006559373,8.25192
1.318181818,1.045454545,7.05884713,8.25146
1.318181818,1.058080808,7.111134886,8.24971
1.318181818,1.070707071,7.163422643,8.24684
1.318181818,1.083333333,7.215710399,8.243
1.318181818,1.095959596,7.267998156,8.23836
1.318181818,1.108585859,7.320285912,8.23307
1.318181818,1.121212121,7.372573669,8.227310000000001
1.318181818,1.133838384,7.424861425,8.22122
1.318181818,1.146464646,7.477149182,8.21498
1.318181818,1.159090909,7.529436938,8.20875
1.318181818,1.171717172,7.581724695,8.20268
1.318181818,1.184343434,7.634012451,8.19694
1.318181818,1.196969697,7.686300208,8.19169
1.318181818,1.20959596,7.738587964,8.18709
1.318181818,1.222222222,7.790875721,8.18331
1.318181818,1.234848485,7.843163477,8.1805
1.318181818,1.247474747,7.895451234,8.17883
1.318181818,1.26010101,7.94773899,8.17846
1.318181818,1.272727273,8.000026747,8.17956
1.318181818,1.285353535,8.052314504,8.18227
1.318181818,1.297979798,8.10460226,8.186770000000001
1.318181818,1.310606061,8.156890017,8.19322
1.318181818,1.323232323,8.209177773,8.20177
1.318181818,1.335858586,8.26146553,8.2126
1.318181818,1.348484848,8.313753286,8.22585
1.318181818,1.361111111,8.366041043,8.2417
1.318181818,1.373737374,8.418328799,8.26031
1.318181818,1.386363636,8.470616556,8.281830000000001
1.318181818,1.398989899,8.522904312,8.30644
1.318181818,1.411616162,8.575192069,8.33428
1.318181818,1.424242424,8.627479825,8.36553
1.318181818,1.436868687,8.679767582,8.40034
1.318181818,1.449494949,8.732055338,8.438880000000001
1.318181818,1.462121212,8.784343095,8.481300000000001
1.318181818,1.474747475,8.836630851,8.52778
1.318181818,1.487373737,8.888918608,8.57846
1.318181818,1.5,8.941206364,8.63352
1.333333333,0.666666667,5.585053606,6.90716
1.333333333,0.679292929,5.637942372,7.0170200000000005
1.333333333,0.691919192,5.690831137,7.1208100000000005
1.333333333,0.704545455,5.743719902,7.218710000000001
1.333333333,0.717171717,5.796608667,7.31088
1.333333333,0.72979798,5.849497432,7.39747
1.333333333,0.742424242,5.902386198,7.4786600000000005
1.333333333,0.755050505,5.955274963,7.554600000000001
1.333333333,0.767676768,6.008163728,7.62545
1.333333333,0.78030303,6.061052493,7.69139
1.333333333,0.792929293,6.113941259,7.75257
1.333333333,0.805555556,6.166830024,7.80915
1.333333333,0.818181818,6.219718789,7.8613100000000005
1.333333333,0.830808081,6.272607554,7.909190000000001
1.333333333,0.843434343,6.325496319,7.95296
1.333333333,0.856060606,6.378385085,7.99279
1.333333333,0.868686869,6.43127385,8.02884
1.333333333,0.881313131,6.484162615,8.06127
1.333333333,0.893939394,6.53705138,8.09024
1.333333333,0.906565657,6.589940145,8.115920000000001
1.333333333,0.919191919,6.642828911,8.13847
1.333333333,0.931818182,6.695717676,8.15804
1.333333333,0.944444444,6.748606441,8.17482
1.333333333,0.957070707,6.801495206,8.18895
1.333333333,0.96969697,6.854383971,8.2006
1.333333333,0.982323232,6.907272737,8.20993
1.333333333,0.994949495,6.960161502,8.2171
1.333333333,1.007575758,7.013050267,8.222290000000001
1.333333333,1.02020202,7.065939032,8.22564
1.333333333,1.032828283,7.118827798,8.22733
1.333333333,1.045454545,7.171716563,8.22751
1.333333333,1.058080808,7.224605328,8.22635
1.333333333,1.070707071,7.277494093,8.22401
1.333333333,1.083333333,7.330382858,8.22066
1.333333333,1.095959596,7.383271624,8.21645
1.333333333,1.108585859,7.436160389,8.21155
1.333333333,1.121212121,7.489049154,8.20612
1.333333333,1.133838384,7.541937919,8.20032
1.333333333,1.146464646,7.594826684,8.19433
1.333333333,1.159090909,7.64771545,8.18829
1.333333333,1.171717172,7.700604215,8.18237
1.333333333,1.184343434,7.75349298,8.17674
1.333333333,1.196969697,7.806381745,8.17155
1.333333333,1.20959596,7.85927051,8.16698
1.333333333,1.222222222,7.912159276,8.16318
1.333333333,1.234848485,7.965048041,8.16031
1.333333333,1.247474747,8.017936806,8.15854
1.333333333,1.26010101,8.070825571,8.15804
1.333333333,1.272727273,8.123714337,8.15895
1.333333333,1.285353535,8.176603102,8.16145
1.333333333,1.297979798,8.229491867,8.16571
1.333333333,1.310606061,8.282380632,8.17187
1.333333333,1.323232323,8.335269397,8.1801
1.333333333,1.335858586,8.388158163,8.19058
1.333333333,1.348484848,8.441046928,8.20345
1.333333333,1.361111111,8.493935693,8.21888
1.333333333,1.373737374,8.546824458,8.23704
1.333333333,1.386363636,8.599713223,8.258090000000001
1.333333333,1.398989899,8.652601989,8.28219
1.333333333,1.411616162,8.705490754,8.3095
1.333333333,1.424242424,8.758379519,8.34018
1.333333333,1.436868687,8.811268284,8.3744
1.333333333,1.449494949,8.86415705,8.41233
1.333333333,1.462121212,8.917045815,8.45412
1.333333333,1.474747475,8.96993458,8.49993
1.333333333,1.487373737,9.022823345,8.54993
1.333333333,1.5,9.07571211,8.604280000000001
1.348484848,0.679292929,5.734103763,6.946610000000001
1.348484848,0.691919192,5.787593537,7.05294
1.348484848,0.704545455,5.841083311,7.15329
1.348484848,0.717171717,5.894573085,7.24783
1.348484848,0.72979798,5.948062859,7.336720000000001
1.348484848,0.742424242,6.001552632,7.42013
1.348484848,0.755050505,6.055042406,7.49822
1.348484848,0.767676768,6.10853218,7.57115
1.348484848,0.78030303,6.162021954,7.63909
1.348484848,0.792929293,6.215511728,7.7022
1.348484848,0.805555556,6.269001502,7.76064
1.348484848,0.818181818,6.322491276,7.81458
1.348484848,0.830808081,6.37598105,7.86418
1.348484848,0.843434343,6.429470824,7.90961
1.348484848,0.856060606,6.482960598,7.951020000000001
1.348484848,0.868686869,6.536450372,7.98859
1.348484848,0.881313131,6.589940145,8.02247
1.348484848,0.893939394,6.643429919,8.05283
1.348484848,0.906565657,6.696919693,8.07984
1.348484848,0.919191919,6.750409467,8.10365
1.348484848,0.931818182,6.803899241,8.12443
1.348484848,0.944444444,6.857389015,8.14234
1.348484848,0.957070707,6.910878789,8.15755
1.348484848,0.96969697,6.964368563,8.17022
1.348484848,0.982323232,7.017858337,8.18051
1.348484848,0.994949495,7.071348111,8.18859
1.348484848,1.007575758,7.124837884,8.19462
1.348484848,1.02020202,7.178327658,8.19877
1.348484848,1.032828283,7.231817432,8.20119
1.348484848,1.045454545,7.285307206,8.20206
1.348484848,1.058080808,7.33879698,8.20153
1.348484848,1.070707071,7.392286754,8.199770000000001
1.348484848,1.083333333,7.445776528,8.19694
1.348484848,1.095959596,7.499266302,8.193200000000001
1.348484848,1.108585859,7.552756076,8.18873
1.348484848,1.121212121,7.60624585,8.18368
1.348484848,1.133838384,7.659735624,8.17821
1.348484848,1.146464646,7.713225397,8.1725
1.348484848,1.159090909,7.766715171,8.1667
1.348484848,1.171717172,7.820204945,8.16097
1.348484848,1.184343434,7.873694719,8.15549
1.348484848,1.196969697,7.927184493,8.15041
1.348484848,1.20959596,7.980674267,8.145900000000001
1.348484848,1.222222222,8.034164041,8.14212
1.348484848,1.234848485,8.087653815,8.13923
1.348484848,1.247474747,8.141143589,8.137410000000001
1.348484848,1.26010101,8.194633363,8.136800000000001
1.348484848,1.272727273,8.248123137,8.13758
1.348484848,1.285353535,8.30161291,8.13991
1.348484848,1.297979798,8.355102684,8.14395
1.348484848,1.310606061,8.408592458,8.14987
1.348484848,1.323232323,8.462082232,8.15783
1.348484848,1.335858586,8.515572006,8.16799
1.348484848,1.348484848,8.56906178,8.18051
1.348484848,1.361111111,8.622551554,8.19557
1.348484848,1.373737374,8.676041328,8.21332
1.348484848,1.386363636,8.729531102,8.23393
1.348484848,1.398989899,8.783020876,8.25756
1.348484848,1.411616162,8.83651065,8.28438
1.348484848,1.424242424,8.890000423,8.314540000000001
1.348484848,1.436868687,8.943490197,8.34821
1.348484848,1.449494949,8.996979971,8.38556
1.348484848,1.462121212,9.050469745,8.42675
1.348484848,1.474747475,9.103959519,8.47194
1.348484848,1.487373737,9.157449293,8.5213
1.348484848,1.5,9.210939067,8.57498
1.363636364,0.691919192,5.885077147,6.98222
1.363636364,0.704545455,5.93916793,7.0850800000000005
1.363636364,0.717171717,5.993258712,7.18205
1.363636364,0.72979798,6.047349495,7.2733
1.363636364,0.742424242,6.101440278,7.35898
1.363636364,0.755050505,6.15553106,7.43928
1.363636364,0.767676768,6.209621843,7.51434
1.363636364,0.78030303,6.263712625,7.5843300000000005
1.363636364,0.792929293,6.317803408,7.649430000000001
1.363636364,0.805555556,6.371894191,7.70978
1.363636364,0.818181818,6.425984973,7.76557
1.363636364,0.830808081,6.480075756,7.816940000000001
1.363636364,0.843434343,6.534166538,7.86407
1.363636364,0.856060606,6.588257321,7.90712
1.363636364,0.868686869,6.642348104,7.9462600000000005
1.363636364,0.881313131,6.696438886,7.98165
1.363636364,0.893939394,6.750529669,8.01345
1.363636364,0.906565657,6.804620451,8.04182
1.363636364,0.919191919,6.858711234,8.06694
1.363636364,0.931818182,6.912802017,8.08897
1.363636364,0.944444444,6.966892799,8.10807
1.363636364,0.957070707,7.020983582,8.124410000000001
1.363636364,0.96969697,7.075074364,8.13814
1.363636364,0.982323232,7.129165147,8.14944
1.363636364,0.994949495,7.18325593,8.15847
1.363636364,1.007575758,7.237346712,8.1654
1.363636364,1.02020202,7.291437495,8.17038
1.363636364,1.032828283,7.345528278,8.17358
1.363636364,1.045454545,7.39961906,8.175180000000001
1.363636364,1.058080808,7.453709843,8.175320000000001
1.363636364,1.070707071,7.507800625,8.17418
1.363636364,1.083333333,7.561891408,8.17192
1.363636364,1.095959596,7.615982191,8.16871
1.363636364,1.108585859,7.670072973,8.1647
1.363636364,1.121212121,7.724163756,8.160070000000001
1.363636364,1.133838384,7.778254538,8.15498
1.363636364,1.146464646,7.832345321,8.14959
1.363636364,1.159090909,7.886436104,8.144070000000001
1.363636364,1.171717172,7.940526886,8.138580000000001
1.363636364,1.184343434,7.994617669,8.133280000000001
1.363636364,1.196969697,8.048708451,8.128350000000001
1.363636364,1.20959596,8.102799234,8.123940000000001
1.363636364,1.222222222,8.156890017,8.12022
1.363636364,1.234848485,8.210980799,8.11736
1.363636364,1.247474747,8.265071582,8.11551
1.363636364,1.26010101,8.319162364,8.11485
1.363636364,1.272727273,8.373253147,8.11553
1.363636364,1.285353535,8.42734393,8.11773
1.363636364,1.297979798,8.481434712,8.1216
1.363636364,1.310606061,8.535525495,8.12731
1.363636364,1.323232323,8.589616277,8.13503
1.363636364,1.335858586,8.64370706,8.14492
1.363636364,1.348484848,8.697797843,8.15714
1.363636364,1.361111111,8.751888625,8.17186
1.363636364,1.373737374,8.805979408,8.18924
1.363636364,1.386363636,8.86007019,8.20945
1.363636364,1.398989899,8.914160973,8.23265
1.363636364,1.411616162,8.968251756,8.25901
1.363636364,1.424242424,9.022342538,8.28869
1.363636364,1.436868687,9.076433321,8.321860000000001
1.363636364,1.449494949,9.130524103,8.35867
1.363636364,1.462121212,9.184614886,8.3993
1.363636364,1.474747475,9.238705669,8.44391
1.363636364,1.487373737,9.292796451,8.49266
1.363636364,1.5,9.346887234,8.54571
1.378787879,0.691919192,5.983281968,6.9087000000000005
1.378787879,0.704545455,6.037973759,7.014130000000001
1.378787879,0.717171717,6.092665551,7.1136
1.378787879,0.72979798,6.147357342,7.20726
1.378787879,0.742424242,6.202049133,7.29528
1.378787879,0.755050505,6.256740925,7.37784
1.378787879,0.767676768,6.311432716,7.45509
1.378787879,0.78030303,6.366124507,7.52719
1.378787879,0.792929293,6.420816298,7.59433
1.378787879,0.805555556,6.47550809,7.65665
1.378787879,0.818181818,6.530199881,7.71433
1.378787879,0.830808081,6.584891672,7.76753
1.378787879,0.843434343,6.639583464,7.81642
1.378787879,0.856060606,6.694275255,7.86116
1.378787879,0.868686869,6.748967046,7.9019200000000005
1.378787879,0.881313131,6.803658838,7.93886
1.378787879,0.893939394,6.858350629,7.97215
1.378787879,0.906565657,6.91304242,8.00195
1.378787879,0.919191919,6.967734211,8.02843
1.378787879,0.931818182,7.022426003,8.05176
1.378787879,0.944444444,7.077117794,8.072090000000001
1.378787879,0.957070707,7.131809585,8.0896
1.378787879,0.96969697,7.186501377,8.10445
1.378787879,0.982323232,7.241193168,8.116810000000001
1.378787879,0.994949495,7.295884959,8.12684
1.378787879,1.007575758,7.350576751,8.1347
1.378787879,1.02020202,7.405268542,8.14056
1.378787879,1.032828283,7.459960333,8.1446
1.378787879,1.045454545,7.514652124,8.14696
1.378787879,1.058080808,7.569343916,8.14782
1.378787879,1.070707071,7.624035707,8.14735
1.378787879,1.083333333,7.678727498,8.1457
1.378787879,1.095959596,7.73341929,8.14305
1.378787879,1.108585859,7.788111081,8.13956
1.378787879,1.121212121,7.842802872,8.135390000000001
1.378787879,1.133838384,7.897494664,8.13072
1.378787879,1.146464646,7.952186455,8.12569
1.378787879,1.159090909,8.006878246,8.12049
1.378787879,1.171717172,8.061570037,8.11528
1.378787879,1.184343434,8.116261829,8.11021
1.378787879,1.196969697,8.17095362,8.10547
1.378787879,1.20959596,8.225645411,8.1012
1.378787879,1.222222222,8.280337203,8.09758
1.378787879,1.234848485,8.335028994,8.09478
1.378787879,1.247474747,8.389720785,8.09296
1.378787879,1.26010101,8.444412577,8.092270000000001
1.378787879,1.272727273,8.499104368,8.0929
1.378787879,1.285353535,8.553796159,8.095
1.378787879,1.297979798,8.60848795,8.09874
1.378787879,1.310606061,8.663179742,8.10429
1.378787879,1.323232323,8.717871533,8.11181
1.378787879,1.335858586,8.772563324,8.12146
1.378787879,1.348484848,8.827255116,8.13341
1.378787879,1.361111111,8.881946907,8.14783
1.378787879,1.373737374,8.936638698,8.16489
1.378787879,1.386363636,8.99133049,8.18474
1.378787879,1.398989899,9.046022281,8.20755
1.378787879,1.411616162,9.100714072,8.23349
1.378787879,1.424242424,9.155405863,8.26272
1.378787879,1.436868687,9.210097655,8.29542
1.378787879,1.449494949,9.264789446,8.33173
1.378787879,1.462121212,9.319481237,8.37184
1.378787879,1.474747475,9.374173029,8.4159
1.378787879,1.487373737,9.42886482,8.464080000000001
1.378787879,1.5,9.483556611,8.51655
1.393939394,0.704545455,6.137500799,6.94052
1.393939394,0.717171717,6.192793599,7.04254
1.393939394,0.72979798,6.248086399,7.13867
1.393939394,0.742424242,6.303379199,7.22909
1.393939394,0.755050505,6.358671999,7.31397
1.393939394,0.767676768,6.413964799,7.39346
1.393939394,0.78030303,6.469257599,7.46774
1.393939394,0.792929293,6.524550399,7.53697
1.393939394,0.805555556,6.579843199,7.60132
1.393939394,0.818181818,6.635135999,7.660950000000001
1.393939394,0.830808081,6.690428799,7.71603
1.393939394,0.843434343,6.745721599,7.76673
1.393939394,0.856060606,6.801014399,7.81322
1.393939394,0.868686869,6.856307199,7.85565
1.393939394,0.881313131,6.911599999,7.8942000000000005
1.393939394,0.893939394,6.966892799,7.92903
1.393939394,0.906565657,7.022185599,7.9603
1.393939394,0.919191919,7.077478399,7.9882
1.393939394,0.931818182,7.132771199,8.01287
1.393939394,0.944444444,7.188063999,8.03449
1.393939394,0.957070707,7.243356799,8.05322
1.393939394,0.96969697,7.298649599,8.06924
1.393939394,0.982323232,7.353942399,8.08269
1.393939394,0.994949495,7.409235199,8.093770000000001
1.393939394,1.007575758,7.464527999,8.10261
1.393939394,1.02020202,7.519820799,8.10941
1.393939394,1.032828283,7.575113599,8.11431
1.393939394,1.045454545,7.630406399,8.1175
1.393939394,1.058080808,7.685699199,8.11912
1.393939394,1.070707071,7.740991999,8.11936
1.393939394,1.083333333,7.796284799,8.11837
1.393939394,1.095959596,7.851577599,8.11633
1.393939394,1.108585859,7.906870399,8.11339
1.393939394,1.121212121,7.962163199,8.10973
1.393939394,1.133838384,8.017455999,8.10551
1.393939394,1.146464646,8.072748799,8.100900000000001
1.393939394,1.159090909,8.128041599,8.09606
1.393939394,1.171717172,8.183334399,8.09116
1.393939394,1.184343434,8.238627199,8.08637
1.393939394,1.196969697,8.293919999,8.081850000000001
1.393939394,1.20959596,8.349212799,8.077770000000001
1.393939394,1.222222222,8.404505599,8.074300000000001
1.393939394,1.234848485,8.459798399,8.07159
1.393939394,1.247474747,8.515091199,8.06983
1.393939394,1.26010101,8.570383999,8.06917
1.393939394,1.272727273,8.625676799,8.06978
1.393939394,1.285353535,8.680969599,8.07183
1.393939394,1.297979798,8.736262399,8.075470000000001
1.393939394,1.310606061,8.791555199,8.08089
1.393939394,1.323232323,8.846847999,8.08825
1.393939394,1.335858586,8.902140799,8.097710000000001
1.393939394,1.348484848,8.957433599,8.10943
1.393939394,1.361111111,9.012726399,8.12359
1.393939394,1.373737374,9.068019199,8.14035
1.393939394,1.386363636,9.123311999,8.159880000000001
1.393939394,1.398989899,9.178604799,8.18234
1.393939394,1.411616162,9.233897599,8.2079
1.393939394,1.424242424,9.289190399,8.23673
1.393939394,1.436868687,9.344483199,8.26898
1.393939394,1.449494949,9.399775999,8.30484
1.393939394,1.462121212,9.455068799,8.34446
1.393939394,1.474747475,9.510361599,8.388020000000001
1.393939394,1.487373737,9.565654399,8.43567
1.393939394,1.5,9.620947199,8.48758
1.409090909,0.704545455,6.23774905,6.864310000000001
1.409090909,0.717171717,6.293642858,6.96894
1.409090909,0.72979798,6.349536667,7.06761
1.409090909,0.742424242,6.405430476,7.16049
1.409090909,0.755050505,6.461324285,7.24774
1.409090909,0.767676768,6.517218093,7.329540000000001
1.409090909,0.78030303,6.573111902,7.4060500000000005
1.409090909,0.792929293,6.629005711,7.47743
1.409090909,0.805555556,6.684899519,7.5438600000000005
1.409090909,0.818181818,6.740793328,7.6055
1.409090909,0.830808081,6.796687137,7.662520000000001
1.409090909,0.843434343,6.852580945,7.71509
1.409090909,0.856060606,6.908474754,7.76337
1.409090909,0.868686869,6.964368563,7.80753
1.409090909,0.881313131,7.020262371,7.84774
1.409090909,0.893939394,7.07615618,7.8841600000000005
1.409090909,0.906565657,7.132049989,7.91697
1.409090909,0.919191919,7.187943798,7.94632
1.409090909,0.931818182,7.243837606,7.97239
1.409090909,0.944444444,7.299731415,7.99535
1.409090909,0.957070707,7.355625224,8.01535
1.409090909,0.96969697,7.411519032,8.03258
1.409090909,0.982323232,7.467412841,8.04719
1.409090909,0.994949495,7.52330665,8.05935
1.409090909,1.007575758,7.579200458,8.06924
1.409090909,1.02020202,7.635094267,8.07701
1.409090909,1.032828283,7.690988076,8.08283
1.409090909,1.045454545,7.746881884,8.08688
1.409090909,1.058080808,7.802775693,8.089310000000001
1.409090909,1.070707071,7.858669502,8.09031
1.409090909,1.083333333,7.91456331,8.09002
1.409090909,1.095959596,7.970457119,8.08863
1.409090909,1.108585859,8.026350928,8.08629
1.409090909,1.121212121,8.082244737,8.08318
1.409090909,1.133838384,8.138138545,8.079460000000001
1.409090909,1.146464646,8.194032354,8.0753
1.409090909,1.159090909,8.249926163,8.070870000000001
1.409090909,1.171717172,8.305819971,8.06633
1.409090909,1.184343434,8.36171378,8.06185
1.409090909,1.196969697,8.417607589,8.0576
1.409090909,1.20959596,8.473501397,8.05374
1.409090909,1.222222222,8.529395206,8.05045
1.409090909,1.234848485,8.585289015,8.04789
1.409090909,1.247474747,8.641182823,8.04623
1.409090909,1.26010101,8.697076632,8.045630000000001
1.409090909,1.272727273,8.752970441,8.04626
1.409090909,1.285353535,8.80886425,8.04829
1.409090909,1.297979798,8.864758058,8.05189
1.409090909,1.310606061,8.920651867,8.057220000000001
1.409090909,1.323232323,8.976545676,8.06445
1.409090909,1.335858586,9.032439484,8.07375
1.409090909,1.348484848,9.088333293,8.085280000000001
1.409090909,1.361111111,9.144227102,8.09922
1.409090909,1.373737374,9.20012091,8.11572
1.409090909,1.386363636,9.256014719,8.13496
1.409090909,1.398989899,9.311908528,8.15711
1.409090909,1.411616162,9.367802336,8.18233
1.409090909,1.424242424,9.423696145,8.21078
1.409090909,1.436868687,9.479589954,8.24264
1.409090909,1.449494949,9.535483762,8.27807
1.409090909,1.462121212,9.591377571,8.31725
1.409090909,1.474747475,9.64727138,8.36033
1.409090909,1.487373737,9.703165189,8.40748
1.409090909,1.5,9.759058997,8.45888
1.424242424,0.717171717,6.395213328,6.89287
1.424242424,0.72979798,6.451708145,6.99414
1.424242424,0.742424242,6.508202963,7.08954
1.424242424,0.755050505,6.56469778,7.17924
1.424242424,0.767676768,6.621192598,7.2634
1.424242424,0.78030303,6.677687415,7.3422
1.424242424,0.792929293,6.734182232,7.41579
1.424242424,0.805555556,6.79067705,7.484360000000001
1.424242424,0.818181818,6.847171867,7.54807
1.424242424,0.830808081,6.903666685,7.60708
1.424242424,0.843434343,6.960161502,7.66157
1.424242424,0.856060606,7.016656319,7.71171
1.424242424,0.868686869,7.073151137,7.75765
1.424242424,0.881313131,7.129645954,7.79957
1.424242424,0.893939394,7.186140771,7.83764
1.424242424,0.906565657,7.242635589,7.8720300000000005
1.424242424,0.919191919,7.299130406,7.9029
1.424242424,0.931818182,7.355625224,7.93042
1.424242424,0.944444444,7.412120041,7.95476
1.424242424,0.957070707,7.468614858,7.97609
1.424242424,0.96969697,7.525109676,7.99458
1.424242424,0.982323232,7.581604493,8.010390000000001
1.424242424,0.994949495,7.638099311,8.02369
1.424242424,1.007575758,7.694594128,8.03466
1.424242424,1.02020202,7.751088945,8.04345
1.424242424,1.032828283,7.807583763,8.05024
1.424242424,1.045454545,7.86407858,8.055200000000001
1.424242424,1.058080808,7.920573397,8.05849
1.424242424,1.070707071,7.977068215,8.06028
1.424242424,1.083333333,8.033563032,8.06075
1.424242424,1.095959596,8.09005785,8.06005
1.424242424,1.108585859,8.146552667,8.05835
1.424242424,1.121212121,8.203047484,8.05584
1.424242424,1.133838384,8.259542302,8.05266
1.424242424,1.146464646,8.316037119,8.049
1.424242424,1.159090909,8.372531937,8.04501
1.424242424,1.171717172,8.429026754,8.04087
1.424242424,1.184343434,8.485521571,8.03675
1.424242424,1.196969697,8.542016389,8.03281
1.424242424,1.20959596,8.598511206,8.02922
1.424242424,1.222222222,8.655006023,8.02615
1.424242424,1.234848485,8.711500841,8.02377
1.424242424,1.247474747,8.767995658,8.02225
1.424242424,1.26010101,8.824490476,8.02175
1.424242424,1.272727273,8.880985293,8.02244
1.424242424,1.285353535,8.93748011,8.02449
1.424242424,1.297979798,8.993974928,8.02807
1.424242424,1.310606061,9.050469745,8.03335
1.424242424,1.323232323,9.106964563,8.0405
1.424242424,1.335858586,9.16345938,8.04967
1.424242424,1.348484848,9.219954197,8.06105
1.424242424,1.361111111,9.276449015,8.0748
1.424242424,1.373737374,9.332943832,8.09109
1.424242424,1.386363636,9.389438649,8.11008
1.424242424,1.398989899,9.445933467,8.13195
1.424242424,1.411616162,9.502428284,8.15685
1.424242424,1.424242424,9.558923102,8.18497
1.424242424,1.436868687,9.615417919,8.216470000000001
1.424242424,1.449494949,9.671912736,8.25151
1.424242424,1.462121212,9.728407554,8.29027
1.424242424,1.474747475,9.784902371,8.33292
1.424242424,1.487373737,9.841397189,8.37961
1.424242424,1.5,9.897892006,8.43052
1.439393939,0.72979798,6.554600834,6.91836
1.439393939,0.742424242,6.61169666,7.0163400000000005
1.439393939,0.755050505,6.668792486,7.1085400000000005
1.439393939,0.767676768,6.725888312,7.19513
1.439393939,0.78030303,6.782984138,7.27627
1.439393939,0.792929293,6.840079965,7.35214
1.439393939,0.805555556,6.897175791,7.42291
1.439393939,0.818181818,6.954271617,7.48874
1.439393939,0.830808081,7.011367443,7.54981
1.439393939,0.843434343,7.068463269,7.60628
1.439393939,0.856060606,7.125559095,7.65832
1.439393939,0.868686869,7.182654921,7.7061
1.439393939,0.881313131,7.239750747,7.74979
1.439393939,0.893939394,7.296846573,7.78956
1.439393939,0.906565657,7.353942399,7.82558
1.439393939,0.919191919,7.411038225,7.858020000000001
1.439393939,0.931818182,7.468134051,7.88704
1.439393939,0.944444444,7.525229877,7.91282
1.439393939,0.957070707,7.582325704,7.93552
1.439393939,0.96969697,7.63942153,7.95532
1.439393939,0.982323232,7.696517356,7.97238
1.439393939,0.994949495,7.753613182,7.98688
1.439393939,1.007575758,7.810709008,7.99897
1.439393939,1.02020202,7.867804834,8.008840000000001
1.439393939,1.032828283,7.92490066,8.01665
1.439393939,1.045454545,7.981996486,8.02256
1.439393939,1.058080808,8.039092312,8.02675
1.439393939,1.070707071,8.096188138,8.02939
1.439393939,1.083333333,8.153283964,8.03065
1.439393939,1.095959596,8.21037979,8.03069
1.439393939,1.108585859,8.267475617,8.02968
1.439393939,1.121212121,8.324571443,8.027800000000001
1.439393939,1.133838384,8.381667269,8.02521
1.439393939,1.146464646,8.438763095,8.02209
1.439393939,1.159090909,8.495858921,8.01859
1.439393939,1.171717172,8.552954747,8.01489
1.439393939,1.184343434,8.610050573,8.01116
1.439393939,1.196969697,8.667146399,8.00758
1.439393939,1.20959596,8.724242225,8.004290000000001
1.439393939,1.222222222,8.781338051,8.00149
1.439393939,1.234848485,8.838433877,7.9993300000000005
1.439393939,1.247474747,8.895529703,7.99798
1.439393939,1.26010101,8.95262553,7.99762
1.439393939,1.272727273,9.009721356,7.998410000000001
1.439393939,1.285353535,9.066817182,8.00052
1.439393939,1.297979798,9.123913008,8.00413
1.439393939,1.310606061,9.181008834,8.00939
1.439393939,1.323232323,9.23810466,8.016490000000001
1.439393939,1.335858586,9.295200486,8.02558
1.439393939,1.348484848,9.352296312,8.03684
1.439393939,1.361111111,9.409392138,8.05043
1.439393939,1.373737374,9.466487964,8.06654
1.439393939,1.386363636,9.52358379,8.08531
1.439393939,1.398989899,9.580679616,8.10694
1.439393939,1.411616162,9.637775442,8.13157
1.439393939,1.424242424,9.694871269,8.15939
1.439393939,1.436868687,9.751967095,8.19055
1.439393939,1.449494949,9.809062921,8.22524
1.439393939,1.462121212,9.866158747,8.26362
1.439393939,1.474747475,9.923254573,8.305860000000001
1.439393939,1.487373737,9.980350399,8.352120000000001
1.439393939,1.5,10.03744623,8.40258
1.454545455,0.72979798,6.658214733,6.84034
1.454545455,0.742424242,6.715911568,6.94097
1.454545455,0.755050505,6.773608403,7.03573
1.454545455,0.767676768,6.831305238,7.12481
1.454545455,0.78030303,6.889002072,7.20836
1.454545455,0.792929293,6.946698907,7.28657
1.454545455,0.805555556,7.004395742,7.35959
1.454545455,0.818181818,7.062092577,7.4276100000000005
1.454545455,0.830808081,7.119789411,7.49078
1.454545455,0.843434343,7.177486246,7.54929
1.454545455,0.856060606,7.235183081,7.60329
1.454545455,0.868686869,7.292879916,7.65297
1.454545455,0.881313131,7.350576751,7.6984900000000005
1.454545455,0.893939394,7.408273585,7.74001
1.454545455,0.906565657,7.46597042,7.77772
1.454545455,0.919191919,7.523667255,7.811780000000001
1.454545455,0.931818182,7.58136409,7.84236
1.454545455,0.944444444,7.639060924,7.86963
1.454545455,0.957070707,7.696757759,7.89376
1.454545455,0.96969697,7.754454594,7.91492
1.454545455,0.982323232,7.812151429,7.93328
1.454545455,0.994949495,7.869848264,7.94901
1.454545455,1.007575758,7.927545098,7.96229
1.454545455,1.02020202,7.985241933,7.97327
1.454545455,1.032828283,8.042938768,7.98214
1.454545455,1.045454545,8.100635603,7.98906
1.454545455,1.058080808,8.158332437,7.9942
1.454545455,1.070707071,8.216029272,7.997730000000001
1.454545455,1.083333333,8.273726107,7.999820000000001
1.454545455,1.095959596,8.331422942,8.00065
1.454545455,1.108585859,8.389119777,8.00038
1.454545455,1.121212121,8.446816611,7.99917
1.454545455,1.133838384,8.504513446,7.99722
1.454545455,1.146464646,8.562210281,7.99467
1.454545455,1.159090909,8.619907116,7.9917
1.454545455,1.171717172,8.67760395,7.9884900000000005
1.454545455,1.184343434,8.735300785,7.9852
1.454545455,1.196969697,8.79299762,7.982
1.454545455,1.20959596,8.850694455,7.9790600000000005
1.454545455,1.222222222,8.90839129,7.97656
1.454545455,1.234848485,8.966088124,7.97466
1.454545455,1.247474747,9.023784959,7.97353
1.454545455,1.26010101,9.081481794,7.97334
1.454545455,1.272727273,9.139178629,7.974270000000001
1.454545455,1.285353535,9.196875463,7.9764800000000005
1.454545455,1.297979798,9.254572298,7.9801400000000005
1.454545455,1.310606061,9.312269133,7.98543
1.454545455,1.323232323,9.369965968,7.99251
1.454545455,1.335858586,9.427662803,8.00155
1.454545455,1.348484848,9.485359637,8.01273
1.454545455,1.361111111,9.543056472,8.026200000000001
1.454545455,1.373737374,9.600753307,8.04216
1.454545455,1.386363636,9.658450142,8.06075
1.454545455,1.398989899,9.716146976,8.08216
1.454545455,1.411616162,9.773843811,8.10655
1.454545455,1.424242424,9.831540646,8.1341
1.454545455,1.436868687,9.889237481,8.16497
1.454545455,1.449494949,9.946934315,8.19933
1.454545455,1.462121212,10.00463115,8.23736
1.454545455,1.474747475,10.06232799,8.27922
1.454545455,1.487373737,10.12002482,8.32509
1.454545455,1.5,10.17772165,8.37513
1.46969697,0.742424242,6.820847686,6.86351
1.46969697,0.755050505,6.87914553,6.96091
1.46969697,0.767676768,6.937443373,7.0525400000000005
1.46969697,0.78030303,6.995741217,7.13856
1.46969697,0.792929293,7.05403906,7.2191600000000005
1.46969697,0.805555556,7.112336904,7.29451
1.46969697,0.818181818,7.170634747,7.36477
1.46969697,0.830808081,7.228932591,7.43011
1.46969697,0.843434343,7.287230434,7.49071
1.46969697,0.856060606,7.345528278,7.546740000000001
1.46969697,0.868686869,7.403826121,7.59837
1.46969697,0.881313131,7.462123964,7.64576
1.46969697,0.893939394,7.520421808,7.6891
1.46969697,0.906565657,7.578719651,7.72855
1.46969697,0.919191919,7.637017495,7.76428
1.46969697,0.931818182,7.695315338,7.79647
1.46969697,0.944444444,7.753613182,7.82528
1.46969697,0.957070707,7.811911025,7.850890000000001
1.46969697,0.96969697,7.870208869,7.873460000000001
1.46969697,0.982323232,7.928506712,7.89318
1.46969697,0.994949495,7.986804556,7.910200000000001
1.46969697,1.007575758,8.045102399,7.9247000000000005
1.46969697,1.02020202,8.103400243,7.93686
1.46969697,1.032828283,8.161698086,7.94683
1.46969697,1.045454545,8.21999593,7.9548000000000005
1.46969697,1.058080808,8.278293773,7.96094
1.46969697,1.070707071,8.336591617,7.9654
1.46969697,1.083333333,8.39488946,7.968380000000001
1.46969697,1.095959596,8.453187303,7.97003
1.46969697,1.108585859,8.511485147,7.970540000000001
1.46969697,1.121212121,8.56978299,7.97006
1.46969697,1.133838384,8.628080834,7.96877
1.46969697,1.146464646,8.686378677,7.96684
1.46969697,1.159090909,8.744676521,7.96445
1.46969697,1.171717172,8.802974364,7.96176
1.46969697,1.184343434,8.861272208,7.958950000000001
1.46969697,1.196969697,8.919570051,7.95618
1.46969697,1.20959596,8.977867895,7.95363
1.46969697,1.222222222,9.036165738,7.95146
1.46969697,1.234848485,9.094463582,7.94986
1.46969697,1.247474747,9.152761425,7.94899
1.46969697,1.26010101,9.211059269,7.94901
1.46969697,1.272727273,9.269357112,7.9501100000000005
1.46969697,1.285353535,9.327654956,7.952450000000001
1.46969697,1.297979798,9.385952799,7.9562100000000004
1.46969697,1.310606061,9.444250643,7.96155
1.46969697,1.323232323,9.502548486,7.96865
1.46969697,1.335858586,9.560846329,7.97768
1.46969697,1.348484848,9.619144173,7.9888
1.46969697,1.361111111,9.677442016,8.00219
1.46969697,1.373737374,9.73573986,8.01803
1.46969697,1.386363636,9.794037703,8.03647
1.46969697,1.398989899,9.852335547,8.0577
1.46969697,1.411616162,9.91063339,8.08189
1.46969697,1.424242424,9.968931234,8.10919
1.46969697,1.436868687,10.02722908,8.139800000000001
1.46969697,1.449494949,10.08552692,8.17386
1.46969697,1.462121212,10.14382476,8.21157
1.46969697,1.474747475,10.20212261,8.25309
1.46969697,1.487373737,10.26042045,8.29859
1.46969697,1.5,10.31871829,8.348230000000001
1.484848485,0.742424242,6.926505015,6.78408
1.484848485,0.755050505,6.985403867,6.88417
1.484848485,0.767676768,7.044302719,6.97841
1.484848485,0.78030303,7.103201571,7.06697
1.484848485,0.792929293,7.162100424,7.15003
1.484848485,0.805555556,7.220999276,7.22776
1.484848485,0.818181818,7.279898128,7.30032
1.484848485,0.830808081,7.33879698,7.36789
1.484848485,0.843434343,7.397695832,7.43065
1.484848485,0.856060606,7.456594684,7.4887500000000005
1.484848485,0.868686869,7.515493537,7.54239
1.484848485,0.881313131,7.574392389,7.5917200000000005
1.484848485,0.893939394,7.633291241,7.63693
1.484848485,0.906565657,7.692190093,7.67818
1.484848485,0.919191919,7.751088945,7.7156400000000005
1.484848485,0.931818182,7.809987797,7.74948
1.484848485,0.944444444,7.86888665,7.77989
1.484848485,0.957070707,7.927785502,7.80703
1.484848485,0.96969697,7.986684354,7.83107
1.484848485,0.982323232,8.045583206,7.852180000000001
1.484848485,0.994949495,8.104482058,7.87054
1.484848485,1.007575758,8.16338091,7.88632
1.484848485,1.02020202,8.222279763,7.8996900000000005
1.484848485,1.032828283,8.281178615,7.91082
1.484848485,1.045454545,8.340077467,7.9198900000000005
1.484848485,1.058080808,8.398976319,7.92706
1.484848485,1.070707071,8.457875171,7.93252
1.484848485,1.083333333,8.516774023,7.93642
1.484848485,1.095959596,8.575672876,7.9389400000000006
1.484848485,1.108585859,8.634571728,7.94027
1.484848485,1.121212121,8.69347058,7.94055
1.484848485,1.133838384,8.752369432,7.93998
1.484848485,1.146464646,8.811268284,7.93872
1.484848485,1.159090909,8.870167136,7.93694
1.484848485,1.171717172,8.929065989,7.934810000000001
1.484848485,1.184343434,8.987964841,7.932510000000001
1.484848485,1.196969697,9.046863693,7.930210000000001
1.484848485,1.20959596,9.105762545,7.9280800000000005
1.484848485,1.222222222,9.164661397,7.9263
1.484848485,1.234848485,9.223560249,7.9250300000000005
1.484848485,1.247474747,9.282459102,7.924440000000001
1.484848485,1.26010101,9.341357954,7.924720000000001
1.484848485,1.272727273,9.400256806,7.92603
1.484848485,1.285353535,9.459155658,7.92854
1.484848485,1.297979798,9.51805451,7.9324200000000005
1.484848485,1.310606061,9.576953362,7.93785
1.484848485,1.323232323,9.635852215,7.945
1.484848485,1.335858586,9.694751067,7.95404
1.484848485,1.348484848,9.753649919,7.96515
1.484848485,1.361111111,9.812548771,7.97849
1.484848485,1.373737374,9.871447623,7.9942400000000005
1.484848485,1.386363636,9.930346475,8.01256
1.484848485,1.398989899,9.989245328,8.03364
1.484848485,1.411616162,10.04814418,8.057640000000001
1.484848485,1.424242424,10.10704303,8.08474
1.484848485,1.436868687,10.16594188,8.1151
1.484848485,1.449494949,10.22484074,8.1489
1.484848485,1.462121212,10.28373959,8.18632
1.484848485,1.474747475,10.34263844,8.22752
1.484848485,1.487373737,10.40153729,8.27267
1.484848485,1.5,10.46043615,8.321950000000001
1.5,0.755050505,7.092383415,6.805610000000001
1.5,0.767676768,7.151883276,6.9025300000000005
1.5,0.78030303,7.211383137,6.9937000000000005
1.5,0.792929293,7.270882998,7.07927
1.5,0.805555556,7.330382858,7.15944
1.5,0.818181818,7.389882719,7.23437
1.5,0.830808081,7.44938258,7.3042300000000004
1.5,0.843434343,7.508882441,7.3692
1.5,0.856060606,7.568382302,7.4294400000000005
1.5,0.868686869,7.627882163,7.48514
1.5,0.881313131,7.687382024,7.5364700000000004
1.5,0.893939394,7.746881884,7.583600000000001
1.5,0.906565657,7.806381745,7.6267000000000005
1.5,0.919191919,7.865881606,7.66594
1.5,0.931818182,7.925381467,7.70151
1.5,0.944444444,7.984881328,7.733560000000001
1.5,0.957070707,8.044381189,7.7622800000000005
1.5,0.96969697,8.10388105,7.7878300000000005
1.5,0.982323232,8.16338091,7.8104000000000005
1.5,0.994949495,8.222880771,7.830150000000001
1.5,1.007575758,8.282380632,7.84725
1.5,1.02020202,8.341880493,7.86188
1.5,1.032828283,8.401380354,7.87422
1.5,1.045454545,8.460880215,7.88443
1.5,1.058080808,8.520380076,7.89269
1.5,1.070707071,8.579879937,7.89917
1.5,1.083333333,8.639379797,7.90405
1.5,1.095959596,8.698879658,7.90749
1.5,1.108585859,8.758379519,7.90967
1.5,1.121212121,8.81787938,7.910760000000001
1.5,1.133838384,8.877379241,7.910950000000001
1.5,1.146464646,8.936879102,7.9103900000000005
1.5,1.159090909,8.996378963,7.909260000000001
1.5,1.171717172,9.055878823,7.90774
1.5,1.184343434,9.115378684,7.90599
1.5,1.196969697,9.174878545,7.9042
1.5,1.20959596,9.234378406,7.9025300000000005
1.5,1.222222222,9.293878267,7.90116
1.5,1.234848485,9.353378128,7.90026
1.5,1.247474747,9.412877989,7.9
1.5,1.26010101,9.472377849,7.9005600000000005
1.5,1.272727273,9.53187771,7.90211
1.5,1.285353535,9.591377571,7.90482
1.5,1.297979798,9.650877432,7.908860000000001
1.5,1.310606061,9.710377293,7.914420000000001
1.5,1.323232323,9.769877154,7.9216500000000005
1.5,1.335858586,9.829377015,7.93074
1.5,1.348484848,9.888876876,7.94186
1.5,1.361111111,9.948376736,7.95517
1.5,1.373737374,10.0078766,7.97086
1.5,1.386363636,10.06737646,7.9891000000000005
1.5,1.398989899,10.12687632,8.01005
1.5,1.411616162,10.18637618,8.033900000000001
1.5,1.424242424,10.24587604,8.06081
1.5,1.436868687,10.3053759,8.09096
1.5,1.449494949,10.36487576,8.12452
1.5,1.462121212,10.42437562,8.16167
1.5,1.474747475,10.48387548,8.20257
1.5,1.487373737,10.54337535,8.2474
1.5,1.5,10.60287521,8.29634
1.515151515,0.767676768,7.260185043,6.82501
1.515151515,0.78030303,7.320285912,6.91884
1.515151515,0.792929293,7.380386782,7.007000000000001
1.515151515,0.805555556,7.440487651,7.08967
1.515151515,0.818181818,7.500588521,7.16702
1.515151515,0.830808081,7.560689391,7.23923
1.515151515,0.843434343,7.62079026,7.30647
1.515151515,0.856060606,7.68089113,7.36892
1.515151515,0.868686869,7.740991999,7.426740000000001
1.515151515,0.881313131,7.801092869,7.48012
1.515151515,0.893939394,7.861193738,7.5292200000000005
1.515151515,0.906565657,7.921294608,7.57423
1.515151515,0.919191919,7.981395477,7.61531
1.515151515,0.931818182,8.041496347,7.65264
1.515151515,0.944444444,8.101597217,7.6864
1.515151515,0.957070707,8.161698086,7.71675
1.515151515,0.96969697,8.221798956,7.74387
1.515151515,0.982323232,8.281899825,7.76794
1.515151515,0.994949495,8.342000695,7.7891200000000005
1.515151515,1.007575758,8.402101564,7.8076
1.515151515,1.02020202,8.462202434,7.82355
1.515151515,1.032828283,8.522303303,7.83713
1.515151515,1.045454545,8.582404173,7.84853
1.515151515,1.058080808,8.642505043,7.85792
1.515151515,1.070707071,8.702605912,7.86548
1.515151515,1.083333333,8.762706782,7.871370000000001
1.515151515,1.095959596,8.822807651,7.87577
1.515151515,1.108585859,8.882908521,7.87885
1.515151515,1.121212121,8.94300939,7.8808
1.515151515,1.133838384,9.00311026,7.88178
1.515151515,1.146464646,9.06321113,7.88196
1.515151515,1.159090909,9.123311999,7.88152
1.515151515,1.171717172,9.183412869,7.8806400000000005
1.515151515,1.184343434,9.243513738,7.8794900000000005
1.515151515,1.196969697,9.303614608,7.87824
1.515151515,1.20959596,9.363715477,7.877070000000001
1.515151515,1.222222222,9.423816347,7.87615
1.515151515,1.234848485,9.483917216,7.87565
1.515151515,1.247474747,9.544018086,7.8757600000000005
1.515151515,1.26010101,9.604118956,7.8766300000000005
1.515151515,1.272727273,9.664219825,7.87845
1.515151515,1.285353535,9.724320695,7.881390000000001
1.515151515,1.297979798,9.784421564,7.88563
1.515151515,1.310606061,9.844522434,7.8913400000000005
1.515151515,1.323232323,9.904623303,7.898680000000001
1.515151515,1.335858586,9.964724173,7.90785
1.515151515,1.348484848,10.02482504,7.9190000000000005
1.515151515,1.361111111,10.08492591,7.93232
1.515151515,1.373737374,10.14502678,7.94798
1.515151515,1.386363636,10.20512765,7.96615
1.515151515,1.398989899,10.26522852,7.987010000000001
1.515151515,1.411616162,10.32532939,8.01073
1.515151515,1.424242424,10.38543026,8.03748
1.515151515,1.436868687,10.44553113,8.06744
1.515151515,1.449494949,10.505632,8.10078
1.515151515,1.462121212,10.56573287,8.13768
1.515151515,1.474747475,10.62583374,8.17831
1.515151515,1.487373737,10.68593461,8.22284
1.515151515,1.5,10.74603548,8.27146
1.53030303,0.767676768,7.36920802,6.745950000000001
1.53030303,0.78030303,7.429909898,6.84251
1.53030303,0.792929293,7.490611777,6.9333100000000005
1.53030303,0.805555556,7.551313655,7.01855
1.53030303,0.818181818,7.612015533,7.09839
1.53030303,0.830808081,7.672717411,7.1730100000000006
1.53030303,0.843434343,7.73341929,7.24258
1.53030303,0.856060606,7.794121168,7.30728
1.53030303,0.868686869,7.854823046,7.367290000000001
1.53030303,0.881313131,7.915524924,7.42278
1.53030303,0.893939394,7.976226803,7.473920000000001
1.53030303,0.906565657,8.036928681,7.5208900000000005
1.53030303,0.919191919,8.097630559,7.56386
1.53030303,0.931818182,8.158332437,7.60301
1.53030303,0.944444444,8.219034316,7.638520000000001
1.53030303,0.957070707,8.279736194,7.67055
1.53030303,0.96969697,8.340438072,7.69929
1.53030303,0.982323232,8.40113995,7.72491
1.53030303,0.994949495,8.461841829,7.74758
1.53030303,1.007575758,8.522543707,7.76748
1.53030303,1.02020202,8.583245585,7.78479
1.53030303,1.032828283,8.643947463,7.79967
1.53030303,1.045454545,8.704649342,7.81231
1.53030303,1.058080808,8.76535122,7.82287
1.53030303,1.070707071,8.826053098,7.83154
1.53030303,1.083333333,8.886754976,7.83849
1.53030303,1.095959596,8.947456855,7.84389
1.53030303,1.108585859,9.008158733,7.84792
1.53030303,1.121212121,9.068860611,7.85076
1.53030303,1.133838384,9.129562489,7.85257
1.53030303,1.146464646,9.190264368,7.853540000000001
1.53030303,1.159090909,9.250966246,7.85383
1.53030303,1.171717172,9.311668124,7.85363
1.53030303,1.184343434,9.372370003,7.85311
1.53030303,1.196969697,9.433071881,7.8524400000000005
1.53030303,1.20959596,9.493773759,7.8518
1.53030303,1.222222222,9.554475637,7.851360000000001
1.53030303,1.234848485,9.615177516,7.8513
1.53030303,1.247474747,9.675879394,7.8518
1.53030303,1.26010101,9.736581272,7.85302
1.53030303,1.272727273,9.79728315,7.8551400000000005
1.53030303,1.285353535,9.857985029,7.858350000000001
1.53030303,1.297979798,9.918686907,7.8628100000000005
1.53030303,1.310606061,9.979388785,7.86869
1.53030303,1.323232323,10.04009066,7.876180000000001
1.53030303,1.335858586,10.10079254,7.8854500000000005
1.53030303,1.348484848,10.16149442,7.89667
1.53030303,1.361111111,10.2221963,7.91002
1.53030303,1.373737374,10.28289818,7.92567
1.53030303,1.386363636,10.34360005,7.9438
1.53030303,1.398989899,10.40430193,7.964580000000001
1.53030303,1.411616162,10.46500381,7.98819
1.53030303,1.424242424,10.52570569,8.01481
1.53030303,1.436868687,10.58640757,8.0446
1.53030303,1.449494949,10.64710945,8.07774
1.53030303,1.462121212,10.70781132,8.11441
1.53030303,1.474747475,10.7685132,8.15479
1.53030303,1.487373737,10.82921508,8.19904
1.53030303,1.5,10.88991696,8.24735
1.545454545,0.78030303,7.540255095,6.76482
1.545454545,0.792929293,7.601557982,6.8583300000000005
1.545454545,0.805555556,7.662860869,6.9462
1.545454545,0.818181818,7.724163756,7.02859
1.545454545,0.830808081,7.785466643,7.10568
1.545454545,0.843434343,7.84676953,7.17764
1.545454545,0.856060606,7.908072417,7.2446600000000005
1.545454545,0.868686869,7.969375304,7.30691
1.545454545,0.881313131,8.03067819,7.36456
1.545454545,0.893939394,8.091981077,7.41779
1.545454545,0.906565657,8.153283964,7.46678
1.545454545,0.919191919,8.214586851,7.5117
1.545454545,0.931818182,8.275889738,7.55272
1.545454545,0.944444444,8.337192625,7.59004
1.545454545,0.957070707,8.398495512,7.623810000000001
1.545454545,0.96969697,8.459798399,7.65421
1.545454545,0.982323232,8.521101286,7.681430000000001
1.545454545,0.994949495,8.582404173,7.70564
1.545454545,1.007575758,8.64370706,7.72701
1.545454545,1.02020202,8.705009947,7.74572
1.545454545,1.032828283,8.766312834,7.761950000000001
1.545454545,1.045454545,8.827615721,7.775860000000001
1.545454545,1.058080808,8.888918608,7.78765
1.545454545,1.070707071,8.950221495,7.79748
1.545454545,1.083333333,9.011524382,7.80553
1.545454545,1.095959596,9.072827269,7.8119700000000005
1.545454545,1.108585859,9.134130156,7.8169900000000005
1.545454545,1.121212121,9.195433043,7.82075
1.545454545,1.133838384,9.256735929,7.823440000000001
1.545454545,1.146464646,9.318038816,7.82522
1.545454545,1.159090909,9.379341703,7.82629
1.545454545,1.171717172,9.44064459,7.8268
1.545454545,1.184343434,9.501947477,7.8269400000000005
1.545454545,1.196969697,9.563250364,7.82688
1.545454545,1.20959596,9.624553251,7.82681
1.545454545,1.222222222,9.685856138,7.826890000000001
1.545454545,1.234848485,9.747159025,7.8273
1.545454545,1.247474747,9.808461912,7.82821
1.545454545,1.26010101,9.869764799,7.82981
1.545454545,1.272727273,9.931067686,7.83227
1.545454545,1.285353535,9.992370573,7.83577
1.545454545,1.297979798,10.05367346,7.84047
1.545454545,1.310606061,10.11497635,7.84657
1.545454545,1.323232323,10.17627923,7.854220000000001
1.545454545,1.335858586,10.23758212,7.86362
1.545454545,1.348484848,10.29888501,7.87493
1.545454545,1.361111111,10.36018789,7.88833
1.545454545,1.373737374,10.42149078,7.904
1.545454545,1.386363636,10.48279367,7.92211
1.545454545,1.398989899,10.54409656,7.94284
1.545454545,1.411616162,10.60539944,7.96636
1.545454545,1.424242424,10.66670233,7.992850000000001
1.545454545,1.436868687,10.72800522,8.0225
1.545454545,1.449494949,10.7893081,8.05546
1.545454545,1.462121212,10.85061099,8.09192
1.545454545,1.474747475,10.91191388,8.132060000000001
1.545454545,1.487373737,10.97321676,8.17605
1.545454545,1.5,11.03451965,8.22406
1.560606061,0.78030303,7.651321502,6.6858900000000006
1.560606061,0.792929293,7.713225397,6.78218
1.560606061,0.805555556,7.775129293,6.87274
1.560606061,0.818181818,7.837033189,6.95774
1.560606061,0.830808081,7.898937084,7.0373600000000005
1.560606061,0.843434343,7.96084098,7.11178
1.560606061,0.856060606,8.022744876,7.18117
1.560606061,0.868686869,8.084648771,7.24572
1.560606061,0.881313131,8.146552667,7.3055900000000005
1.560606061,0.893939394,8.208456563,7.36097
1.560606061,0.906565657,8.270360458,7.412030000000001
1.560606061,0.919191919,8.332264354,7.45894
1.560606061,0.931818182,8.39416825,7.5019
1.560606061,0.944444444,8.456072145,7.54107
1.560606061,0.957070707,8.517976041,7.57662
1.560606061,0.96969697,8.579879937,7.608750000000001
1.560606061,0.982323232,8.641783832,7.63762
1.560606061,0.994949495,8.703687728,7.66341
1.560606061,1.007575758,8.765591623,7.6862900000000005
1.560606061,1.02020202,8.827495519,7.70646
1.560606061,1.032828283,8.889399415,7.72407
1.560606061,1.045454545,8.95130331,7.739310000000001
1.560606061,1.058080808,9.013207206,7.75236
1.560606061,1.070707071,9.075111102,7.76339
1.560606061,1.083333333,9.137014997,7.7725800000000005
1.560606061,1.095959596,9.198918893,7.7801100000000005
1.560606061,1.108585859,9.260822789,7.78615
1.560606061,1.121212121,9.322726684,7.7908800000000005
1.560606061,1.133838384,9.38463058,7.79448
1.560606061,1.146464646,9.446534476,7.7971200000000005
1.560606061,1.159090909,9.508438371,7.79899
1.560606061,1.171717172,9.570342267,7.80025
1.560606061,1.184343434,9.632246162,7.80109
1.560606061,1.196969697,9.694150058,7.80168
1.560606061,1.20959596,9.756053954,7.8022
1.560606061,1.222222222,9.817957849,7.8028200000000005
1.560606061,1.234848485,9.879861745,7.80373
1.560606061,1.247474747,9.941765641,7.8051
1.560606061,1.26010101,10.00366954,7.807110000000001
1.560606061,1.272727273,10.06557343,7.8099300000000005
1.560606061,1.285353535,10.12747733,7.81374
1.560606061,1.297979798,10.18938122,7.81872
1.560606061,1.310606061,10.25128512,7.82504
1.560606061,1.323232323,10.31318901,7.83289
1.560606061,1.335858586,10.37509291,7.84243
1.560606061,1.348484848,10.43699681,7.85386
1.560606061,1.361111111,10.4989007,7.86733
1.560606061,1.373737374,10.5608046,7.883030000000001
1.560606061,1.386363636,10.62270849,7.90114
1.560606061,1.398989899,10.68461239,7.92184
1.560606061,1.411616162,10.74651628,7.94529
1.560606061,1.424242424,10.80842018,7.97168
1.560606061,1.436868687,10.87032408,8.00119
1.560606061,1.449494949,10.93222797,8.033990000000001
1.560606061,1.462121212,10.99413187,8.070260000000001
1.560606061,1.474747475,11.05603576,8.11017
1.560606061,1.487373737,11.11793966,8.1539
1.560606061,1.5,11.17984355,8.20164
1.575757576,0.792929293,7.825614024,6.70497
1.575757576,0.805555556,7.888118928,6.798290000000001
1.575757576,0.818181818,7.950623832,6.88596
1.575757576,0.830808081,8.013128737,6.96818
1.575757576,0.843434343,8.075633641,7.04511
1.575757576,0.856060606,8.138138545,7.11693
1.575757576,0.868686869,8.20064345,7.18383
1.575757576,0.881313131,8.263148354,7.24598
1.575757576,0.893939394,8.325653258,7.30356
1.575757576,0.906565657,8.388158163,7.35675
1.575757576,0.919191919,8.450663067,7.4057200000000005
1.575757576,0.931818182,8.513167971,7.45066
1.575757576,0.944444444,8.575672876,7.4917300000000004
1.575757576,0.957070707,8.63817778,7.52913
1.575757576,0.96969697,8.700682684,7.56302
1.575757576,0.982323232,8.763187589,7.59358
1.575757576,0.994949495,8.825692493,7.621
1.575757576,1.007575758,8.888197397,7.64545
1.575757576,1.02020202,8.950702302,7.66711
1.575757576,1.032828283,9.013207206,7.68616
1.575757576,1.045454545,9.07571211,7.70277
1.575757576,1.058080808,9.138217015,7.71712
1.575757576,1.070707071,9.200721919,7.7294
1.575757576,1.083333333,9.263226823,7.73977
1.575757576,1.095959596,9.325731728,7.74842
1.575757576,1.108585859,9.388236632,7.755520000000001
1.575757576,1.121212121,9.450741536,7.76126
1.575757576,1.133838384,9.513246441,7.7658000000000005
1.575757576,1.146464646,9.575751345,7.769340000000001
1.575757576,1.159090909,9.638256249,7.7720400000000005
1.575757576,1.171717172,9.700761154,7.7740800000000005
1.575757576,1.184343434,9.763266058,7.775650000000001
1.575757576,1.196969697,9.825770962,7.7769200000000005
1.575757576,1.20959596,9.888275867,7.77806
1.575757576,1.222222222,9.950780771,7.77926
1.575757576,1.234848485,10.01328568,7.7807
1.575757576,1.247474747,10.07579058,7.7825500000000005
1.575757576,1.26010101,10.13829548,7.7849900000000005
1.575757576,1.272727273,10.20080039,7.78819
1.575757576,1.285353535,10.26330529,7.79234
1.575757576,1.297979798,10.3258102,7.79762
1.575757576,1.310606061,10.3883151,7.8042
1.575757576,1.323232323,10.45082001,7.81226
1.575757576,1.335858586,10.51332491,7.82197
1.575757576,1.348484848,10.57582981,7.83352
1.575757576,1.361111111,10.63833472,7.847090000000001
1.575757576,1.373737374,10.70083962,7.86284
1.575757576,1.386363636,10.76334453,7.8809700000000005
1.575757576,1.398989899,10.82584943,7.90164
1.575757576,1.411616162,10.88835434,7.92504
1.575757576,1.424242424,10.95085924,7.95134
1.575757576,1.436868687,11.01336414,7.98073
1.575757576,1.449494949,11.07586905,8.01337
1.575757576,1.462121212,11.13837395,8.04945
1.575757576,1.474747475,11.20087886,8.08915
1.575757576,1.487373737,11.26338376,8.13264
1.575757576,1.5,11.32588867,8.1801
1.590909091,0.805555556,8.001829773,6.72297
1.590909091,0.818181818,8.064935686,6.81338
1.590909091,0.830808081,8.128041599,6.89825
1.590909091,0.843434343,8.191147512,6.97775
1.590909091,0.856060606,8.254253425,7.0520700000000005
1.590909091,0.868686869,8.317359338,7.12138
1.590909091,0.881313131,8.380465251,7.18586
1.590909091,0.893939394,8.443571164,7.2457
1.590909091,0.906565657,8.506677077,7.30107
1.590909091,0.919191919,8.56978299,7.35215
1.590909091,0.931818182,8.632888903,7.39911
1.590909091,0.944444444,8.695994816,7.44215
1.590909091,0.957070707,8.75910073,7.4814300000000005
1.590909091,0.96969697,8.822206643,7.51714
1.590909091,0.982323232,8.885312556,7.54945
1.590909091,0.994949495,8.948418469,7.57855
1.590909091,1.007575758,9.011524382,7.6046000000000005
1.590909091,1.02020202,9.074630295,7.627800000000001
1.590909091,1.032828283,9.137736208,7.6483300000000005
1.590909091,1.045454545,9.200842121,7.66635
1.590909091,1.058080808,9.263948034,7.682040000000001
1.590909091,1.070707071,9.327053947,7.695600000000001
1.590909091,1.083333333,9.39015986,7.707190000000001
1.590909091,1.095959596,9.453265773,7.7170000000000005
1.590909091,1.108585859,9.516371686,7.7252
1.590909091,1.121212121,9.579477599,7.73198
1.590909091,1.133838384,9.642583512,7.73751
1.590909091,1.146464646,9.705689425,7.74197
1.590909091,1.159090909,9.768795338,7.74554
1.590909091,1.171717172,9.831901251,7.7483900000000006
1.590909091,1.184343434,9.895007164,7.75072
1.590909091,1.196969697,9.958113077,7.7527
1.590909091,1.20959596,10.02121899,7.7544900000000005
1.590909091,1.222222222,10.0843249,7.7563
1.590909091,1.234848485,10.14743082,7.758290000000001
1.590909091,1.247474747,10.21053673,7.76064
1.590909091,1.26010101,10.27364264,7.76353
1.590909091,1.272727273,10.33674856,7.76715
1.590909091,1.285353535,10.39985447,7.771660000000001
1.590909091,1.297979798,10.46296038,7.77725
1.590909091,1.310606061,10.52606629,7.78411
1.590909091,1.323232323,10.58917221,7.79239
1.590909091,1.335858586,10.65227812,7.802300000000001
1.590909091,1.348484848,10.71538403,7.81399
1.590909091,1.361111111,10.77848995,7.82766
1.590909091,1.373737374,10.84159586,7.84349
1.590909091,1.386363636,10.90470177,7.86164
1.590909091,1.398989899,10.96780769,7.88231
1.590909091,1.411616162,11.0309136,7.90566
1.590909091,1.424242424,11.09401951,7.93189
1.590909091,1.436868687,11.15712542,7.9611600000000005
1.590909091,1.449494949,11.22023134,7.993650000000001
1.590909091,1.462121212,11.28333725,8.02956
1.590909091,1.474747475,11.34644316,8.069040000000001
1.590909091,1.487373737,11.40954908,8.11229
1.590909091,1.5,11.47265499,8.15948
1.606060606,0.805555556,8.116261829,6.64691
1.606060606,0.818181818,8.17996875,6.74012
1.606060606,0.830808081,8.243675672,6.8277
1.606060606,0.843434343,8.307382594,6.90983
1.606060606,0.856060606,8.371089516,6.9867
1.606060606,0.868686869,8.434796437,7.05848
1.606060606,0.881313131,8.498503359,7.125360000000001
1.606060606,0.893939394,8.562210281,7.1875100000000005
1.606060606,0.906565657,8.625917203,7.24511
1.606060606,0.919191919,8.689624124,7.29835
1.606060606,0.931818182,8.753331046,7.3474
1.606060606,0.944444444,8.817037968,7.392440000000001
1.606060606,0.957070707,8.88074489,7.433660000000001
1.606060606,0.96969697,8.944451811,7.47123
1.606060606,0.982323232,9.008158733,7.50533
1.606060606,0.994949495,9.071865655,7.53615
1.606060606,1.007575758,9.135572576,7.56386
1.606060606,1.02020202,9.199279498,7.58865
1.606060606,1.032828283,9.26298642,7.61068
1.606060606,1.045454545,9.326693342,7.63015
1.606060606,1.058080808,9.390400263,7.64724
1.606060606,1.070707071,9.454107185,7.66212
1.606060606,1.083333333,9.517814107,7.67497
1.606060606,1.095959596,9.581521029,7.68597
1.606060606,1.108585859,9.64522795,7.69531
1.606060606,1.121212121,9.708934872,7.7031600000000005
1.606060606,1.133838384,9.772641794,7.709700000000001
1.606060606,1.146464646,9.836348716,7.71511
1.606060606,1.159090909,9.900055637,7.7195800000000006
1.606060606,1.171717172,9.963762559,7.72328
1.606060606,1.184343434,10.02746948,7.7264
1.606060606,1.196969697,10.0911764,7.72911
1.606060606,1.20959596,10.15488332,7.731590000000001
1.606060606,1.222222222,10.21859025,7.73402
1.606060606,1.234848485,10.28229717,7.73658
1.606060606,1.247474747,10.34600409,7.73946
1.606060606,1.26010101,10.40971101,7.7428300000000005
1.606060606,1.272727273,10.47341793,7.74687
1.606060606,1.285353535,10.53712485,7.7517700000000005
1.606060606,1.297979798,10.60083178,7.7577
1.606060606,1.310606061,10.6645387,7.76484
1.606060606,1.323232323,10.72824562,7.77337
1.606060606,1.335858586,10.79195254,7.78348
1.606060606,1.348484848,10.85565946,7.79533
1.606060606,1.361111111,10.91936638,7.80912
1.606060606,1.373737374,10.98307331,7.82502
1.606060606,1.386363636,11.04678023,7.8432200000000005
1.606060606,1.398989899,11.11048715,7.86388
1.606060606,1.411616162,11.17419407,7.8872
1.606060606,1.424242424,11.23790099,7.91335
1.606060606,1.436868687,11.30160792,7.94251
1.606060606,1.449494949,11.36531484,7.97487
1.606060606,1.462121212,11.42902176,8.01059
1.606060606,1.474747475,11.49272868,8.04987
1.606060606,1.487373737,11.5564356,8.092880000000001
1.606060606,1.5,11.62014252,8.139800000000001
1.621212121,0.818181818,8.295723025,6.66631
1.621212121,0.830808081,8.360030956,6.756670000000001
1.621212121,0.843434343,8.424338886,6.84149
1.621212121,0.856060606,8.488646817,6.9209700000000005
1.621212121,0.868686869,8.552954747,6.9952700000000005
1.621212121,0.881313131,8.617262677,7.06459
1.621212121,0.893939394,8.681570608,7.12911
1.621212121,0.906565657,8.745878538,7.189
1.621212121,0.919191919,8.810186469,7.24444
1.621212121,0.931818182,8.874494399,7.29563
1.621212121,0.944444444,8.93880233,7.34273
1.621212121,0.957070707,9.00311026,7.38593
1.621212121,0.96969697,9.06741819,7.42541
1.621212121,0.982323232,9.131726121,7.46135
1.621212121,0.994949495,9.196034051,7.49394
1.621212121,1.007575758,9.260341982,7.52334
1.621212121,1.02020202,9.324649912,7.54975
1.621212121,1.032828283,9.388957843,7.5733500000000005
1.621212121,1.045454545,9.453265773,7.59431
1.621212121,1.058080808,9.517573703,7.61282
1.621212121,1.070707071,9.581881634,7.62905
1.621212121,1.083333333,9.646189564,7.6432
1.621212121,1.095959596,9.710497495,7.65543
1.621212121,1.108585859,9.774805425,7.66594
1.621212121,1.121212121,9.839113356,7.67489
1.621212121,1.133838384,9.903421286,7.68248
1.621212121,1.146464646,9.967729216,7.68888
1.621212121,1.159090909,10.03203715,7.69428
1.621212121,1.171717172,10.09634508,7.69885
1.621212121,1.184343434,10.16065301,7.702780000000001
1.621212121,1.196969697,10.22496094,7.70624
1.621212121,1.20959596,10.28926887,7.70943
1.621212121,1.222222222,10.3535768,7.71251
1.621212121,1.234848485,10.41788473,7.71567
1.621212121,1.247474747,10.48219266,7.7190900000000005
1.621212121,1.26010101,10.54650059,7.7229600000000005
1.621212121,1.272727273,10.61080852,7.72745
1.621212121,1.285353535,10.67511645,7.732740000000001
1.621212121,1.297979798,10.73942438,7.73902
1.621212121,1.310606061,10.80373231,7.74646
1.621212121,1.323232323,10.86804024,7.75525
1.621212121,1.335858586,10.93234817,7.76557
1.621212121,1.348484848,10.9966561,7.7776000000000005
1.621212121,1.361111111,11.06096403,7.79152
1.621212121,1.373737374,11.12527196,7.8075
1.621212121,1.386363636,11.18957989,7.825740000000001
1.621212121,1.398989899,11.25388782,7.8464100000000006
1.621212121,1.411616162,11.31819576,7.8697
1.621212121,1.424242424,11.38250369,7.89578
1.621212121,1.436868687,11.44681162,7.9248400000000006
1.621212121,1.449494949,11.51111955,7.957050000000001
1.621212121,1.462121212,11.57542748,7.9926
1.621212121,1.474747475,11.63973541,8.03166
1.621212121,1.487373737,11.70404334,8.07443
1.621212121,1.5,11.76835127,8.121080000000001
1.636363636,0.830808081,8.47710745,6.6852800000000006
1.636363636,0.843434343,8.542016389,6.77285
1.636363636,0.856060606,8.606925328,6.85499
1.636363636,0.868686869,8.671834267,6.9318800000000005
1.636363636,0.881313131,8.736743206,7.0037
1.636363636,0.893939394,8.801652145,7.07063
1.636363636,0.906565657,8.866561084,7.13286
1.636363636,0.919191919,8.931470023,7.19057
1.636363636,0.931818182,8.996378963,7.243930000000001
1.636363636,0.944444444,9.061287902,7.29314
1.636363636,0.957070707,9.126196841,7.33837
1.636363636,0.96969697,9.19110578,7.37981
1.636363636,0.982323232,9.256014719,7.41763
1.636363636,0.994949495,9.320923658,7.45202
1.636363636,1.007575758,9.385832597,7.48317
1.636363636,1.02020202,9.450741536,7.51125
1.636363636,1.032828283,9.515650476,7.53644
1.636363636,1.045454545,9.580559415,7.55893
1.636363636,1.058080808,9.645468354,7.57889
1.636363636,1.070707071,9.710377293,7.59652
1.636363636,1.083333333,9.775286232,7.6119900000000005
1.636363636,1.095959596,9.840195171,7.62549
1.636363636,1.108585859,9.90510411,7.63719
1.636363636,1.121212121,9.970013049,7.64729
1.636363636,1.133838384,10.03492199,7.65595
1.636363636,1.146464646,10.09983093,7.66336
1.636363636,1.159090909,10.16473987,7.66971
1.636363636,1.171717172,10.22964881,7.67518
1.636363636,1.184343434,10.29455775,7.67995
1.636363636,1.196969697,10.35946668,7.68419
1.636363636,1.20959596,10.42437562,7.6881
1.636363636,1.222222222,10.48928456,7.6918500000000005
1.636363636,1.234848485,10.5541935,7.69563
1.636363636,1.247474747,10.61910244,7.69962
1.636363636,1.26010101,10.68401138,7.70399
1.636363636,1.272727273,10.74892032,7.70894
1.636363636,1.285353535,10.81382926,7.714650000000001
1.636363636,1.297979798,10.8787382,7.721290000000001
1.636363636,1.310606061,10.94364714,7.72904
1.636363636,1.323232323,11.00855608,7.7381
1.636363636,1.335858586,11.07346501,7.74864
1.636363636,1.348484848,11.13837395,7.7608500000000005
1.636363636,1.361111111,11.20328289,7.774900000000001
1.636363636,1.373737374,11.26819183,7.790970000000001
1.636363636,1.386363636,11.33310077,7.80926
1.636363636,1.398989899,11.39800971,7.829940000000001
1.636363636,1.411616162,11.46291865,7.853190000000001
1.636363636,1.424242424,11.52782759,7.8792
1.636363636,1.436868687,11.59273653,7.90815
1.636363636,1.449494949,11.65764547,7.94021
1.636363636,1.462121212,11.72255441,7.97558
1.636363636,1.474747475,11.78746334,8.01443
1.636363636,1.487373737,11.85237228,8.05695
1.636363636,1.5,11.91728122,8.10331
1.651515152,0.830808081,8.594905154,6.61367
1.651515152,0.843434343,8.660415102,6.70404
1.651515152,0.856060606,8.72592505,6.7889
1.651515152,0.868686869,8.791434997,6.86843
1.651515152,0.881313131,8.856944945,6.9428
1.651515152,0.893939394,8.922454893,7.0122100000000005
1.651515152,0.906565657,8.987964841,7.0768200000000006
1.651515152,0.919191919,9.053474789,7.13684
1.651515152,0.931818182,9.118984736,7.19244
1.651515152,0.944444444,9.184494684,7.2438
1.651515152,0.957070707,9.250004632,7.291110000000001
1.651515152,0.96969697,9.31551458,7.3345400000000005
1.651515152,0.982323232,9.381024528,7.37429
1.651515152,0.994949495,9.446534476,7.4105300000000005
1.651515152,1.007575758,9.512044423,7.44345
1.651515152,1.02020202,9.577554371,7.4732400000000005
1.651515152,1.032828283,9.643064319,7.50006
1.651515152,1.045454545,9.708574267,7.52411
1.651515152,1.058080808,9.774084215,7.54558
1.651515152,1.070707071,9.839594162,7.56463
1.651515152,1.083333333,9.90510411,7.58146
1.651515152,1.095959596,9.970614058,7.59625
1.651515152,1.108585859,10.03612401,7.60919
1.651515152,1.121212121,10.10163395,7.62044
1.651515152,1.133838384,10.1671439,7.63021
1.651515152,1.146464646,10.23265385,7.638660000000001
1.651515152,1.159090909,10.2981638,7.64599
1.651515152,1.171717172,10.36367375,7.65237
1.651515152,1.184343434,10.42918369,7.65799
1.651515152,1.196969697,10.49469364,7.6630400000000005
1.651515152,1.20959596,10.56020359,7.66769
1.651515152,1.222222222,10.62571354,7.67213
1.651515152,1.234848485,10.69122348,7.67654
1.651515152,1.247474747,10.75673343,7.68111
1.651515152,1.26010101,10.82224338,7.6860100000000005
1.651515152,1.272727273,10.88775333,7.69143
1.651515152,1.285353535,10.95326328,7.697550000000001
1.651515152,1.297979798,11.01877322,7.70456
1.651515152,1.310606061,11.08428317,7.71264
1.651515152,1.323232323,11.14979312,7.721970000000001
1.651515152,1.335858586,11.21530307,7.732740000000001
1.651515152,1.348484848,11.28081301,7.74512
1.651515152,1.361111111,11.34632296,7.75931
1.651515152,1.373737374,11.41183291,7.77548
1.651515152,1.386363636,11.47734286,7.793810000000001
1.651515152,1.398989899,11.54285281,7.81449
1.651515152,1.411616162,11.60836275,7.83771
1.651515152,1.424242424,11.6738727,7.86364
1.651515152,1.436868687,11.73938265,7.89247
1.651515152,1.449494949,11.8048926,7.92438
1.651515152,1.462121212,11.87040254,7.959560000000001
1.651515152,1.474747475,11.93591249,7.9981800000000005
1.651515152,1.487373737,12.00142244,8.04044
1.651515152,1.5,12.06693239,8.086500000000001
1.666666667,0.843434343,8.779535025,6.6352
1.666666667,0.856060606,8.845645982,6.722840000000001
1.666666667,0.868686869,8.911756938,6.8050500000000005
1.666666667,0.881313131,8.977867895,6.88203
1.666666667,0.893939394,9.043978851,6.95396
1.666666667,0.906565657,9.110089808,7.02102
1.666666667,0.919191919,9.176200764,7.0834
1.666666667,0.931818182,9.242311721,7.1412700000000005
1.666666667,0.944444444,9.308422677,7.1948300000000005
1.666666667,0.957070707,9.374533634,7.244260000000001
1.666666667,0.96969697,9.44064459,7.2897300000000005
1.666666667,0.982323232,9.506755547,7.33145
1.666666667,0.994949495,9.572866503,7.36958
1.666666667,1.007575758,9.63897746,7.40432
1.666666667,1.02020202,9.705088416,7.43584
1.666666667,1.032828283,9.771199373,7.46434
1.666666667,1.045454545,9.837310329,7.489990000000001
1.666666667,1.058080808,9.903421286,7.512980000000001
1.666666667,1.070707071,9.969532242,7.5334900000000005
1.666666667,1.083333333,10.0356432,7.55171
1.666666667,1.095959596,10.10175416,7.56783
1.666666667,1.108585859,10.16786511,7.58201
1.666666667,1.121212121,10.23397607,7.594460000000001
1.666666667,1.133838384,10.30008703,7.6053500000000005
1.666666667,1.146464646,10.36619798,7.61486
1.666666667,1.159090909,10.43230894,7.62319
1.666666667,1.171717172,10.49841989,7.63051
1.666666667,1.184343434,10.56453085,7.63701
1.666666667,1.196969697,10.63064181,7.64287
1.666666667,1.20959596,10.69675276,7.648280000000001
1.666666667,1.222222222,10.76286372,7.653420000000001
1.666666667,1.234848485,10.82897468,7.65848
1.666666667,1.247474747,10.89508563,7.66363
1.666666667,1.26010101,10.96119659,7.6690700000000005
1.666666667,1.272727273,11.02730755,7.67497
1.666666667,1.285353535,11.0934185,7.68152
1.666666667,1.297979798,11.15952946,7.68891
1.666666667,1.310606061,11.22564042,7.69731
1.666666667,1.323232323,11.29175137,7.70692
1.666666667,1.335858586,11.35786233,7.71791
1.666666667,1.348484848,11.42397329,7.73047
1.666666667,1.361111111,11.49008424,7.74479
1.666666667,1.373737374,11.5561952,7.76105
1.666666667,1.386363636,11.62230616,7.77942
1.666666667,1.398989899,11.68841711,7.80011
1.666666667,1.411616162,11.75452807,7.8232800000000005
1.666666667,1.424242424,11.82063902,7.84912
1.666666667,1.436868687,11.88674998,7.87783
1.666666667,1.449494949,11.95286094,7.90957
1.666666667,1.462121212,12.01897189,7.94454
1.666666667,1.474747475,12.08508285,7.98292
1.666666667,1.487373737,12.15119381,8.0249
1.666666667,1.5,12.21730476,8.07065
1.681818182,0.843434343,8.899376159,6.56647
1.681818182,0.856060606,8.966088124,6.6569400000000005
1.681818182,0.868686869,9.03280009,6.7419
1.681818182,0.881313131,9.099512055,6.82153
1.681818182,0.893939394,9.16622402,6.8960300000000005
1.681818182,0.906565657,9.232935985,6.96558
1.681818182,0.919191919,9.29964795,7.03036
1.681818182,0.931818182,9.366359916,7.09056
1.681818182,0.944444444,9.433071881,7.1463600000000005
1.681818182,0.957070707,9.499783846,7.1979500000000005
1.681818182,0.96969697,9.566495811,7.24551
1.681818182,0.982323232,9.633207776,7.28923
1.681818182,0.994949495,9.699919742,7.32929
1.681818182,1.007575758,9.766631707,7.365880000000001
1.681818182,1.02020202,9.833343672,7.39918
1.681818182,1.032828283,9.900055637,7.42938
1.681818182,1.045454545,9.966767602,7.45666
1.681818182,1.058080808,10.03347957,7.48121
1.681818182,1.070707071,10.10019153,7.50321
1.681818182,1.083333333,10.1669035,7.52285
1.681818182,1.095959596,10.23361546,7.54031
1.681818182,1.108585859,10.30032743,7.55577
1.681818182,1.121212121,10.36703939,7.5694300000000005
1.681818182,1.133838384,10.43375136,7.58147
1.681818182,1.146464646,10.50046332,7.5920700000000005
1.681818182,1.159090909,10.56717529,7.6014100000000004
1.681818182,1.171717172,10.63388725,7.6096900000000005
1.681818182,1.184343434,10.70059922,7.6170800000000005
1.681818182,1.196969697,10.76731118,7.62377
1.681818182,1.20959596,10.83402315,7.62995
1.681818182,1.222222222,10.90073512,7.63581
1.681818182,1.234848485,10.96744708,7.64152
1.681818182,1.247474747,11.03415905,7.64726
1.681818182,1.26010101,11.10087101,7.65324
1.681818182,1.272727273,11.16758298,7.65963
1.681818182,1.285353535,11.23429494,7.66661
1.681818182,1.297979798,11.30100691,7.67438
1.681818182,1.310606061,11.36771887,7.68311
1.681818182,1.323232323,11.43443084,7.69299
1.681818182,1.335858586,11.5011428,7.7042
1.681818182,1.348484848,11.56785477,7.71694
1.681818182,1.361111111,11.63456673,7.731380000000001
1.681818182,1.373737374,11.7012787,7.74772
1.681818182,1.386363636,11.76799066,7.76613
1.681818182,1.398989899,11.83470263,7.7868
1.681818182,1.411616162,11.90141459,7.80991
1.681818182,1.424242424,11.96812656,7.83566
1.681818182,1.436868687,12.03483852,7.86422
1.681818182,1.449494949,12.10155049,7.89578
1.681818182,1.462121212,12.16826245,7.93053
1.681818182,1.474747475,12.23497442,7.968640000000001
1.681818182,1.487373737,12.30168638,8.01031
1.681818182,1.5,12.36839835,8.05572
1.696969697,0.856060606,9.087251477,6.59133
1.696969697,0.868686869,9.154564451,6.67908
1.696969697,0.881313131,9.221877425,6.76143
1.696969697,0.893939394,9.289190399,6.838550000000001
1.696969697,0.906565657,9.356503373,6.91063
1.696969697,0.919191919,9.423816347,6.977860000000001
1.696969697,0.931818182,9.491129321,7.04042
1.696969697,0.944444444,9.558442295,7.09851
1.696969697,0.957070707,9.625755269,7.1523
1.696969697,0.96969697,9.693068242,7.20199
1.696969697,0.982323232,9.760381216,7.24775
1.696969697,0.994949495,9.82769419,7.28977
1.696969697,1.007575758,9.895007164,7.328250000000001
1.696969697,1.02020202,9.962320138,7.36336
1.696969697,1.032828283,10.02963311,7.395300000000001
1.696969697,1.045454545,10.09694609,7.42424
1.696969697,1.058080808,10.16425906,7.45037
1.696969697,1.070707071,10.23157203,7.47389
1.696969697,1.083333333,10.29888501,7.49497
1.696969697,1.095959596,10.36619798,7.5138
1.696969697,1.108585859,10.43351096,7.53057
1.696969697,1.121212121,10.50082393,7.54546
1.696969697,1.133838384,10.5681369,7.558660000000001
1.696969697,1.146464646,10.63544988,7.57036
1.696969697,1.159090909,10.70276285,7.5807400000000005
1.696969697,1.171717172,10.77007582,7.589980000000001
1.696969697,1.184343434,10.8373888,7.59828
1.696969697,1.196969697,10.90470177,7.6058200000000005
1.696969697,1.20959596,10.97201475,7.61278
1.696969697,1.222222222,11.03932772,7.61935
1.696969697,1.234848485,11.10664069,7.62572
1.696969697,1.247474747,11.17395367,7.632070000000001
1.696969697,1.26010101,11.24126664,7.638590000000001
1.696969697,1.272727273,11.30857962,7.64546
1.696969697,1.285353535,11.37589259,7.65287
1.696969697,1.297979798,11.44320556,7.66101
1.696969697,1.310606061,11.51051854,7.67007
1.696969697,1.323232323,11.57783151,7.68022
1.696969697,1.335858586,11.64514449,7.69165
1.696969697,1.348484848,11.71245746,7.70455
1.696969697,1.361111111,11.77977043,7.719110000000001
1.696969697,1.373737374,11.84708341,7.7355100000000006
1.696969697,1.386363636,11.91439638,7.75394
1.696969697,1.398989899,11.98170936,7.77458
1.696969697,1.411616162,12.04902233,7.79762
1.696969697,1.424242424,12.1163353,7.82325
1.696969697,1.436868687,12.18364828,7.85165
1.696969697,1.449494949,12.25096125,7.883
1.696969697,1.462121212,12.31827422,7.9175
1.696969697,1.474747475,12.3855872,7.95533
1.696969697,1.487373737,12.45290017,7.99667
1.696969697,1.5,12.52021315,8.04171
1.712121212,0.856060606,9.209136041,6.52616
1.712121212,0.868686869,9.277050023,6.616750000000001
1.712121212,0.881313131,9.344964006,6.70185
1.712121212,0.893939394,9.412877989,6.78164
1.712121212,0.906565657,9.480791971,6.8563
1.712121212,0.919191919,9.548705954,6.92603
1.712121212,0.931818182,9.616619936,6.9910000000000005
1.712121212,0.944444444,9.684533919,7.051410000000001
1.712121212,0.957070707,9.752447902,7.10745
1.712121212,0.96969697,9.820361884,7.15929
1.712121212,0.982323232,9.888275867,7.20713
1.712121212,0.994949495,9.956189849,7.2511600000000005
1.712121212,1.007575758,10.02410383,7.29155
1.712121212,1.02020202,10.09201781,7.3285100000000005
1.712121212,1.032828283,10.1599318,7.3622000000000005
1.712121212,1.045454545,10.22784578,7.39283
1.712121212,1.058080808,10.29575976,7.42058
1.712121212,1.070707071,10.36367375,7.44563
1.712121212,1.083333333,10.43158773,7.46818
1.712121212,1.095959596,10.49950171,7.48841
1.712121212,1.108585859,10.56741569,7.5065
1.712121212,1.121212121,10.63532968,7.52264
1.712121212,1.133838384,10.70324366,7.53702
1.712121212,1.146464646,10.77115764,7.54983
1.712121212,1.159090909,10.83907162,7.56126
1.712121212,1.171717172,10.90698561,7.57148
1.712121212,1.184343434,10.97489959,7.580690000000001
1.712121212,1.196969697,11.04281357,7.58908
1.712121212,1.20959596,11.11072755,7.596830000000001
1.712121212,1.222222222,11.17864154,7.60412
1.712121212,1.234848485,11.24655552,7.61115
1.712121212,1.247474747,11.3144695,7.6181
1.712121212,1.26010101,11.38238348,7.62516
1.712121212,1.272727273,11.45029747,7.63252
1.712121212,1.285353535,11.51821145,7.64036
1.712121212,1.297979798,11.58612543,7.6488700000000005
1.712121212,1.310606061,11.65403941,7.65824
1.712121212,1.323232323,11.7219534,7.66864
1.712121212,1.335858586,11.78986738,7.680280000000001
1.712121212,1.348484848,11.85778136,7.69334
1.712121212,1.361111111,11.92569534,7.708
1.712121212,1.373737374,11.99360933,7.72445
1.712121212,1.386363636,12.06152331,7.74288
1.712121212,1.398989899,12.12943729,7.76347
1.712121212,1.411616162,12.19735128,7.786420000000001
1.712121212,1.424242424,12.26526526,7.8119000000000005
1.712121212,1.436868687,12.33317924,7.84011
1.712121212,1.449494949,12.40109322,7.871230000000001
1.712121212,1.462121212,12.46900721,7.90545
1.712121212,1.474747475,12.53692119,7.94296
1.712121212,1.487373737,12.60483517,7.9839400000000005
1.712121212,1.5,12.67274915,8.02858
1.727272727,0.868686869,9.400256806,6.5550500000000005
1.727272727,0.881313131,9.468771797,6.64295
1.727272727,0.893939394,9.537286789,6.72545
1.727272727,0.906565657,9.60580178,6.80273
1.727272727,0.919191919,9.674316771,6.87499
1.727272727,0.931818182,9.742831762,6.94242
1.727272727,0.944444444,9.811346754,7.00519
1.727272727,0.957070707,9.879861745,7.0635
1.727272727,0.96969697,9.948376736,7.11754
1.727272727,0.982323232,10.01689173,7.1675
1.727272727,0.994949495,10.08540672,7.213550000000001
1.727272727,1.007575758,10.15392171,7.2559000000000005
1.727272727,1.02020202,10.2224367,7.29472
1.727272727,1.032828283,10.29095169,7.33021
1.727272727,1.045454545,10.35946668,7.362550000000001
1.727272727,1.058080808,10.42798168,7.39194
1.727272727,1.070707071,10.49649667,7.418550000000001
1.727272727,1.083333333,10.56501166,7.44258
1.727272727,1.095959596,10.63352665,7.46422
1.727272727,1.108585859,10.70204164,7.48364
1.727272727,1.121212121,10.77055663,7.50105
1.727272727,1.133838384,10.83907162,7.51663
1.727272727,1.146464646,10.90758661,7.53057
1.727272727,1.159090909,10.97610161,7.54305
1.727272727,1.171717172,11.0446166,7.55426
1.727272727,1.184343434,11.11313159,7.56439
1.727272727,1.196969697,11.18164658,7.5736300000000005
1.727272727,1.20959596,11.25016157,7.58216
1.727272727,1.222222222,11.31867656,7.59018
1.727272727,1.234848485,11.38719155,7.59787
1.727272727,1.247474747,11.45570654,7.60543
1.727272727,1.26010101,11.52422154,7.613020000000001
1.727272727,1.272727273,11.59273653,7.62086
1.727272727,1.285353535,11.66125152,7.62911
1.727272727,1.297979798,11.72976651,7.637980000000001
1.727272727,1.310606061,11.7982815,7.6476500000000005
1.727272727,1.323232323,11.86679649,7.6583000000000006
1.727272727,1.335858586,11.93531148,7.67013
1.727272727,1.348484848,12.00382648,7.68332
1.727272727,1.361111111,12.07234147,7.69806
1.727272727,1.373737374,12.14085646,7.71454
1.727272727,1.386363636,12.20937145,7.732950000000001
1.727272727,1.398989899,12.27788644,7.75347
1.727272727,1.411616162,12.34640143,7.77629
1.727272727,1.424242424,12.41491642,7.8016000000000005
1.727272727,1.436868687,12.48343141,7.8295900000000005
1.727272727,1.449494949,12.55194641,7.8604400000000005
1.727272727,1.462121212,12.6204614,7.89435
1.727272727,1.474747475,12.68897639,7.931500000000001
1.727272727,1.487373737,12.75749138,7.97208
1.727272727,1.5,12.82600637,8.01628
1.742424242,0.881313131,9.593300799,6.58484
1.742424242,0.893939394,9.662416799,6.670100000000001
1.742424242,0.906565657,9.731532799,6.75005
1.742424242,0.919191919,9.800648799,6.82488
1.742424242,0.931818182,9.869764799,6.8948
1.742424242,0.944444444,9.938880799,6.95997
1.742424242,0.957070707,10.0079968,7.0206
1.742424242,0.96969697,10.0771128,7.07686
1.742424242,0.982323232,10.1462288,7.12896
1.742424242,0.994949495,10.2153448,7.17708
1.742424242,1.007575758,10.2844608,7.2214
1.742424242,1.02020202,10.3535768,7.26212
1.742424242,1.032828283,10.4226928,7.2994200000000005
1.742424242,1.045454545,10.4918088,7.3335
1.742424242,1.058080808,10.5609248,7.36454
1.742424242,1.070707071,10.6300408,7.39273
1.742424242,1.083333333,10.6991568,7.418270000000001
1.742424242,1.095959596,10.7682728,7.441330000000001
1.742424242,1.108585859,10.8373888,7.46211
1.742424242,1.121212121,10.9065048,7.48079
1.742424242,1.133838384,10.9756208,7.49758
1.742424242,1.146464646,11.0447368,7.51264
1.742424242,1.159090909,11.1138528,7.52618
1.742424242,1.171717172,11.1829688,7.53838
1.742424242,1.184343434,11.2520848,7.549440000000001
1.742424242,1.196969697,11.3212008,7.5595300000000005
1.742424242,1.20959596,11.3903168,7.56885
1.742424242,1.222222222,11.4594328,7.57759
1.742424242,1.234848485,11.5285488,7.58594
1.742424242,1.247474747,11.5976648,7.59408
1.742424242,1.26010101,11.6667808,7.60221
1.742424242,1.272727273,11.7358968,7.6105100000000006
1.742424242,1.285353535,11.8050128,7.61917
1.742424242,1.297979798,11.8741288,7.62838
1.742424242,1.310606061,11.9432448,7.63833
1.742424242,1.323232323,12.0123608,7.64921
1.742424242,1.335858586,12.0814768,7.6612100000000005
1.742424242,1.348484848,12.1505928,7.674510000000001
1.742424242,1.361111111,12.2197088,7.68931
1.742424242,1.373737374,12.2888248,7.70579
1.742424242,1.386363636,12.3579408,7.72415
1.742424242,1.398989899,12.4270568,7.74456
1.742424242,1.411616162,12.4961728,7.7672300000000005
1.742424242,1.424242424,12.5652888,7.792330000000001
1.742424242,1.436868687,12.6344048,7.820060000000001
1.742424242,1.449494949,12.7035208,7.8506100000000005
1.742424242,1.462121212,12.7726368,7.88417
1.742424242,1.474747475,12.8417528,7.920920000000001
1.742424242,1.487373737,12.9108688,7.96105
1.742424242,1.5,12.9799848,8.004760000000001
1.757575758,0.881313131,9.718551011,6.5276700000000005
1.757575758,0.893939394,9.78826802,6.6157200000000005
1.757575758,0.906565657,9.857985029,6.69838
1.757575758,0.919191919,9.927702037,6.77583
1.757575758,0.931818182,9.997419046,6.84827
1.757575758,0.944444444,10.06713605,6.9158800000000005
1.757575758,0.957070707,10.13685306,6.97885
1.757575758,0.96969697,10.20657007,7.03737
1.757575758,0.982323232,10.27628708,7.09164
1.757575758,0.994949495,10.34600409,7.14185
1.757575758,1.007575758,10.4157211,7.18817
1.757575758,1.02020202,10.48543811,7.23081
1.757575758,1.032828283,10.55515512,7.269950000000001
1.757575758,1.045454545,10.62487212,7.30578
1.757575758,1.058080808,10.69458913,7.3385
1.757575758,1.070707071,10.76430614,7.36828
1.757575758,1.083333333,10.83402315,7.39533
1.757575758,1.095959596,10.90374016,7.41983
1.757575758,1.108585859,10.97345717,7.44197
1.757575758,1.121212121,11.04317418,7.46194
1.757575758,1.133838384,11.11289118,7.47993
1.757575758,1.146464646,11.18260819,7.4961400000000005
1.757575758,1.159090909,11.2523252,7.51074
1.757575758,1.171717172,11.32204221,7.52393
1.757575758,1.184343434,11.39175922,7.53591
1.757575758,1.196969697,11.46147623,7.54685
1.757575758,1.20959596,11.53119324,7.55696
1.757575758,1.222222222,11.60091025,7.56641
1.757575758,1.234848485,11.67062725,7.5754
1.757575758,1.247474747,11.74034426,7.58412
1.757575758,1.26010101,11.81006127,7.59276
1.757575758,1.272727273,11.87977828,7.60151
1.757575758,1.285353535,11.94949529,7.61056
1.757575758,1.297979798,12.0192123,7.6201
1.757575758,1.310606061,12.08892931,7.630310000000001
1.757575758,1.323232323,12.15864632,7.64139
1.757575758,1.335858586,12.22836332,7.65353
1.757575758,1.348484848,12.29808033,7.66692
1.757575758,1.361111111,12.36779734,7.6817400000000005
1.757575758,1.373737374,12.43751435,7.6982
1.757575758,1.386363636,12.50723136,7.7164600000000005
1.757575758,1.398989899,12.57694837,7.73674
1.757575758,1.411616162,12.64666538,7.75921
1.757575758,1.424242424,12.71638238,7.78407
1.757575758,1.436868687,12.78609939,7.8115000000000006
1.757575758,1.449494949,12.8558164,7.8417
1.757575758,1.462121212,12.92553341,7.87486
1.757575758,1.474747475,12.99525042,7.911160000000001
1.757575758,1.487373737,13.06496743,7.9508
1.757575758,1.5,13.13468444,7.99396
1.772727273,0.893939394,9.914840451,6.562460000000001
1.772727273,0.906565657,9.985158469,6.6478600000000005
1.772727273,0.919191919,10.05547649,6.72796
1.772727273,0.931818182,10.1257945,6.802960000000001
1.772727273,0.944444444,10.19611252,6.87303
1.772727273,0.957070707,10.26643054,6.93838
1.772727273,0.96969697,10.33674856,6.9991900000000005
1.772727273,0.982323232,10.40706657,7.0556600000000005
1.772727273,0.994949495,10.47738459,7.10797
1.772727273,1.007575758,10.54770261,7.15632
1.772727273,1.02020202,10.61802062,7.2009
1.772727273,1.032828283,10.68833864,7.241890000000001
1.772727273,1.045454545,10.75865666,7.2795000000000005
1.772727273,1.058080808,10.82897468,7.3139
1.772727273,1.070707071,10.89929269,7.34529
1.772727273,1.083333333,10.96961071,7.37387
1.772727273,1.095959596,11.03992873,7.39981
1.772727273,1.108585859,11.11024675,7.42332
1.772727273,1.121212121,11.18056476,7.44458
1.772727273,1.133838384,11.25088278,7.46379
1.772727273,1.146464646,11.3212008,7.48113
1.772727273,1.159090909,11.39151882,7.49679
1.772727273,1.171717172,11.46183683,7.51097
1.772727273,1.184343434,11.53215485,7.52386
1.772727273,1.196969697,11.60247287,7.53565
1.772727273,1.20959596,11.67279089,7.54652
1.772727273,1.222222222,11.7431089,7.55668
1.772727273,1.234848485,11.81342692,7.5663
1.772727273,1.247474747,11.88374494,7.57559
1.772727273,1.26010101,11.95406296,7.58472
1.772727273,1.272727273,12.02438097,7.5939000000000005
1.772727273,1.285353535,12.09469899,7.6033100000000005
1.772727273,1.297979798,12.16501701,7.61315
1.772727273,1.310606061,12.23533502,7.623600000000001
1.772727273,1.323232323,12.30565304,7.63485
1.772727273,1.335858586,12.37597106,7.6471100000000005
1.772727273,1.348484848,12.44628908,7.66054
1.772727273,1.361111111,12.51660709,7.67536
1.772727273,1.373737374,12.58692511,7.69174
1.772727273,1.386363636,12.65724313,7.709890000000001
1.772727273,1.398989899,12.72756115,7.72998
1.772727273,1.411616162,12.79787916,7.75222
1.772727273,1.424242424,12.86819718,7.7767800000000005
1.772727273,1.436868687,12.9385152,7.80387
1.772727273,1.449494949,13.00883322,7.833670000000001
1.772727273,1.462121212,13.07915123,7.86637
1.772727273,1.474747475,13.14946925,7.90217
1.772727273,1.487373737,13.21978727,7.94125
1.772727273,1.5,13.29010529,7.98381
1.787878788,0.893939394,10.04213409,6.5104500000000005
1.787878788,0.906565657,10.11305312,6.59862
1.787878788,0.919191919,10.18397215,6.6814100000000005
1.787878788,0.931818182,10.25489117,6.75899
1.787878788,0.944444444,10.3258102,6.8315600000000005
1.787878788,0.957070707,10.39672922,6.89931
1.787878788,0.96969697,10.46764825,6.96243
1.787878788,0.982323232,10.53856728,7.02112
1.787878788,0.994949495,10.6094863,7.07557
1.787878788,1.007575758,10.68040533,7.12596
1.787878788,1.02020202,10.75132435,7.17249
1.787878788,1.032828283,10.82224338,7.21536
1.787878788,1.045454545,10.89316241,7.25474
1.787878788,1.058080808,10.96408143,7.29084
1.787878788,1.070707071,11.03500046,7.32385
1.787878788,1.083333333,11.10591948,7.35396
1.787878788,1.095959596,11.17683851,7.38136
1.787878788,1.108585859,11.24775754,7.40623
1.787878788,1.121212121,11.31867656,7.42879
1.787878788,1.133838384,11.38959559,7.4492
1.787878788,1.146464646,11.46051461,7.46767
1.787878788,1.159090909,11.53143364,7.4844
1.787878788,1.171717172,11.60235267,7.499560000000001
1.787878788,1.184343434,11.67327169,7.51335
1.787878788,1.196969697,11.74419072,7.52597
1.787878788,1.20959596,11.81510974,7.5376
1.787878788,1.222222222,11.88602877,7.54844
1.787878788,1.234848485,11.9569478,7.55868
1.787878788,1.247474747,12.02786682,7.5685
1.787878788,1.26010101,12.09878585,7.578110000000001
1.787878788,1.272727273,12.16970488,7.5877
1.787878788,1.285353535,12.2406239,7.59745
1.787878788,1.297979798,12.31154293,7.60755
1.787878788,1.310606061,12.38246195,7.61821
1.787878788,1.323232323,12.45338098,7.6296
1.787878788,1.335858586,12.52430001,7.64193
1.787878788,1.348484848,12.59521903,7.65538
1.787878788,1.361111111,12.66613806,7.6701500000000005
1.787878788,1.373737374,12.73705708,7.68642
1.787878788,1.386363636,12.80797611,7.70439
1.787878788,1.398989899,12.87889514,7.72426
1.787878788,1.411616162,12.94981416,7.7462
1.787878788,1.424242424,13.02073319,7.7704200000000005
1.787878788,1.436868687,13.09165221,7.79711
1.787878788,1.449494949,13.16257124,7.82645
1.787878788,1.462121212,13.23349027,7.85864
1.787878788,1.474747475,13.30440929,7.89388
1.787878788,1.487373737,13.37532832,7.93234
1.787878788,1.5,13.44624734,7.97423
1.803030303,0.906565657,10.24166898,6.55079
1.803030303,0.919191919,10.31318901,6.63629
1.803030303,0.931818182,10.38470905,6.71648
1.803030303,0.944444444,10.45622908,6.79157
1.803030303,0.957070707,10.52774912,6.86175
1.803030303,0.96969697,10.59926915,6.9272100000000005
1.803030303,0.982323232,10.67078919,6.9881400000000005
1.803030303,0.994949495,10.74230922,7.04474
1.803030303,1.007575758,10.81382926,7.09719
1.803030303,1.02020202,10.88534929,7.14569
1.803030303,1.032828283,10.95686933,7.190440000000001
1.803030303,1.045454545,11.02838936,7.23162
1.803030303,1.058080808,11.0999094,7.26943
1.803030303,1.070707071,11.17142943,7.30405
1.803030303,1.083333333,11.24294947,7.3357
1.803030303,1.095959596,11.3144695,7.36455
1.803030303,1.108585859,11.38598954,7.39079
1.803030303,1.121212121,11.45750957,7.41463
1.803030303,1.133838384,11.52902961,7.43625
1.803030303,1.146464646,11.60054964,7.45585
1.803030303,1.159090909,11.67206968,7.47362
1.803030303,1.171717172,11.74358971,7.48975
1.803030303,1.184343434,11.81510974,7.50443
1.803030303,1.196969697,11.88662978,7.517860000000001
1.803030303,1.20959596,11.95814981,7.53023
1.803030303,1.222222222,12.02966985,7.54173
1.803030303,1.234848485,12.10118988,7.552560000000001
1.803030303,1.247474747,12.17270992,7.5629100000000005
1.803030303,1.26010101,12.24422995,7.57296
1.803030303,1.272727273,12.31574999,7.5829200000000005
1.803030303,1.285353535,12.38727002,7.59297
1.803030303,1.297979798,12.45879006,7.6033100000000005
1.803030303,1.310606061,12.53031009,7.61413
1.803030303,1.323232323,12.60183013,7.62563
1.803030303,1.335858586,12.67335016,7.63799
1.803030303,1.348484848,12.7448702,7.65141
1.803030303,1.361111111,12.81639023,7.66608
1.803030303,1.373737374,12.88791027,7.68219
1.803030303,1.386363636,12.9594303,7.699940000000001
1.803030303,1.398989899,13.03095034,7.71952
1.803030303,1.411616162,13.10247037,7.7411200000000004
1.803030303,1.424242424,13.17399041,7.76494
1.803030303,1.436868687,13.24551044,7.7911600000000005
1.803030303,1.449494949,13.31703048,7.819990000000001
1.803030303,1.462121212,13.38855051,7.8516
1.803030303,1.474747475,13.46007054,7.8862000000000005
1.803030303,1.487373737,13.53159058,7.92398
1.803030303,1.5,13.60311061,7.96513
1.818181818,0.919191919,10.44312709,6.59273
1.818181818,0.931818182,10.51524814,6.6755700000000004
1.818181818,0.944444444,10.58736918,6.7532000000000005
1.818181818,0.957070707,10.65949022,6.82583
1.818181818,0.96969697,10.73161127,6.89364
1.818181818,0.982323232,10.80373231,6.95683
1.818181818,0.994949495,10.87585336,7.01559
1.818181818,1.007575758,10.9479744,7.070110000000001
1.818181818,1.02020202,11.02009544,7.1206000000000005
1.818181818,1.032828283,11.09221649,7.16723
1.818181818,1.045454545,11.16433753,7.21021
1.818181818,1.058080808,11.23645857,7.2497300000000005
1.818181818,1.070707071,11.30857962,7.28598
1.818181818,1.083333333,11.38070066,7.31916
1.818181818,1.095959596,11.4528217,7.3494600000000005
1.818181818,1.108585859,11.52494275,7.37707
1.818181818,1.121212121,11.59706379,7.40218
1.818181818,1.133838384,11.66918483,7.425
1.818181818,1.146464646,11.74130588,7.44571
1.818181818,1.159090909,11.81342692,7.464510000000001
1.818181818,1.171717172,11.88554796,7.481590000000001
1.818181818,1.184343434,11.95766901,7.49715
1.818181818,1.196969697,12.02979005,7.51137
1.818181818,1.20959596,12.10191109,7.52445
1.818181818,1.222222222,12.17403214,7.53659
1.818181818,1.234848485,12.24615318,7.54798
1.818181818,1.247474747,12.31827422,7.55881
1.818181818,1.26010101,12.39039527,7.56928
1.818181818,1.272727273,12.46251631,7.57957
1.818181818,1.285353535,12.53463736,7.5898900000000005
1.818181818,1.297979798,12.6067584,7.60043
1.818181818,1.310606061,12.67887944,7.61137
1.818181818,1.323232323,12.75100049,7.622920000000001
1.818181818,1.335858586,12.82312153,7.63527
1.818181818,1.348484848,12.89524257,7.648610000000001
1.818181818,1.361111111,12.96736362,7.663130000000001
1.818181818,1.373737374,13.03948466,7.67903
1.818181818,1.386363636,13.1116057,7.6965
1.818181818,1.398989899,13.18372675,7.715730000000001
1.818181818,1.411616162,13.25584779,7.73693
1.818181818,1.424242424,13.32796883,7.76028
1.818181818,1.436868687,13.40008988,7.78597
1.818181818,1.449494949,13.47221092,7.8142000000000005
1.818181818,1.462121212,13.54433196,7.84516
1.818181818,1.474747475,13.61645301,7.87905
1.818181818,1.487373737,13.68857405,7.91606
1.818181818,1.5,13.76069509,7.95639
1.833333333,0.919191919,10.57378638,6.5508500000000005
1.833333333,0.931818182,10.64650844,6.63636
1.833333333,0.944444444,10.71923049,6.71656
1.833333333,0.957070707,10.79195254,6.791650000000001
1.833333333,0.96969697,10.86467459,6.86183
1.833333333,0.982323232,10.93739665,6.92729
1.833333333,0.994949495,11.0101187,6.988230000000001
1.833333333,1.007575758,11.08284075,7.04483
1.833333333,1.02020202,11.1555628,7.097300000000001
1.833333333,1.032828283,11.22828485,7.14583
1.833333333,1.045454545,11.30100691,7.19061
1.833333333,1.058080808,11.37372896,7.23184
1.833333333,1.070707071,11.44645101,7.26971
1.833333333,1.083333333,11.51917306,7.30442
1.833333333,1.095959596,11.59189512,7.3361600000000005
1.833333333,1.108585859,11.66461717,7.36512
1.833333333,1.121212121,11.73733922,7.39151
1.833333333,1.133838384,11.81006127,7.41551
1.833333333,1.146464646,11.88278332,7.437320000000001
1.833333333,1.159090909,11.95550538,7.45713
1.833333333,1.171717172,12.02822743,7.475140000000001
1.833333333,1.184343434,12.10094948,7.4915400000000005
1.833333333,1.196969697,12.17367153,7.506530000000001
1.833333333,1.20959596,12.24639358,7.520300000000001
1.833333333,1.222222222,12.31911564,7.533040000000001
1.833333333,1.234848485,12.39183769,7.5449600000000006
1.833333333,1.247474747,12.46455974,7.55624
1.833333333,1.26010101,12.53728179,7.56708
1.833333333,1.272727273,12.61000385,7.57767
1.833333333,1.285353535,12.6827259,7.58821
1.833333333,1.297979798,12.75544795,7.59889
1.833333333,1.310606061,12.82817,7.60991
1.833333333,1.323232323,12.90089205,7.62147
1.833333333,1.335858586,12.97361411,7.63374
1.833333333,1.348484848,13.04633616,7.64694
1.833333333,1.361111111,13.11905821,7.66126
1.833333333,1.373737374,13.19178026,7.676880000000001
1.833333333,1.386363636,13.26450232,7.694
1.833333333,1.398989899,13.33722437,7.71283
1.833333333,1.411616162,13.40994642,7.73355
1.833333333,1.424242424,13.48266847,7.75635
1.833333333,1.436868687,13.55539052,7.78144
1.833333333,1.449494949,13.62811258,7.809
1.833333333,1.462121212,13.70083463,7.83924
1.833333333,1.474747475,13.77355668,7.87233
1.833333333,1.487373737,13.84627873,7.9084900000000005
1.833333333,1.5,13.91900078,7.94791
1.848484848,0.931818182,10.77848995,6.59898
1.848484848,0.944444444,10.85181301,6.681760000000001
1.848484848,0.957070707,10.92513607,6.75933
1.848484848,0.96969697,10.99845913,6.8318900000000005
1.848484848,0.982323232,11.07178219,6.89964
1.848484848,0.994949495,11.14510525,6.96275
1.848484848,1.007575758,11.21842831,7.021450000000001
1.848484848,1.02020202,11.29175137,7.07591
1.848484848,1.032828283,11.36507443,7.12633
1.848484848,1.045454545,11.43839749,7.17291
1.848484848,1.058080808,11.51172056,7.21584
1.848484848,1.070707071,11.58504362,7.25533
1.848484848,1.083333333,11.65836668,7.2915600000000005
1.848484848,1.095959596,11.73168974,7.324730000000001
1.848484848,1.108585859,11.8050128,7.35503
1.848484848,1.121212121,11.87833586,7.3826600000000004
1.848484848,1.133838384,11.95165892,7.407830000000001
1.848484848,1.146464646,12.02498198,7.43071
1.848484848,1.159090909,12.09830504,7.45151
1.848484848,1.171717172,12.1716281,7.47042
1.848484848,1.184343434,12.24495116,7.48764
1.848484848,1.196969697,12.31827422,7.50336
1.848484848,1.20959596,12.39159729,7.51778
1.848484848,1.222222222,12.46492035,7.5311
1.848484848,1.234848485,12.53824341,7.5435
1.848484848,1.247474747,12.61156647,7.5551900000000005
1.848484848,1.26010101,12.68488953,7.56635
1.848484848,1.272727273,12.75821259,7.5772
1.848484848,1.285353535,12.83153565,7.58791
1.848484848,1.297979798,12.90485871,7.59869
1.848484848,1.310606061,12.97818177,7.60973
1.848484848,1.323232323,13.05150483,7.621230000000001
1.848484848,1.335858586,13.12482789,7.63338
1.848484848,1.348484848,13.19815096,7.64637
1.848484848,1.361111111,13.27147402,7.660410000000001
1.848484848,1.373737374,13.34479708,7.67569
1.848484848,1.386363636,13.41812014,7.6924
1.848484848,1.398989899,13.4914432,7.71074
1.848484848,1.411616162,13.56476626,7.730910000000001
1.848484848,1.424242424,13.63808932,7.75309
1.848484848,1.436868687,13.71141238,7.77749
1.848484848,1.449494949,13.78473544,7.8043000000000005
1.848484848,1.462121212,13.8580585,7.83371
1.848484848,1.474747475,13.93138156,7.8659300000000005
1.848484848,1.487373737,14.00470462,7.90114
1.848484848,1.5,14.07802769,7.9395500000000006
1.863636364,0.944444444,10.98511674,6.64891
1.863636364,0.957070707,11.05904081,6.72898
1.863636364,0.96969697,11.13296488,6.80393
1.863636364,0.982323232,11.20688894,6.87396
1.863636364,0.994949495,11.28081301,6.93926
1.863636364,1.007575758,11.35473708,7.00004
1.863636364,1.02020202,11.42866115,7.05649
1.863636364,1.032828283,11.50258522,7.1088000000000005
1.863636364,1.045454545,11.57650929,7.15718
1.863636364,1.058080808,11.65043336,7.20181
1.863636364,1.070707071,11.72435743,7.242900000000001
1.863636364,1.083333333,11.7982815,7.28063
1.863636364,1.095959596,11.87220557,7.31522
1.863636364,1.108585859,11.94612964,7.34684
1.863636364,1.121212121,12.02005371,7.3757
1.863636364,1.133838384,12.09397778,7.402
1.863636364,1.146464646,12.16790185,7.42593
1.863636364,1.159090909,12.24182592,7.447690000000001
1.863636364,1.171717172,12.31574999,7.46748
1.863636364,1.184343434,12.38967406,7.48548
1.863636364,1.196969697,12.46359813,7.5019
1.863636364,1.20959596,12.5375222,7.51693
1.863636364,1.222222222,12.61144627,7.53077
1.863636364,1.234848485,12.68537034,7.543620000000001
1.863636364,1.247474747,12.75929441,7.5556600000000005
1.863636364,1.26010101,12.83321848,7.5671100000000004
1.863636364,1.272727273,12.90714254,7.57815
1.863636364,1.285353535,12.98106661,7.58898
1.863636364,1.297979798,13.05499068,7.5998
1.863636364,1.310606061,13.12891475,7.610790000000001
1.863636364,1.323232323,13.20283882,7.622170000000001
1.863636364,1.335858586,13.27676289,7.63413
1.863636364,1.348484848,13.35068696,7.646850000000001
1.863636364,1.361111111,13.42461103,7.66054
1.863636364,1.373737374,13.4985351,7.675400000000001
1.863636364,1.386363636,13.57245917,7.69162
1.863636364,1.398989899,13.64638324,7.70939
1.863636364,1.411616162,13.72030731,7.7289200000000005
1.863636364,1.424242424,13.79423138,7.7504
1.863636364,1.436868687,13.86815545,7.77402
1.863636364,1.449494949,13.94207952,7.799980000000001
1.863636364,1.462121212,14.01600359,7.82848
1.863636364,1.474747475,14.08992766,7.85972
1.863636364,1.487373737,14.16385173,7.89388
1.863636364,1.5,14.2377758,7.93117
1.878787879,0.944444444,11.11914168,6.61813
1.878787879,0.957070707,11.19366675,6.7007
1.878787879,0.96969697,11.26819183,6.77804
1.878787879,0.982323232,11.34271691,6.85036
1.878787879,0.994949495,11.41724199,6.9178500000000005
1.878787879,1.007575758,11.49176707,6.98072
1.878787879,1.02020202,11.56629214,7.03915
1.878787879,1.032828283,11.64081722,7.09334
1.878787879,1.045454545,11.7153423,7.1435
1.878787879,1.058080808,11.78986738,7.18982
1.878787879,1.070707071,11.86439246,7.23249
1.878787879,1.083333333,11.93891754,7.271710000000001
1.878787879,1.095959596,12.01344261,7.30769
1.878787879,1.108585859,12.08796769,7.34061
1.878787879,1.121212121,12.16249277,7.37068
1.878787879,1.133838384,12.23701785,7.39808
1.878787879,1.146464646,12.31154293,7.42303
1.878787879,1.159090909,12.38606801,7.44571
1.878787879,1.171717172,12.46059308,7.46633
1.878787879,1.184343434,12.53511816,7.48508
1.878787879,1.196969697,12.60964324,7.50215
1.878787879,1.20959596,12.68416832,7.51775
1.878787879,1.222222222,12.7586934,7.53207
1.878787879,1.234848485,12.83321848,7.545310000000001
1.878787879,1.247474747,12.90774355,7.55766
1.878787879,1.26010101,12.98226863,7.56933
1.878787879,1.272727273,13.05679371,7.5805
1.878787879,1.285353535,13.13131879,7.5913900000000005
1.878787879,1.297979798,13.20584387,7.60217
1.878787879,1.310606061,13.28036894,7.61306
1.878787879,1.323232323,13.35489402,7.62425
1.878787879,1.335858586,13.4294191,7.635940000000001
1.878787879,1.348484848,13.50394418,7.64831
1.878787879,1.361111111,13.57846926,7.66158
1.878787879,1.373737374,13.65299434,7.67593
1.878787879,1.386363636,13.72751941,7.6915700000000005
1.878787879,1.398989899,13.80204449,7.70869
1.878787879,1.411616162,13.87656957,7.72749
1.878787879,1.424242424,13.95109465,7.74816
1.878787879,1.436868687,14.02561973,7.770910000000001
1.878787879,1.449494949,14.10014481,7.79593
1.878787879,1.462121212,14.17466988,7.82341
1.878787879,1.474747475,14.24919496,7.85356
1.878787879,1.487373737,14.32372004,7.88657
1.878787879,1.5,14.39824512,7.92263
1.893939394,0.957070707,11.32901391,6.67459
1.893939394,0.96969697,11.40414,6.75433
1.893939394,0.982323232,11.47926609,6.828930000000001
1.893939394,0.994949495,11.55439217,6.898610000000001
1.893939394,1.007575758,11.62951826,6.963550000000001
1.893939394,1.02020202,11.70464435,7.02395
1.893939394,1.032828283,11.77977043,7.08002
1.893939394,1.045454545,11.85489652,7.13194
1.893939394,1.058080808,11.93002261,7.17992
1.893939394,1.070707071,12.00514869,7.22416
1.893939394,1.083333333,12.08027478,7.26485
1.893939394,1.095959596,12.15540087,7.30219
1.893939394,1.108585859,12.23052696,7.33638
1.893939394,1.121212121,12.30565304,7.3676200000000005
1.893939394,1.133838384,12.38077913,7.396100000000001
1.893939394,1.146464646,12.45590522,7.42203
1.893939394,1.159090909,12.5310313,7.445600000000001
1.893939394,1.171717172,12.60615739,7.46701
1.893939394,1.184343434,12.68128348,7.4864500000000005
1.893939394,1.196969697,12.75640956,7.50413
1.893939394,1.20959596,12.83153565,7.52024
1.893939394,1.222222222,12.90666174,7.53498
1.893939394,1.234848485,12.98178782,7.54856
1.893939394,1.247474747,13.05691391,7.56116
1.893939394,1.26010101,13.13204,7.57298
1.893939394,1.272727273,13.20716609,7.58423
1.893939394,1.285353535,13.28229217,7.5951
1.893939394,1.297979798,13.35741826,7.60579
1.893939394,1.310606061,13.43254435,7.616490000000001
1.893939394,1.323232323,13.50767043,7.62741
1.893939394,1.335858586,13.58279652,7.63875
1.893939394,1.348484848,13.65792261,7.65069
1.893939394,1.361111111,13.73304869,7.6634400000000005
1.893939394,1.373737374,13.80817478,7.6772
1.893939394,1.386363636,13.88330087,7.69217
1.893939394,1.398989899,13.95842696,7.70854
1.893939394,1.411616162,14.03355304,7.72651
1.893939394,1.424242424,14.10867913,7.7462800000000005
1.893939394,1.436868687,14.18380522,7.76804
1.893939394,1.449494949,14.2589313,7.792
1.893939394,1.462121212,14.33405739,7.81836
1.893939394,1.474747475,14.40918348,7.847300000000001
1.893939394,1.487373737,14.48430956,7.87904
1.893939394,1.5,14.55943565,7.91376
1.909090909,0.957070707,11.46508228,6.65075
1.909090909,0.96969697,11.54080938,6.732880000000001
1.909090909,0.982323232,11.61653647,6.80977
1.909090909,0.994949495,11.69226357,6.88162
1.909090909,1.007575758,11.76799066,6.94862
1.909090909,1.02020202,11.84371776,7.0109900000000005
1.909090909,1.032828283,11.91944485,7.0689
1.909090909,1.045454545,11.99517195,7.12258
1.909090909,1.058080808,12.07089905,7.1722
1.909090909,1.070707071,12.14662614,7.21798
1.909090909,1.083333333,12.22235324,7.2601
1.909090909,1.095959596,12.29808033,7.29878
1.909090909,1.108585859,12.37380743,7.334210000000001
1.909090909,1.121212121,12.44953452,7.36658
1.909090909,1.133838384,12.52526162,7.39609
1.909090909,1.146464646,12.60098872,7.422960000000001
1.909090909,1.159090909,12.67671581,7.447360000000001
1.909090909,1.171717172,12.75244291,7.4695100000000005
1.909090909,1.184343434,12.82817,7.4896
1.909090909,1.196969697,12.9038971,7.50783
1.909090909,1.20959596,12.97962419,7.5244
1.909090909,1.222222222,13.05535129,7.53951
1.909090909,1.234848485,13.13107838,7.55335
1.909090909,1.247474747,13.20680548,7.56613
1.909090909,1.26010101,13.28253258,7.5780400000000006
1.909090909,1.272727273,13.35825967,7.58929
1.909090909,1.285353535,13.43398677,7.6000700000000005
1.909090909,1.297979798,13.50971386,7.610580000000001
1.909090909,1.310606061,13.58544096,7.621020000000001
1.909090909,1.323232323,13.66116805,7.6315800000000005
1.909090909,1.335858586,13.73689515,7.64248
1.909090909,1.348484848,13.81262225,7.6539
1.909090909,1.361111111,13.88834934,7.666040000000001
1.909090909,1.373737374,13.96407644,7.6791100000000005
1.909090909,1.386363636,14.03980353,7.69331
1.909090909,1.398989899,14.11553063,7.70882
1.909090909,1.411616162,14.19125772,7.72585
1.909090909,1.424242424,14.26698482,7.744610000000001
1.909090909,1.436868687,14.34271192,7.765280000000001
1.909090909,1.449494949,14.41843901,7.78807
1.909090909,1.462121212,14.49416611,7.81317
1.909090909,1.474747475,14.5698932,7.84079
1.909090909,1.487373737,14.6456203,7.87112
1.909090909,1.5,14.72134739,7.90437
1.924242424,0.96969697,11.67819996,6.71379
1.924242424,0.982323232,11.75452807,6.79296
1.924242424,0.994949495,11.83085617,6.866960000000001
1.924242424,1.007575758,11.90718428,6.93602
1.924242424,1.02020202,11.98351238,7.00032
1.924242424,1.032828283,12.05984049,7.0600700000000005
1.924242424,1.045454545,12.13616859,7.115460000000001
1.924242424,1.058080808,12.21249669,7.1667000000000005
1.924242424,1.070707071,12.2888248,7.21399
1.924242424,1.083333333,12.3651529,7.25752
1.924242424,1.095959596,12.44148101,7.29749
1.924242424,1.108585859,12.51780911,7.33411
1.924242424,1.121212121,12.59413722,7.367570000000001
1.924242424,1.133838384,12.67046532,7.39808
1.924242424,1.146464646,12.74679342,7.42583
1.924242424,1.159090909,12.82312153,7.451020000000001
1.924242424,1.171717172,12.89944963,7.47386
1.924242424,1.184343434,12.97577774,7.49453
1.924242424,1.196969697,13.05210584,7.51325
1.924242424,1.20959596,13.12843395,7.53022
1.924242424,1.222222222,13.20476205,7.54562
1.924242424,1.234848485,13.28109016,7.55966
1.924242424,1.247474747,13.35741826,7.572550000000001
1.924242424,1.26010101,13.43374636,7.5844700000000005
1.924242424,1.272727273,13.51007447,7.59564
1.924242424,1.285353535,13.58640257,7.606240000000001
1.924242424,1.297979798,13.66273068,7.616490000000001
1.924242424,1.310606061,13.73905878,7.62657
1.924242424,1.323232323,13.81538689,7.636690000000001
1.924242424,1.335858586,13.89171499,7.64705
1.924242424,1.348484848,13.96804309,7.65785
1.924242424,1.361111111,14.0443712,7.66929
1.924242424,1.373737374,14.1206993,7.68156
1.924242424,1.386363636,14.19702741,7.69487
1.924242424,1.398989899,14.27335551,7.70941
1.924242424,1.411616162,14.34968362,7.7254000000000005
1.924242424,1.424242424,14.42601172,7.7430200000000005
1.924242424,1.436868687,14.50233982,7.76247
1.924242424,1.449494949,14.57866793,7.78396
1.924242424,1.462121212,14.65499603,7.80769
1.924242424,1.474747475,14.73132414,7.83385
1.924242424,1.487373737,14.80765224,7.86264
1.924242424,1.5,14.88398035,7.894270000000001
1.939393939,0.96969697,11.81631176,6.697150000000001
1.939393939,0.982323232,11.89324088,6.77857
1.939393939,0.994949495,11.97016999,6.85472
1.939393939,1.007575758,12.0470991,6.925800000000001
1.939393939,1.02020202,12.12402821,6.99202
1.939393939,1.032828283,12.20095733,7.053570000000001
1.939393939,1.045454545,12.27788644,7.110650000000001
1.939393939,1.058080808,12.35481555,7.16347
1.939393939,1.070707071,12.43174467,7.21223
1.939393939,1.083333333,12.50867378,7.2571200000000005
1.939393939,1.095959596,12.58560289,7.29835
1.939393939,1.108585859,12.66253201,7.33612
1.939393939,1.121212121,12.73946112,7.37063
1.939393939,1.133838384,12.81639023,7.40207
1.939393939,1.146464646,12.89331934,7.43065
1.939393939,1.159090909,12.97024846,7.456580000000001
1.939393939,1.171717172,13.04717757,7.48004
1.939393939,1.184343434,13.12410668,7.50124
1.939393939,1.196969697,13.2010358,7.52038
1.939393939,1.20959596,13.27796491,7.53766
1.939393939,1.222222222,13.35489402,7.5532900000000005
1.939393939,1.234848485,13.43182314,7.5674600000000005
1.939393939,1.247474747,13.50875225,7.58037
1.939393939,1.26010101,13.58568136,7.59222
1.939393939,1.272727273,13.66261048,7.60322
1.939393939,1.285353535,13.73953959,7.6135600000000005
1.939393939,1.297979798,13.8164687,7.62344
1.939393939,1.310606061,13.89339781,7.63307
1.939393939,1.323232323,13.97032693,7.642650000000001
1.939393939,1.335858586,14.04725604,7.65237
1.939393939,1.348484848,14.12418515,7.66244
1.939393939,1.361111111,14.20111427,7.67305
1.939393939,1.373737374,14.27804338,7.68442
1.939393939,1.386363636,14.35497249,7.6967300000000005
1.939393939,1.398989899,14.43190161,7.71018
1.939393939,1.411616162,14.50883072,7.72499
1.939393939,1.424242424,14.58575983,7.741350000000001
1.939393939,1.436868687,14.66268894,7.75945
1.939393939,1.449494949,14.73961806,7.77951
1.939393939,1.462121212,14.81654717,7.80172
1.939393939,1.474747475,14.89347628,7.826280000000001
1.939393939,1.487373737,14.9704054,7.85339
1.939393939,1.5,15.04733451,7.88325
1.954545455,0.982323232,12.03267489,6.7666900000000005
1.954545455,0.994949495,12.11020501,6.84496
1.954545455,1.007575758,12.18773514,6.91804
1.954545455,1.02020202,12.26526526,6.98614
1.954545455,1.032828283,12.34279538,7.04946
1.954545455,1.045454545,12.4203255,7.1082
1.954545455,1.058080808,12.49785562,7.1625700000000005
1.954545455,1.070707071,12.57538574,7.212750000000001
1.954545455,1.083333333,12.65291587,7.258970000000001
1.954545455,1.095959596,12.73044599,7.3014
1.954545455,1.108585859,12.80797611,7.34027
1.954545455,1.121212121,12.88550623,7.3757600000000005
1.954545455,1.133838384,12.96303635,7.40808
1.954545455,1.146464646,13.04056648,7.4374400000000005
1.954545455,1.159090909,13.1180966,7.4640200000000005
1.954545455,1.171717172,13.19562672,7.48804
1.954545455,1.184343434,13.27315684,7.5097000000000005
1.954545455,1.196969697,13.35068696,7.52919
1.954545455,1.20959596,13.42821708,7.54671
1.954545455,1.222222222,13.50574721,7.56248
1.954545455,1.234848485,13.58327733,7.57669
1.954545455,1.247474747,13.66080745,7.58954
1.954545455,1.26010101,13.73833757,7.60123
1.954545455,1.272727273,13.81586769,7.61196
1.954545455,1.285353535,13.89339781,7.62194
1.954545455,1.297979798,13.97092794,7.63136
1.954545455,1.310606061,14.04845806,7.64043
1.954545455,1.323232323,14.12598818,7.649360000000001
1.954545455,1.335858586,14.2035183,7.65833
1.954545455,1.348484848,14.28104842,7.66755
1.954545455,1.361111111,14.35857854,7.677230000000001
1.954545455,1.373737374,14.43610867,7.68756
1.954545455,1.386363636,14.51363879,7.69874
1.954545455,1.398989899,14.59116891,7.71098
1.954545455,1.411616162,14.66869903,7.72448
1.954545455,1.424242424,14.74622915,7.73944
1.954545455,1.436868687,14.82375927,7.756060000000001
1.954545455,1.449494949,14.9012894,7.77454
1.954545455,1.462121212,14.97881952,7.7950800000000005
1.954545455,1.474747475,15.05634964,7.817880000000001
1.954545455,1.487373737,15.13387976,7.84316
1.954545455,1.5,15.21140988,7.871090000000001
1.96969697,0.994949495,12.25096125,6.83775
1.96969697,1.007575758,12.32909238,6.9128
1.96969697,1.02020202,12.40722351,6.98275
1.96969697,1.032828283,12.48535464,7.0478000000000005
1.96969697,1.045454545,12.56348577,7.10816
1.96969697,1.058080808,12.6416169,7.16402
1.96969697,1.070707071,12.71974803,7.215590000000001
1.96969697,1.083333333,12.79787916,7.26307
1.96969697,1.095959596,12.87601029,7.30666
1.96969697,1.108585859,12.95414142,7.34656
1.96969697,1.121212121,13.03227256,7.38298
1.96969697,1.133838384,13.11040369,7.41612
1.96969697,1.146464646,13.18853482,7.44617
1.96969697,1.159090909,13.26666595,7.47335
1.96969697,1.171717172,13.34479708,7.497850000000001
1.96969697,1.184343434,13.42292821,7.519880000000001
1.96969697,1.196969697,13.50105934,7.53964
1.96969697,1.20959596,13.57919047,7.55733
1.96969697,1.222222222,13.6573216,7.57315
1.96969697,1.234848485,13.73545273,7.5873
1.96969697,1.247474747,13.81358386,7.59999
1.96969697,1.26010101,13.89171499,7.61142
1.96969697,1.272727273,13.96984612,7.62179
1.96969697,1.285353535,14.04797725,7.6313
1.96969697,1.297979798,14.12610838,7.64015
1.96969697,1.310606061,14.20423951,7.64856
1.96969697,1.323232323,14.28237064,7.65671
1.96969697,1.335858586,14.36050177,7.66481
1.96969697,1.348484848,14.4386329,7.67306
1.96969697,1.361111111,14.51676403,7.68167
1.96969697,1.373737374,14.59489516,7.69083
1.96969697,1.386363636,14.67302629,7.70076
1.96969697,1.398989899,14.75115742,7.71164
1.96969697,1.411616162,14.82928855,7.72369
1.96969697,1.424242424,14.90741969,7.7371
1.96969697,1.436868687,14.98555082,7.75208
1.96969697,1.449494949,15.06368195,7.76883
1.96969697,1.462121212,15.14181308,7.78755
1.96969697,1.474747475,15.21994421,7.808450000000001
1.96969697,1.487373737,15.29807534,7.83171
1.96969697,1.5,15.37620647,7.85756
1.984848485,0.994949495,12.3924387,6.83315
1.984848485,1.007575758,12.47117084,6.9101300000000005
1.984848485,1.02020202,12.54990298,6.98189
1.984848485,1.032828283,12.62863512,7.04863
1.984848485,1.045454545,12.70736725,7.11055
1.984848485,1.058080808,12.78609939,7.16786
1.984848485,1.070707071,12.86483153,7.22076
1.984848485,1.083333333,12.94356367,7.26944
1.984848485,1.095959596,13.02229581,7.31412
1.984848485,1.108585859,13.10102795,7.355
1.984848485,1.121212121,13.17976009,7.39228
1.984848485,1.133838384,13.25849223,7.42616
1.984848485,1.146464646,13.33722437,7.45685
1.984848485,1.159090909,13.41595651,7.48454
1.984848485,1.171717172,13.49468865,7.50945
1.984848485,1.184343434,13.57342078,7.53176
1.984848485,1.196969697,13.65215292,7.5517
1.984848485,1.20959596,13.73088506,7.56945
1.984848485,1.222222222,13.8096172,7.58523
1.984848485,1.234848485,13.88834934,7.59923
1.984848485,1.247474747,13.96708148,7.6116600000000005
1.984848485,1.26010101,14.04581362,7.62272
1.984848485,1.272727273,14.12454576,7.632610000000001
1.984848485,1.285353535,14.2032779,7.64154
1.984848485,1.297979798,14.28201004,7.649710000000001
1.984848485,1.310606061,14.36074218,7.65732
1.984848485,1.323232323,14.43947432,7.66457
1.984848485,1.335858586,14.51820645,7.67168
1.984848485,1.348484848,14.59693859,7.6788300000000005
1.984848485,1.361111111,14.67567073,7.68623
1.984848485,1.373737374,14.75440287,7.69409
1.984848485,1.386363636,14.83313501,7.70261
1.984848485,1.398989899,14.91186715,7.712000000000001
1.984848485,1.411616162,14.99059929,7.722440000000001
1.984848485,1.424242424,15.06933143,7.7341500000000005
1.984848485,1.436868687,15.14806357,7.74734
1.984848485,1.449494949,15.22679571,7.76219
1.984848485,1.462121212,15.30552785,7.77892
1.984848485,1.474747475,15.38425998,7.7977300000000005
1.984848485,1.487373737,15.46299212,7.8188200000000005
1.984848485,1.5,15.54172426,7.84239
2.0,1.007575758,12.6139705,6.91008
2.0,1.02020202,12.69330365,6.9836100000000005
2.0,1.032828283,12.7726368,7.05198
2.0,1.045454545,12.85196995,7.11542
2.0,1.058080808,12.93130309,7.174110000000001
2.0,1.070707071,13.01063624,7.22828
2.0,1.083333333,13.08996939,7.27811
2.0,1.095959596,13.16930254,7.32382
2.0,1.108585859,13.24863569,7.365600000000001
2.0,1.121212121,13.32796883,7.40366
2.0,1.133838384,13.40730198,7.438210000000001
2.0,1.146464646,13.48663513,7.4694400000000005
2.0,1.159090909,13.56596828,7.49756
2.0,1.171717172,13.64530142,7.52278
2.0,1.184343434,13.72463457,7.5453
2.0,1.196969697,13.80396772,7.56531
2.0,1.20959596,13.88330087,7.58303
2.0,1.222222222,13.96263402,7.598660000000001
2.0,1.234848485,14.04196716,7.612410000000001
2.0,1.247474747,14.12130031,7.62446
2.0,1.26010101,14.20063346,7.63504
2.0,1.272727273,14.27996661,7.644340000000001
2.0,1.285353535,14.35929976,7.65256
2.0,1.297979798,14.4386329,7.6599200000000005
2.0,1.310606061,14.51796605,7.66661
2.0,1.323232323,14.5972992,7.67283
2.0,1.335858586,14.67663235,7.6788
2.0,1.348484848,14.75596549,7.6847
2.0,1.361111111,14.83529864,7.69076
2.0,1.373737374,14.91463179,7.69717
2.0,1.386363636,14.99396494,7.70413
2.0,1.398989899,15.07329809,7.71185
2.0,1.411616162,15.15263123,7.72053
2.0,1.424242424,15.23196438,7.73038
2.0,1.436868687,15.31129753,7.74159
2.0,1.449494949,15.39063068,7.75438
2.0,1.462121212,15.46996382,7.768940000000001
2.0,1.474747475,15.54929697,7.78549
2.0,1.487373737,15.62863012,7.80421
2.0,1.5,15.70796327,7.8253200000000005
