geo,time,Life expectancy,country,continent
afg,1800,28.21,Afghanistan,Asia
afg,1801,28.2,Afghanistan,Asia
afg,1802,28.19,Afghanistan,Asia
afg,1803,28.18,Afghanistan,Asia
afg,1804,28.17,Afghanistan,Asia
afg,1805,28.16,Afghanistan,Asia
afg,1806,28.15,Afghanistan,Asia
afg,1807,28.14,Afghanistan,Asia
afg,1808,28.13,Afghanistan,Asia
afg,1809,28.12,Afghanistan,Asia
afg,1810,28.11,Afghanistan,Asia
afg,1811,28.1,Afghanistan,Asia
afg,1812,28.09,Afghanistan,Asia
afg,1813,28.08,Afghanistan,Asia
afg,1814,28.07,Afghanistan,Asia
afg,1815,28.06,Afghanistan,Asia
afg,1816,28.05,Afghanistan,Asia
afg,1817,28.04,Afghanistan,Asia
afg,1818,28.03,Afghanistan,Asia
afg,1819,28.02,Afghanistan,Asia
afg,1820,28.01,Afghanistan,Asia
afg,1821,28,Afghanistan,Asia
afg,1822,27.99,Afghanistan,Asia
afg,1823,27.98,Afghanistan,Asia
afg,1824,27.97,Afghanistan,Asia
afg,1825,27.95,Afghanistan,Asia
afg,1826,27.94,Afghanistan,Asia
afg,1827,27.93,Afghanistan,Asia
afg,1828,27.92,Afghanistan,Asia
afg,1829,27.91,Afghanistan,Asia
afg,1830,27.9,Afghanistan,Asia
afg,1831,27.89,Afghanistan,Asia
afg,1832,27.88,Afghanistan,Asia
afg,1833,27.87,Afghanistan,Asia
afg,1834,27.86,Afghanistan,Asia
afg,1835,27.85,Afghanistan,Asia
afg,1836,27.84,Afghanistan,Asia
afg,1837,27.83,Afghanistan,Asia
afg,1838,27.82,Afghanistan,Asia
afg,1839,27.81,Afghanistan,Asia
afg,1840,27.8,Afghanistan,Asia
afg,1841,27.79,Afghanistan,Asia
afg,1842,27.78,Afghanistan,Asia
afg,1843,27.77,Afghanistan,Asia
afg,1844,27.76,Afghanistan,Asia
afg,1845,27.75,Afghanistan,Asia
afg,1846,27.74,Afghanistan,Asia
afg,1847,27.73,Afghanistan,Asia
afg,1848,27.72,Afghanistan,Asia
afg,1849,27.71,Afghanistan,Asia
afg,1850,27.7,Afghanistan,Asia
afg,1851,27.69,Afghanistan,Asia
afg,1852,27.68,Afghanistan,Asia
afg,1853,27.67,Afghanistan,Asia
afg,1854,27.66,Afghanistan,Asia
afg,1855,27.65,Afghanistan,Asia
afg,1856,27.64,Afghanistan,Asia
afg,1857,27.63,Afghanistan,Asia
afg,1858,27.62,Afghanistan,Asia
afg,1859,27.61,Afghanistan,Asia
afg,1860,27.6,Afghanistan,Asia
afg,1861,27.59,Afghanistan,Asia
afg,1862,27.58,Afghanistan,Asia
afg,1863,27.57,Afghanistan,Asia
afg,1864,27.56,Afghanistan,Asia
afg,1865,27.54,Afghanistan,Asia
afg,1866,27.53,Afghanistan,Asia
afg,1867,27.52,Afghanistan,Asia
afg,1868,27.51,Afghanistan,Asia
afg,1869,27.5,Afghanistan,Asia
afg,1870,27.49,Afghanistan,Asia
afg,1871,27.69,Afghanistan,Asia
afg,1872,27.89,Afghanistan,Asia
afg,1873,28.08,Afghanistan,Asia
afg,1874,28.28,Afghanistan,Asia
afg,1875,28.47,Afghanistan,Asia
afg,1876,28.67,Afghanistan,Asia
afg,1877,28.87,Afghanistan,Asia
afg,1878,29.06,Afghanistan,Asia
afg,1879,29.26,Afghanistan,Asia
afg,1880,29.45,Afghanistan,Asia
afg,1881,29.65,Afghanistan,Asia
afg,1882,29.84,Afghanistan,Asia
afg,1883,30.03,Afghanistan,Asia
afg,1884,30.23,Afghanistan,Asia
afg,1885,30.42,Afghanistan,Asia
afg,1886,30.62,Afghanistan,Asia
afg,1887,30.81,Afghanistan,Asia
afg,1888,31.01,Afghanistan,Asia
afg,1889,31.2,Afghanistan,Asia
afg,1890,31.39,Afghanistan,Asia
afg,1891,31.59,Afghanistan,Asia
afg,1892,31.78,Afghanistan,Asia
afg,1893,31.97,Afghanistan,Asia
afg,1894,32.16,Afghanistan,Asia
afg,1895,32.36,Afghanistan,Asia
afg,1896,32.55,Afghanistan,Asia
afg,1897,32.74,Afghanistan,Asia
afg,1898,32.93,Afghanistan,Asia
afg,1899,33.13,Afghanistan,Asia
afg,1900,33.32,Afghanistan,Asia
afg,1901,33.51,Afghanistan,Asia
afg,1902,33.7,Afghanistan,Asia
afg,1903,33.89,Afghanistan,Asia
afg,1904,34.08,Afghanistan,Asia
afg,1905,34.28,Afghanistan,Asia
afg,1906,34.47,Afghanistan,Asia
afg,1907,34.66,Afghanistan,Asia
afg,1908,34.85,Afghanistan,Asia
afg,1909,35.04,Afghanistan,Asia
afg,1910,35.23,Afghanistan,Asia
afg,1911,35.42,Afghanistan,Asia
afg,1912,35.61,Afghanistan,Asia
afg,1913,35.8,Afghanistan,Asia
afg,1914,35.99,Afghanistan,Asia
afg,1915,36.18,Afghanistan,Asia
afg,1916,36.37,Afghanistan,Asia
afg,1917,36.56,Afghanistan,Asia
afg,1918,9.59,Afghanistan,Asia
afg,1919,36.94,Afghanistan,Asia
afg,1920,37.12,Afghanistan,Asia
afg,1921,37.31,Afghanistan,Asia
afg,1922,37.5,Afghanistan,Asia
afg,1923,37.69,Afghanistan,Asia
afg,1924,37.88,Afghanistan,Asia
afg,1925,38.07,Afghanistan,Asia
afg,1926,38.25,Afghanistan,Asia
afg,1927,38.44,Afghanistan,Asia
afg,1928,38.63,Afghanistan,Asia
afg,1929,38.82,Afghanistan,Asia
afg,1930,39,Afghanistan,Asia
afg,1931,39.19,Afghanistan,Asia
afg,1932,39.38,Afghanistan,Asia
afg,1933,39.57,Afghanistan,Asia
afg,1934,39.75,Afghanistan,Asia
afg,1935,39.94,Afghanistan,Asia
afg,1936,40.12,Afghanistan,Asia
afg,1937,40.31,Afghanistan,Asia
afg,1938,40.5,Afghanistan,Asia
afg,1939,40.68,Afghanistan,Asia
afg,1940,40.87,Afghanistan,Asia
afg,1941,41.05,Afghanistan,Asia
afg,1942,41.24,Afghanistan,Asia
afg,1943,41.43,Afghanistan,Asia
afg,1944,41.61,Afghanistan,Asia
afg,1945,41.8,Afghanistan,Asia
afg,1946,41.98,Afghanistan,Asia
afg,1947,42.16,Afghanistan,Asia
afg,1948,42.35,Afghanistan,Asia
afg,1949,42.53,Afghanistan,Asia
afg,1950,42.72,Afghanistan,Asia
afg,1951,42.92,Afghanistan,Asia
afg,1952,43.14,Afghanistan,Asia
afg,1953,43.45,Afghanistan,Asia
afg,1954,43.34,Afghanistan,Asia
afg,1955,43.88,Afghanistan,Asia
afg,1956,44.07,Afghanistan,Asia
afg,1957,44.29,Afghanistan,Asia
afg,1958,44.5,Afghanistan,Asia
afg,1959,44.73,Afghanistan,Asia
afg,1960,45.03,Afghanistan,Asia
afg,1961,45.28,Afghanistan,Asia
afg,1962,45.51,Afghanistan,Asia
afg,1963,45.69,Afghanistan,Asia
afg,1964,45.91,Afghanistan,Asia
afg,1965,46.13,Afghanistan,Asia
afg,1966,46.3,Afghanistan,Asia
afg,1967,46.48,Afghanistan,Asia
afg,1968,46.68,Afghanistan,Asia
afg,1969,46.87,Afghanistan,Asia
afg,1970,47.08,Afghanistan,Asia
afg,1971,47.26,Afghanistan,Asia
afg,1972,47.27,Afghanistan,Asia
afg,1973,47.33,Afghanistan,Asia
afg,1974,47.41,Afghanistan,Asia
afg,1975,47.55,Afghanistan,Asia
afg,1976,47.72,Afghanistan,Asia
afg,1977,47.87,Afghanistan,Asia
afg,1978,46.42,Afghanistan,Asia
afg,1979,44.68,Afghanistan,Asia
afg,1980,43.68,Afghanistan,Asia
afg,1981,44.34,Afghanistan,Asia
afg,1982,44.06,Afghanistan,Asia
afg,1983,42.27,Afghanistan,Asia
afg,1984,39.9,Afghanistan,Asia
afg,1985,42.03,Afghanistan,Asia
afg,1986,43.27,Afghanistan,Asia
afg,1987,45.88,Afghanistan,Asia
afg,1988,48.51,Afghanistan,Asia
afg,1989,52.73,Afghanistan,Asia
afg,1990,53.83,Afghanistan,Asia
afg,1991,53.76,Afghanistan,Asia
afg,1992,54.24,Afghanistan,Asia
afg,1993,54.4,Afghanistan,Asia
afg,1994,53.89,Afghanistan,Asia
afg,1995,54.33,Afghanistan,Asia
afg,1996,54.69,Afghanistan,Asia
afg,1997,54.46,Afghanistan,Asia
afg,1998,53.34,Afghanistan,Asia
afg,1999,54.73,Afghanistan,Asia
afg,2000,54.73,Afghanistan,Asia
afg,2001,54.83,Afghanistan,Asia
afg,2002,55.54,Afghanistan,Asia
afg,2003,56.5,Afghanistan,Asia
afg,2004,57.14,Afghanistan,Asia
afg,2005,57.63,Afghanistan,Asia
afg,2006,58,Afghanistan,Asia
afg,2007,58.5,Afghanistan,Asia
afg,2008,59.18,Afghanistan,Asia
afg,2009,59.9,Afghanistan,Asia
afg,2010,60.46,Afghanistan,Asia
afg,2011,61.02,Afghanistan,Asia
afg,2012,61.43,Afghanistan,Asia
afg,2013,61.93,Afghanistan,Asia
afg,2014,61.93,Afghanistan,Asia
afg,2015,61.91,Afghanistan,Asia
afg,2016,62.03,Afghanistan,Asia
afg,2017,62.9,Afghanistan,Asia
afg,2018,62.73,Afghanistan,Asia
afg,2019,63.33,Afghanistan,Asia
afg,2020,63.39,Afghanistan,Asia
afg,2021,63.98,Afghanistan,Asia
afg,2022,64.3,Afghanistan,Asia
afg,2023,64.6,Afghanistan,Asia
afg,2024,64.89,Afghanistan,Asia
afg,2025,65.17,Afghanistan,Asia
afg,2026,65.44,Afghanistan,Asia
afg,2027,65.7,Afghanistan,Asia
afg,2028,65.95,Afghanistan,Asia
afg,2029,66.18,Afghanistan,Asia
afg,2030,66.42,Afghanistan,Asia
afg,2031,66.64,Afghanistan,Asia
afg,2032,66.86,Afghanistan,Asia
afg,2033,67.07,Afghanistan,Asia
afg,2034,67.28,Afghanistan,Asia
afg,2035,67.48,Afghanistan,Asia
afg,2036,67.68,Afghanistan,Asia
afg,2037,67.87,Afghanistan,Asia
afg,2038,68.05,Afghanistan,Asia
afg,2039,68.23,Afghanistan,Asia
afg,2040,68.41,Afghanistan,Asia
afg,2041,68.59,Afghanistan,Asia
afg,2042,68.75,Afghanistan,Asia
afg,2043,68.92,Afghanistan,Asia
afg,2044,69.08,Afghanistan,Asia
afg,2045,69.24,Afghanistan,Asia
afg,2046,69.39,Afghanistan,Asia
afg,2047,69.55,Afghanistan,Asia
afg,2048,69.7,Afghanistan,Asia
afg,2049,69.85,Afghanistan,Asia
afg,2050,70,Afghanistan,Asia
afg,2051,70.15,Afghanistan,Asia
afg,2052,70.29,Afghanistan,Asia
afg,2053,70.44,Afghanistan,Asia
afg,2054,70.58,Afghanistan,Asia
afg,2055,70.72,Afghanistan,Asia
afg,2056,70.86,Afghanistan,Asia
afg,2057,71,Afghanistan,Asia
afg,2058,71.13,Afghanistan,Asia
afg,2059,71.27,Afghanistan,Asia
afg,2060,71.4,Afghanistan,Asia
afg,2061,71.54,Afghanistan,Asia
afg,2062,71.68,Afghanistan,Asia
afg,2063,71.81,Afghanistan,Asia
afg,2064,71.95,Afghanistan,Asia
afg,2065,72.08,Afghanistan,Asia
afg,2066,72.22,Afghanistan,Asia
afg,2067,72.35,Afghanistan,Asia
afg,2068,72.48,Afghanistan,Asia
afg,2069,72.61,Afghanistan,Asia
afg,2070,72.74,Afghanistan,Asia
afg,2071,72.88,Afghanistan,Asia
afg,2072,73.01,Afghanistan,Asia
afg,2073,73.14,Afghanistan,Asia
afg,2074,73.28,Afghanistan,Asia
afg,2075,73.41,Afghanistan,Asia
afg,2076,73.55,Afghanistan,Asia
afg,2077,73.68,Afghanistan,Asia
afg,2078,73.82,Afghanistan,Asia
afg,2079,73.95,Afghanistan,Asia
afg,2080,74.08,Afghanistan,Asia
afg,2081,74.22,Afghanistan,Asia
afg,2082,74.35,Afghanistan,Asia
afg,2083,74.49,Afghanistan,Asia
afg,2084,74.62,Afghanistan,Asia
afg,2085,74.75,Afghanistan,Asia
afg,2086,74.89,Afghanistan,Asia
afg,2087,75.02,Afghanistan,Asia
afg,2088,75.16,Afghanistan,Asia
afg,2089,75.29,Afghanistan,Asia
afg,2090,75.42,Afghanistan,Asia
afg,2091,75.55,Afghanistan,Asia
afg,2092,75.69,Afghanistan,Asia
afg,2093,75.82,Afghanistan,Asia
afg,2094,75.95,Afghanistan,Asia
afg,2095,76.09,Afghanistan,Asia
afg,2096,76.22,Afghanistan,Asia
afg,2097,76.36,Afghanistan,Asia
afg,2098,76.5,Afghanistan,Asia
afg,2099,76.64,Afghanistan,Asia
afg,2100,76.77,Afghanistan,Asia
alb,1800,35.4,Albania,Europe
alb,1801,35.4,Albania,Europe
alb,1802,35.4,Albania,Europe
alb,1803,35.4,Albania,Europe
alb,1804,35.4,Albania,Europe
alb,1805,35.4,Albania,Europe
alb,1806,35.4,Albania,Europe
alb,1807,35.4,Albania,Europe
alb,1808,35.4,Albania,Europe
alb,1809,35.4,Albania,Europe
alb,1810,35.4,Albania,Europe
alb,1811,35.4,Albania,Europe
alb,1812,35.4,Albania,Europe
alb,1813,35.4,Albania,Europe
alb,1814,35.4,Albania,Europe
alb,1815,35.4,Albania,Europe
alb,1816,35.4,Albania,Europe
alb,1817,35.4,Albania,Europe
alb,1818,35.4,Albania,Europe
alb,1819,35.4,Albania,Europe
alb,1820,35.4,Albania,Europe
alb,1821,35.4,Albania,Europe
alb,1822,35.4,Albania,Europe
alb,1823,35.4,Albania,Europe
alb,1824,35.4,Albania,Europe
alb,1825,35.4,Albania,Europe
alb,1826,35.4,Albania,Europe
alb,1827,35.4,Albania,Europe
alb,1828,35.4,Albania,Europe
alb,1829,35.4,Albania,Europe
alb,1830,35.4,Albania,Europe
alb,1831,35.4,Albania,Europe
alb,1832,35.4,Albania,Europe
alb,1833,35.4,Albania,Europe
alb,1834,35.4,Albania,Europe
alb,1835,35.4,Albania,Europe
alb,1836,35.4,Albania,Europe
alb,1837,35.4,Albania,Europe
alb,1838,35.4,Albania,Europe
alb,1839,35.4,Albania,Europe
alb,1840,35.4,Albania,Europe
alb,1841,35.4,Albania,Europe
alb,1842,35.4,Albania,Europe
alb,1843,35.4,Albania,Europe
alb,1844,35.4,Albania,Europe
alb,1845,35.4,Albania,Europe
alb,1846,35.4,Albania,Europe
alb,1847,35.4,Albania,Europe
alb,1848,35.4,Albania,Europe
alb,1849,35.4,Albania,Europe
alb,1850,35.4,Albania,Europe
alb,1851,35.4,Albania,Europe
alb,1852,35.4,Albania,Europe
alb,1853,35.4,Albania,Europe
alb,1854,35.4,Albania,Europe
alb,1855,35.4,Albania,Europe
alb,1856,35.4,Albania,Europe
alb,1857,35.4,Albania,Europe
alb,1858,35.4,Albania,Europe
alb,1859,35.4,Albania,Europe
alb,1860,35.4,Albania,Europe
alb,1861,35.4,Albania,Europe
alb,1862,35.4,Albania,Europe
alb,1863,35.4,Albania,Europe
alb,1864,35.4,Albania,Europe
alb,1865,35.4,Albania,Europe
alb,1866,35.4,Albania,Europe
alb,1867,35.4,Albania,Europe
alb,1868,35.4,Albania,Europe
alb,1869,35.4,Albania,Europe
alb,1870,35.4,Albania,Europe
alb,1871,35.38,Albania,Europe
alb,1872,35.37,Albania,Europe
alb,1873,35.35,Albania,Europe
alb,1874,35.34,Albania,Europe
alb,1875,35.32,Albania,Europe
alb,1876,35.3,Albania,Europe
alb,1877,35.29,Albania,Europe
alb,1878,35.27,Albania,Europe
alb,1879,35.25,Albania,Europe
alb,1880,35.24,Albania,Europe
alb,1881,35.22,Albania,Europe
alb,1882,35.21,Albania,Europe
alb,1883,35.19,Albania,Europe
alb,1884,35.17,Albania,Europe
alb,1885,35.16,Albania,Europe
alb,1886,35.14,Albania,Europe
alb,1887,35.12,Albania,Europe
alb,1888,35.11,Albania,Europe
alb,1889,35.09,Albania,Europe
alb,1890,35.08,Albania,Europe
alb,1891,35.06,Albania,Europe
alb,1892,35.04,Albania,Europe
alb,1893,35.03,Albania,Europe
alb,1894,35.01,Albania,Europe
alb,1895,35,Albania,Europe
alb,1896,34.98,Albania,Europe
alb,1897,34.96,Albania,Europe
alb,1898,34.95,Albania,Europe
alb,1899,34.93,Albania,Europe
alb,1900,34.91,Albania,Europe
alb,1901,34.9,Albania,Europe
alb,1902,34.88,Albania,Europe
alb,1903,34.87,Albania,Europe
alb,1904,34.85,Albania,Europe
alb,1905,34.83,Albania,Europe
alb,1906,34.82,Albania,Europe
alb,1907,34.8,Albania,Europe
alb,1908,34.78,Albania,Europe
alb,1909,34.77,Albania,Europe
alb,1910,34.75,Albania,Europe
alb,1911,34.74,Albania,Europe
alb,1912,34.72,Albania,Europe
alb,1913,34.7,Albania,Europe
alb,1914,34.69,Albania,Europe
alb,1915,34.67,Albania,Europe
alb,1916,34.66,Albania,Europe
alb,1917,34.64,Albania,Europe
alb,1918,19,Albania,Europe
alb,1919,34.61,Albania,Europe
alb,1920,34.59,Albania,Europe
alb,1921,34.57,Albania,Europe
alb,1922,34.56,Albania,Europe
alb,1923,34.54,Albania,Europe
alb,1924,34.53,Albania,Europe
alb,1925,34.51,Albania,Europe
alb,1926,34.49,Albania,Europe
alb,1927,34.48,Albania,Europe
alb,1928,34.46,Albania,Europe
alb,1929,34.45,Albania,Europe
alb,1930,35.3,Albania,Europe
alb,1931,36.15,Albania,Europe
alb,1932,37,Albania,Europe
alb,1933,37.86,Albania,Europe
alb,1934,38.71,Albania,Europe
alb,1935,39.56,Albania,Europe
alb,1936,40.41,Albania,Europe
alb,1937,41.25,Albania,Europe
alb,1938,42.1,Albania,Europe
alb,1939,41.64,Albania,Europe
alb,1940,40.66,Albania,Europe
alb,1941,40.15,Albania,Europe
alb,1942,38.68,Albania,Europe
alb,1943,35.77,Albania,Europe
alb,1944,32.85,Albania,Europe
alb,1945,45.39,Albania,Europe
alb,1946,48.26,Albania,Europe
alb,1947,49.69,Albania,Europe
alb,1948,50.53,Albania,Europe
alb,1949,51.37,Albania,Europe
alb,1950,52.21,Albania,Europe
alb,1951,53.58,Albania,Europe
alb,1952,54.48,Albania,Europe
alb,1953,55.35,Albania,Europe
alb,1954,56.15,Albania,Europe
alb,1955,56.27,Albania,Europe
alb,1956,58.04,Albania,Europe
alb,1957,59.26,Albania,Europe
alb,1958,60.96,Albania,Europe
alb,1959,61.74,Albania,Europe
alb,1960,62.55,Albania,Europe
alb,1961,63.28,Albania,Europe
alb,1962,63.32,Albania,Europe
alb,1963,63.78,Albania,Europe
alb,1964,64.37,Albania,Europe
alb,1965,64.79,Albania,Europe
alb,1966,65.55,Albania,Europe
alb,1967,66.07,Albania,Europe
alb,1968,66.55,Albania,Europe
alb,1969,67.1,Albania,Europe
alb,1970,67.79,Albania,Europe
alb,1971,68.34,Albania,Europe
alb,1972,68.84,Albania,Europe
alb,1973,69.31,Albania,Europe
alb,1974,69.75,Albania,Europe
alb,1975,70.19,Albania,Europe
alb,1976,70.66,Albania,Europe
alb,1977,71.13,Albania,Europe
alb,1978,71.7,Albania,Europe
alb,1979,71.35,Albania,Europe
alb,1980,71.25,Albania,Europe
alb,1981,71.32,Albania,Europe
alb,1982,71.41,Albania,Europe
alb,1983,71.23,Albania,Europe
alb,1984,71.41,Albania,Europe
alb,1985,71.89,Albania,Europe
alb,1986,72.27,Albania,Europe
alb,1987,72.21,Albania,Europe
alb,1988,72.38,Albania,Europe
alb,1989,72.47,Albania,Europe
alb,1990,72.76,Albania,Europe
alb,1991,72.64,Albania,Europe
alb,1992,73.23,Albania,Europe
alb,1993,73.83,Albania,Europe
alb,1994,74.59,Albania,Europe
alb,1995,74.61,Albania,Europe
alb,1996,74.55,Albania,Europe
alb,1997,72.91,Albania,Europe
alb,1998,74.83,Albania,Europe
alb,1999,75.07,Albania,Europe
alb,2000,75.39,Albania,Europe
alb,2001,76.02,Albania,Europe
alb,2002,75.93,Albania,Europe
alb,2003,75.62,Albania,Europe
alb,2004,75.77,Albania,Europe
alb,2005,76.2,Albania,Europe
alb,2006,76.9,Albania,Europe
alb,2007,77.5,Albania,Europe
alb,2008,77.57,Albania,Europe
alb,2009,77.97,Albania,Europe
alb,2010,78.13,Albania,Europe
alb,2011,78.13,Albania,Europe
alb,2012,78.22,Albania,Europe
alb,2013,78.28,Albania,Europe
alb,2014,78.21,Albania,Europe
alb,2015,78.14,Albania,Europe
alb,2016,78.23,Albania,Europe
alb,2017,78.33,Albania,Europe
alb,2018,78.44,Albania,Europe
alb,2019,78.5,Albania,Europe
alb,2020,77.9,Albania,Europe
alb,2021,78.73,Albania,Europe
alb,2022,78.84,Albania,Europe
alb,2023,78.96,Albania,Europe
alb,2024,79.09,Albania,Europe
alb,2025,79.23,Albania,Europe
alb,2026,79.37,Albania,Europe
alb,2027,79.53,Albania,Europe
alb,2028,79.69,Albania,Europe
alb,2029,79.85,Albania,Europe
alb,2030,80.02,Albania,Europe
alb,2031,80.18,Albania,Europe
alb,2032,80.34,Albania,Europe
alb,2033,80.5,Albania,Europe
alb,2034,80.65,Albania,Europe
alb,2035,80.79,Albania,Europe
alb,2036,80.93,Albania,Europe
alb,2037,81.06,Albania,Europe
alb,2038,81.2,Albania,Europe
alb,2039,81.34,Albania,Europe
alb,2040,81.47,Albania,Europe
alb,2041,81.61,Albania,Europe
alb,2042,81.75,Albania,Europe
alb,2043,81.89,Albania,Europe
alb,2044,82.02,Albania,Europe
alb,2045,82.16,Albania,Europe
alb,2046,82.3,Albania,Europe
alb,2047,82.44,Albania,Europe
alb,2048,82.58,Albania,Europe
alb,2049,82.72,Albania,Europe
alb,2050,82.85,Albania,Europe
alb,2051,82.99,Albania,Europe
alb,2052,83.12,Albania,Europe
alb,2053,83.26,Albania,Europe
alb,2054,83.39,Albania,Europe
alb,2055,83.52,Albania,Europe
alb,2056,83.65,Albania,Europe
alb,2057,83.77,Albania,Europe
alb,2058,83.9,Albania,Europe
alb,2059,84.02,Albania,Europe
alb,2060,84.14,Albania,Europe
alb,2061,84.26,Albania,Europe
alb,2062,84.38,Albania,Europe
alb,2063,84.49,Albania,Europe
alb,2064,84.61,Albania,Europe
alb,2065,84.72,Albania,Europe
alb,2066,84.83,Albania,Europe
alb,2067,84.94,Albania,Europe
alb,2068,85.05,Albania,Europe
alb,2069,85.16,Albania,Europe
alb,2070,85.27,Albania,Europe
alb,2071,85.37,Albania,Europe
alb,2072,85.47,Albania,Europe
alb,2073,85.58,Albania,Europe
alb,2074,85.68,Albania,Europe
alb,2075,85.78,Albania,Europe
alb,2076,85.88,Albania,Europe
alb,2077,85.98,Albania,Europe
alb,2078,86.08,Albania,Europe
alb,2079,86.19,Albania,Europe
alb,2080,86.29,Albania,Europe
alb,2081,86.39,Albania,Europe
alb,2082,86.49,Albania,Europe
alb,2083,86.6,Albania,Europe
alb,2084,86.7,Albania,Europe
alb,2085,86.8,Albania,Europe
alb,2086,86.9,Albania,Europe
alb,2087,87,Albania,Europe
alb,2088,87.11,Albania,Europe
alb,2089,87.21,Albania,Europe
alb,2090,87.31,Albania,Europe
alb,2091,87.42,Albania,Europe
alb,2092,87.52,Albania,Europe
alb,2093,87.62,Albania,Europe
alb,2094,87.73,Albania,Europe
alb,2095,87.83,Albania,Europe
alb,2096,87.94,Albania,Europe
alb,2097,88.04,Albania,Europe
alb,2098,88.15,Albania,Europe
alb,2099,88.25,Albania,Europe
alb,2100,88.36,Albania,Europe
dza,1800,28.82,Algeria,Africa
dza,1801,28.82,Algeria,Africa
dza,1802,28.82,Algeria,Africa
dza,1803,28.82,Algeria,Africa
dza,1804,28.82,Algeria,Africa
dza,1805,28.82,Algeria,Africa
dza,1806,28.82,Algeria,Africa
dza,1807,28.82,Algeria,Africa
dza,1808,28.82,Algeria,Africa
dza,1809,28.82,Algeria,Africa
dza,1810,28.82,Algeria,Africa
dza,1811,28.82,Algeria,Africa
dza,1812,28.82,Algeria,Africa
dza,1813,28.82,Algeria,Africa
dza,1814,28.82,Algeria,Africa
dza,1815,28.82,Algeria,Africa
dza,1816,28.82,Algeria,Africa
dza,1817,28.82,Algeria,Africa
dza,1818,28.82,Algeria,Africa
dza,1819,28.82,Algeria,Africa
dza,1820,28.82,Algeria,Africa
dza,1821,28.82,Algeria,Africa
dza,1822,28.82,Algeria,Africa
dza,1823,28.82,Algeria,Africa
dza,1824,28.82,Algeria,Africa
dza,1825,28.82,Algeria,Africa
dza,1826,28.82,Algeria,Africa
dza,1827,28.82,Algeria,Africa
dza,1828,28.82,Algeria,Africa
dza,1829,28.82,Algeria,Africa
dza,1830,28.82,Algeria,Africa
dza,1831,28.82,Algeria,Africa
dza,1832,28.82,Algeria,Africa
dza,1833,28.82,Algeria,Africa
dza,1834,28.82,Algeria,Africa
dza,1835,28.82,Algeria,Africa
dza,1836,28.82,Algeria,Africa
dza,1837,28.82,Algeria,Africa
dza,1838,28.82,Algeria,Africa
dza,1839,28.82,Algeria,Africa
dza,1840,28.82,Algeria,Africa
dza,1841,28.82,Algeria,Africa
dza,1842,28.82,Algeria,Africa
dza,1843,28.82,Algeria,Africa
dza,1844,28.82,Algeria,Africa
dza,1845,28.82,Algeria,Africa
dza,1846,28.82,Algeria,Africa
dza,1847,28.82,Algeria,Africa
dza,1848,28.82,Algeria,Africa
dza,1849,20,Algeria,Africa
dza,1850,15,Algeria,Africa
dza,1851,22,Algeria,Africa
dza,1852,28.82,Algeria,Africa
dza,1853,28.82,Algeria,Africa
dza,1854,28.82,Algeria,Africa
dza,1855,28.82,Algeria,Africa
dza,1856,28.82,Algeria,Africa
dza,1857,28.82,Algeria,Africa
dza,1858,28.82,Algeria,Africa
dza,1859,28.82,Algeria,Africa
dza,1860,28.82,Algeria,Africa
dza,1861,28.82,Algeria,Africa
dza,1862,28.82,Algeria,Africa
dza,1863,28.82,Algeria,Africa
dza,1864,28.82,Algeria,Africa
dza,1865,28.82,Algeria,Africa
dza,1866,28.82,Algeria,Africa
dza,1867,21,Algeria,Africa
dza,1868,11,Algeria,Africa
dza,1869,15,Algeria,Africa
dza,1870,22,Algeria,Africa
dza,1871,28.93,Algeria,Africa
dza,1872,29.05,Algeria,Africa
dza,1873,29.16,Algeria,Africa
dza,1874,29.27,Algeria,Africa
dza,1875,29.38,Algeria,Africa
dza,1876,29.49,Algeria,Africa
dza,1877,29.6,Algeria,Africa
dza,1878,29.71,Algeria,Africa
dza,1879,29.83,Algeria,Africa
dza,1880,29.94,Algeria,Africa
dza,1881,30.05,Algeria,Africa
dza,1882,30.16,Algeria,Africa
dza,1883,30.27,Algeria,Africa
dza,1884,30.38,Algeria,Africa
dza,1885,30.5,Algeria,Africa
dza,1886,30.61,Algeria,Africa
dza,1887,30.72,Algeria,Africa
dza,1888,30.83,Algeria,Africa
dza,1889,30.94,Algeria,Africa
dza,1890,31.05,Algeria,Africa
dza,1891,31.16,Algeria,Africa
dza,1892,31.28,Algeria,Africa
dza,1893,31.39,Algeria,Africa
dza,1894,31.5,Algeria,Africa
dza,1895,31.61,Algeria,Africa
dza,1896,31.72,Algeria,Africa
dza,1897,31.83,Algeria,Africa
dza,1898,31.94,Algeria,Africa
dza,1899,32.06,Algeria,Africa
dza,1900,32.21,Algeria,Africa
dza,1901,32.37,Algeria,Africa
dza,1902,32.53,Algeria,Africa
dza,1903,33.67,Algeria,Africa
dza,1904,27.29,Algeria,Africa
dza,1905,30.31,Algeria,Africa
dza,1906,31.93,Algeria,Africa
dza,1907,31.93,Algeria,Africa
dza,1908,31.93,Algeria,Africa
dza,1909,33.67,Algeria,Africa
dza,1910,35.55,Algeria,Africa
dza,1911,35.35,Algeria,Africa
dza,1912,36.96,Algeria,Africa
dza,1913,34.6,Algeria,Africa
dza,1914,34.12,Algeria,Africa
dza,1915,33.65,Algeria,Africa
dza,1916,33.32,Algeria,Africa
dza,1917,33.43,Algeria,Africa
dza,1918,26.15,Algeria,Africa
dza,1919,33.65,Algeria,Africa
dza,1920,32.82,Algeria,Africa
dza,1921,32.93,Algeria,Africa
dza,1922,32.69,Algeria,Africa
dza,1923,35.7,Algeria,Africa
dza,1924,37.44,Algeria,Africa
dza,1925,38.37,Algeria,Africa
dza,1926,37.68,Algeria,Africa
dza,1927,32.33,Algeria,Africa
dza,1928,36.48,Algeria,Africa
dza,1929,36.8,Algeria,Africa
dza,1930,38.36,Algeria,Africa
dza,1931,36.06,Algeria,Africa
dza,1932,37.69,Algeria,Africa
dza,1933,39.2,Algeria,Africa
dza,1934,38.59,Algeria,Africa
dza,1935,40.79,Algeria,Africa
dza,1936,42.3,Algeria,Africa
dza,1937,40.19,Algeria,Africa
dza,1938,39.53,Algeria,Africa
dza,1939,42.27,Algeria,Africa
dza,1940,42.85,Algeria,Africa
dza,1941,40.91,Algeria,Africa
dza,1942,40.22,Algeria,Africa
dza,1943,34.86,Algeria,Africa
dza,1944,41.28,Algeria,Africa
dza,1945,38.7,Algeria,Africa
dza,1946,41.41,Algeria,Africa
dza,1947,45.43,Algeria,Africa
dza,1948,49.21,Algeria,Africa
dza,1949,52.15,Algeria,Africa
dza,1950,55.12,Algeria,Africa
dza,1951,55.6,Algeria,Africa
dza,1952,56.05,Algeria,Africa
dza,1953,56.38,Algeria,Africa
dza,1954,52.44,Algeria,Africa
dza,1955,53.07,Algeria,Africa
dza,1956,53.45,Algeria,Africa
dza,1957,53.01,Algeria,Africa
dza,1958,52.8,Algeria,Africa
dza,1959,52.6,Algeria,Africa
dza,1960,52.38,Algeria,Africa
dza,1961,51.51,Algeria,Africa
dza,1962,51.53,Algeria,Africa
dza,1963,55.8,Algeria,Africa
dza,1964,56.7,Algeria,Africa
dza,1965,56.8,Algeria,Africa
dza,1966,56.21,Algeria,Africa
dza,1967,56.13,Algeria,Africa
dza,1968,56.07,Algeria,Africa
dza,1969,56.14,Algeria,Africa
dza,1970,56.23,Algeria,Africa
dza,1971,56.18,Algeria,Africa
dza,1972,56.31,Algeria,Africa
dza,1973,56.45,Algeria,Africa
dza,1974,56.68,Algeria,Africa
dza,1975,56.87,Algeria,Africa
dza,1976,57.09,Algeria,Africa
dza,1977,57.75,Algeria,Africa
dza,1978,58.2,Algeria,Africa
dza,1979,58.77,Algeria,Africa
dza,1980,58.73,Algeria,Africa
dza,1981,59.87,Algeria,Africa
dza,1982,60.84,Algeria,Africa
dza,1983,62.26,Algeria,Africa
dza,1984,63.27,Algeria,Africa
dza,1985,64.7,Algeria,Africa
dza,1986,65.5,Algeria,Africa
dza,1987,66.03,Algeria,Africa
dza,1988,66.57,Algeria,Africa
dza,1989,67.07,Algeria,Africa
dza,1990,67.48,Algeria,Africa
dza,1991,67.93,Algeria,Africa
dza,1992,68.28,Algeria,Africa
dza,1993,68.59,Algeria,Africa
dza,1994,68.73,Algeria,Africa
dza,1995,69.04,Algeria,Africa
dza,1996,69.61,Algeria,Africa
dza,1997,69.66,Algeria,Africa
dza,1998,70.19,Algeria,Africa
dza,1999,70.71,Algeria,Africa
dza,2000,70.96,Algeria,Africa
dza,2001,71.35,Algeria,Africa
dza,2002,71.76,Algeria,Africa
dza,2003,72,Algeria,Africa
dza,2004,72.57,Algeria,Africa
dza,2005,72.94,Algeria,Africa
dza,2006,73.26,Algeria,Africa
dza,2007,73.56,Algeria,Africa
dza,2008,73.88,Algeria,Africa
dza,2009,74.16,Algeria,Africa
dza,2010,74.48,Algeria,Africa
dza,2011,74.69,Algeria,Africa
dza,2012,74.93,Algeria,Africa
dza,2013,75.12,Algeria,Africa
dza,2014,75.27,Algeria,Africa
dza,2015,75.44,Algeria,Africa
dza,2016,75.71,Algeria,Africa
dza,2017,75.92,Algeria,Africa
dza,2018,76.02,Algeria,Africa
dza,2019,76.2,Algeria,Africa
dza,2020,76.2,Algeria,Africa
dza,2021,76.56,Algeria,Africa
dza,2022,76.74,Algeria,Africa
dza,2023,76.91,Algeria,Africa
dza,2024,77.09,Algeria,Africa
dza,2025,77.26,Algeria,Africa
dza,2026,77.43,Algeria,Africa
dza,2027,77.6,Algeria,Africa
dza,2028,77.77,Algeria,Africa
dza,2029,77.94,Algeria,Africa
dza,2030,78.11,Algeria,Africa
dza,2031,78.27,Algeria,Africa
dza,2032,78.44,Algeria,Africa
dza,2033,78.6,Algeria,Africa
dza,2034,78.76,Algeria,Africa
dza,2035,78.92,Algeria,Africa
dza,2036,79.08,Algeria,Africa
dza,2037,79.24,Algeria,Africa
dza,2038,79.39,Algeria,Africa
dza,2039,79.55,Algeria,Africa
dza,2040,79.71,Algeria,Africa
dza,2041,79.86,Algeria,Africa
dza,2042,80.01,Algeria,Africa
dza,2043,80.17,Algeria,Africa
dza,2044,80.32,Algeria,Africa
dza,2045,80.47,Algeria,Africa
dza,2046,80.62,Algeria,Africa
dza,2047,80.77,Algeria,Africa
dza,2048,80.92,Algeria,Africa
dza,2049,81.07,Algeria,Africa
dza,2050,81.21,Algeria,Africa
dza,2051,81.36,Algeria,Africa
dza,2052,81.5,Algeria,Africa
dza,2053,81.65,Algeria,Africa
dza,2054,81.79,Algeria,Africa
dza,2055,81.93,Algeria,Africa
dza,2056,82.07,Algeria,Africa
dza,2057,82.2,Algeria,Africa
dza,2058,82.34,Algeria,Africa
dza,2059,82.47,Algeria,Africa
dza,2060,82.61,Algeria,Africa
dza,2061,82.74,Algeria,Africa
dza,2062,82.87,Algeria,Africa
dza,2063,83,Algeria,Africa
dza,2064,83.12,Algeria,Africa
dza,2065,83.25,Algeria,Africa
dza,2066,83.37,Algeria,Africa
dza,2067,83.49,Algeria,Africa
dza,2068,83.62,Algeria,Africa
dza,2069,83.74,Algeria,Africa
dza,2070,83.85,Algeria,Africa
dza,2071,83.97,Algeria,Africa
dza,2072,84.09,Algeria,Africa
dza,2073,84.2,Algeria,Africa
dza,2074,84.31,Algeria,Africa
dza,2075,84.42,Algeria,Africa
dza,2076,84.53,Algeria,Africa
dza,2077,84.64,Algeria,Africa
dza,2078,84.74,Algeria,Africa
dza,2079,84.84,Algeria,Africa
dza,2080,84.95,Algeria,Africa
dza,2081,85.05,Algeria,Africa
dza,2082,85.15,Algeria,Africa
dza,2083,85.25,Algeria,Africa
dza,2084,85.35,Algeria,Africa
dza,2085,85.46,Algeria,Africa
dza,2086,85.56,Algeria,Africa
dza,2087,85.66,Algeria,Africa
dza,2088,85.77,Algeria,Africa
dza,2089,85.87,Algeria,Africa
dza,2090,85.98,Algeria,Africa
dza,2091,86.08,Algeria,Africa
dza,2092,86.19,Algeria,Africa
dza,2093,86.29,Algeria,Africa
dza,2094,86.39,Algeria,Africa
dza,2095,86.5,Algeria,Africa
dza,2096,86.6,Algeria,Africa
dza,2097,86.7,Algeria,Africa
dza,2098,86.8,Algeria,Africa
dza,2099,86.9,Algeria,Africa
dza,2100,87,Algeria,Africa
and,1950,74.62,Andorra,Europe
and,1951,74.72,Andorra,Europe
and,1952,74.83,Andorra,Europe
and,1953,74.95,Andorra,Europe
and,1954,75.08,Andorra,Europe
and,1955,75.21,Andorra,Europe
and,1956,75.32,Andorra,Europe
and,1957,75.43,Andorra,Europe
and,1958,75.51,Andorra,Europe
and,1959,75.63,Andorra,Europe
and,1960,75.74,Andorra,Europe
and,1961,75.83,Andorra,Europe
and,1962,75.94,Andorra,Europe
and,1963,76.04,Andorra,Europe
and,1964,76.18,Andorra,Europe
and,1965,76.3,Andorra,Europe
and,1966,76.41,Andorra,Europe
and,1967,76.55,Andorra,Europe
and,1968,76.67,Andorra,Europe
and,1969,76.83,Andorra,Europe
and,1970,76.97,Andorra,Europe
and,1971,77.08,Andorra,Europe
and,1972,77.22,Andorra,Europe
and,1973,77.37,Andorra,Europe
and,1974,77.55,Andorra,Europe
and,1975,77.7,Andorra,Europe
and,1976,77.82,Andorra,Europe
and,1977,77.95,Andorra,Europe
and,1978,78.08,Andorra,Europe
and,1979,78.23,Andorra,Europe
and,1980,78.34,Andorra,Europe
and,1981,78.41,Andorra,Europe
and,1982,78.48,Andorra,Europe
and,1983,78.52,Andorra,Europe
and,1984,78.61,Andorra,Europe
and,1985,78.71,Andorra,Europe
and,1986,78.78,Andorra,Europe
and,1987,78.84,Andorra,Europe
and,1988,78.89,Andorra,Europe
and,1989,78.96,Andorra,Europe
and,1990,79.03,Andorra,Europe
and,1991,79.12,Andorra,Europe
and,1992,79.16,Andorra,Europe
and,1993,79.35,Andorra,Europe
and,1994,79.51,Andorra,Europe
and,1995,79.75,Andorra,Europe
and,1996,79.96,Andorra,Europe
and,1997,80.2,Andorra,Europe
and,1998,80.41,Andorra,Europe
and,1999,80.6,Andorra,Europe
and,2000,80.76,Andorra,Europe
and,2001,80.92,Andorra,Europe
and,2002,81.09,Andorra,Europe
and,2003,81.22,Andorra,Europe
and,2004,81.26,Andorra,Europe
and,2005,81.4,Andorra,Europe
and,2006,81.49,Andorra,Europe
and,2007,81.66,Andorra,Europe
and,2008,81.75,Andorra,Europe
and,2009,81.78,Andorra,Europe
and,2010,81.85,Andorra,Europe
and,2011,81.91,Andorra,Europe
and,2012,81.94,Andorra,Europe
and,2013,81.95,Andorra,Europe
and,2014,81.97,Andorra,Europe
and,2015,82.01,Andorra,Europe
and,2016,82.06,Andorra,Europe
and,2017,82.11,Andorra,Europe
and,2018,82.14,Andorra,Europe
and,2019,82.19,Andorra,Europe
ago,1800,26.98,Angola,Africa
ago,1801,26.98,Angola,Africa
ago,1802,26.98,Angola,Africa
ago,1803,26.98,Angola,Africa
ago,1804,26.98,Angola,Africa
ago,1805,26.98,Angola,Africa
ago,1806,26.98,Angola,Africa
ago,1807,26.98,Angola,Africa
ago,1808,26.98,Angola,Africa
ago,1809,26.98,Angola,Africa
ago,1810,26.98,Angola,Africa
ago,1811,26.98,Angola,Africa
ago,1812,26.98,Angola,Africa
ago,1813,26.98,Angola,Africa
ago,1814,26.98,Angola,Africa
ago,1815,26.98,Angola,Africa
ago,1816,26.98,Angola,Africa
ago,1817,26.98,Angola,Africa
ago,1818,26.98,Angola,Africa
ago,1819,26.98,Angola,Africa
ago,1820,26.98,Angola,Africa
ago,1821,26.98,Angola,Africa
ago,1822,26.98,Angola,Africa
ago,1823,26.98,Angola,Africa
ago,1824,26.98,Angola,Africa
ago,1825,26.98,Angola,Africa
ago,1826,26.98,Angola,Africa
ago,1827,26.98,Angola,Africa
ago,1828,26.98,Angola,Africa
ago,1829,26.98,Angola,Africa
ago,1830,26.98,Angola,Africa
ago,1831,26.98,Angola,Africa
ago,1832,26.98,Angola,Africa
ago,1833,26.98,Angola,Africa
ago,1834,26.98,Angola,Africa
ago,1835,26.98,Angola,Africa
ago,1836,26.98,Angola,Africa
ago,1837,26.98,Angola,Africa
ago,1838,26.98,Angola,Africa
ago,1839,26.98,Angola,Africa
ago,1840,26.98,Angola,Africa
ago,1841,26.98,Angola,Africa
ago,1842,26.98,Angola,Africa
ago,1843,26.98,Angola,Africa
ago,1844,26.98,Angola,Africa
ago,1845,26.98,Angola,Africa
ago,1846,26.98,Angola,Africa
ago,1847,26.98,Angola,Africa
ago,1848,26.98,Angola,Africa
ago,1849,26.98,Angola,Africa
ago,1850,26.98,Angola,Africa
ago,1851,26.98,Angola,Africa
ago,1852,26.98,Angola,Africa
ago,1853,26.98,Angola,Africa
ago,1854,26.98,Angola,Africa
ago,1855,26.98,Angola,Africa
ago,1856,26.98,Angola,Africa
ago,1857,26.98,Angola,Africa
ago,1858,26.98,Angola,Africa
ago,1859,26.98,Angola,Africa
ago,1860,26.98,Angola,Africa
ago,1861,26.98,Angola,Africa
ago,1862,26.98,Angola,Africa
ago,1863,26.98,Angola,Africa
ago,1864,26.98,Angola,Africa
ago,1865,26.98,Angola,Africa
ago,1866,26.98,Angola,Africa
ago,1867,26.98,Angola,Africa
ago,1868,26.98,Angola,Africa
ago,1869,26.98,Angola,Africa
ago,1870,26.98,Angola,Africa
ago,1871,27.17,Angola,Africa
ago,1872,27.36,Angola,Africa
ago,1873,27.55,Angola,Africa
ago,1874,27.74,Angola,Africa
ago,1875,27.92,Angola,Africa
ago,1876,28.11,Angola,Africa
ago,1877,28.3,Angola,Africa
ago,1878,28.49,Angola,Africa
ago,1879,28.68,Angola,Africa
ago,1880,28.87,Angola,Africa
ago,1881,29.06,Angola,Africa
ago,1882,29.25,Angola,Africa
ago,1883,29.44,Angola,Africa
ago,1884,29.63,Angola,Africa
ago,1885,29.81,Angola,Africa
ago,1886,30,Angola,Africa
ago,1887,30.19,Angola,Africa
ago,1888,30.38,Angola,Africa
ago,1889,30.57,Angola,Africa
ago,1890,30.76,Angola,Africa
ago,1891,30.95,Angola,Africa
ago,1892,31.14,Angola,Africa
ago,1893,31.33,Angola,Africa
ago,1894,31.51,Angola,Africa
ago,1895,31.7,Angola,Africa
ago,1896,31.89,Angola,Africa
ago,1897,32.08,Angola,Africa
ago,1898,32.27,Angola,Africa
ago,1899,32.46,Angola,Africa
ago,1900,32.65,Angola,Africa
ago,1901,32.84,Angola,Africa
ago,1902,33.03,Angola,Africa
ago,1903,33.21,Angola,Africa
ago,1904,33.4,Angola,Africa
ago,1905,33.59,Angola,Africa
ago,1906,33.78,Angola,Africa
ago,1907,33.97,Angola,Africa
ago,1908,34.16,Angola,Africa
ago,1909,34.35,Angola,Africa
ago,1910,34.54,Angola,Africa
ago,1911,34.73,Angola,Africa
ago,1912,34.92,Angola,Africa
ago,1913,35.1,Angola,Africa
ago,1914,35.29,Angola,Africa
ago,1915,35.48,Angola,Africa
ago,1916,35.67,Angola,Africa
ago,1917,35.86,Angola,Africa
ago,1918,13.94,Angola,Africa
ago,1919,36.24,Angola,Africa
ago,1920,36.43,Angola,Africa
ago,1921,36.62,Angola,Africa
ago,1922,36.8,Angola,Africa
ago,1923,36.99,Angola,Africa
ago,1924,37.18,Angola,Africa
ago,1925,37.37,Angola,Africa
ago,1926,37.56,Angola,Africa
ago,1927,37.75,Angola,Africa
ago,1928,37.94,Angola,Africa
ago,1929,38.13,Angola,Africa
ago,1930,38.32,Angola,Africa
ago,1931,38.5,Angola,Africa
ago,1932,38.69,Angola,Africa
ago,1933,38.88,Angola,Africa
ago,1934,39.07,Angola,Africa
ago,1935,39.26,Angola,Africa
ago,1936,39.45,Angola,Africa
ago,1937,39.64,Angola,Africa
ago,1938,39.83,Angola,Africa
ago,1939,40.02,Angola,Africa
ago,1940,40.21,Angola,Africa
ago,1941,40.73,Angola,Africa
ago,1942,41.25,Angola,Africa
ago,1943,41.78,Angola,Africa
ago,1944,42.31,Angola,Africa
ago,1945,42.85,Angola,Africa
ago,1946,43.39,Angola,Africa
ago,1947,43.93,Angola,Africa
ago,1948,44.47,Angola,Africa
ago,1949,45.02,Angola,Africa
ago,1950,45.57,Angola,Africa
ago,1951,45.57,Angola,Africa
ago,1952,45.57,Angola,Africa
ago,1953,45.56,Angola,Africa
ago,1954,45.56,Angola,Africa
ago,1955,45.54,Angola,Africa
ago,1956,45.68,Angola,Africa
ago,1957,45.8,Angola,Africa
ago,1958,45.88,Angola,Africa
ago,1959,46.06,Angola,Africa
ago,1960,46.25,Angola,Africa
ago,1961,44.81,Angola,Africa
ago,1962,44.99,Angola,Africa
ago,1963,45.17,Angola,Africa
ago,1964,45.37,Angola,Africa
ago,1965,45.58,Angola,Africa
ago,1966,45.78,Angola,Africa
ago,1967,45.98,Angola,Africa
ago,1968,46.19,Angola,Africa
ago,1969,46.39,Angola,Africa
ago,1970,46.57,Angola,Africa
ago,1971,46.79,Angola,Africa
ago,1972,46.95,Angola,Africa
ago,1973,47.16,Angola,Africa
ago,1974,47.36,Angola,Africa
ago,1975,47.46,Angola,Africa
ago,1976,47.54,Angola,Africa
ago,1977,47.66,Angola,Africa
ago,1978,47.82,Angola,Africa
ago,1979,47.97,Angola,Africa
ago,1980,48.13,Angola,Africa
ago,1981,48.21,Angola,Africa
ago,1982,48.24,Angola,Africa
ago,1983,48.22,Angola,Africa
ago,1984,48.38,Angola,Africa
ago,1985,48.56,Angola,Africa
ago,1986,48.56,Angola,Africa
ago,1987,48.65,Angola,Africa
ago,1988,48.59,Angola,Africa
ago,1989,49.37,Angola,Africa
ago,1990,49.67,Angola,Africa
ago,1991,50.31,Angola,Africa
ago,1992,50.34,Angola,Africa
ago,1993,48.98,Angola,Africa
ago,1994,50.33,Angola,Africa
ago,1995,51.16,Angola,Africa
ago,1996,51.66,Angola,Africa
ago,1997,51.65,Angola,Africa
ago,1998,50.62,Angola,Africa
ago,1999,51.92,Angola,Africa
ago,2000,52.78,Angola,Africa
ago,2001,53.44,Angola,Africa
ago,2002,54.48,Angola,Africa
ago,2003,55.09,Angola,Africa
ago,2004,55.53,Angola,Africa
ago,2005,56.35,Angola,Africa
ago,2006,56.96,Angola,Africa
ago,2007,57.95,Angola,Africa
ago,2008,58.76,Angola,Africa
ago,2009,59.49,Angola,Africa
ago,2010,60.21,Angola,Africa
ago,2011,60.84,Angola,Africa
ago,2012,61.44,Angola,Africa
ago,2013,62.13,Angola,Africa
ago,2014,63.01,Angola,Africa
ago,2015,63.52,Angola,Africa
ago,2016,63.87,Angola,Africa
ago,2017,64.24,Angola,Africa
ago,2018,64.63,Angola,Africa
ago,2019,65.08,Angola,Africa
ago,2020,65.2,Angola,Africa
ago,2021,65.78,Angola,Africa
ago,2022,66.11,Angola,Africa
ago,2023,66.43,Angola,Africa
ago,2024,66.75,Angola,Africa
ago,2025,67.07,Angola,Africa
ago,2026,67.39,Angola,Africa
ago,2027,67.71,Angola,Africa
ago,2028,68.02,Angola,Africa
ago,2029,68.31,Angola,Africa
ago,2030,68.61,Angola,Africa
ago,2031,68.89,Angola,Africa
ago,2032,69.16,Angola,Africa
ago,2033,69.43,Angola,Africa
ago,2034,69.7,Angola,Africa
ago,2035,69.96,Angola,Africa
ago,2036,70.21,Angola,Africa
ago,2037,70.45,Angola,Africa
ago,2038,70.69,Angola,Africa
ago,2039,70.92,Angola,Africa
ago,2040,71.14,Angola,Africa
ago,2041,71.36,Angola,Africa
ago,2042,71.57,Angola,Africa
ago,2043,71.77,Angola,Africa
ago,2044,71.98,Angola,Africa
ago,2045,72.17,Angola,Africa
ago,2046,72.36,Angola,Africa
ago,2047,72.55,Angola,Africa
ago,2048,72.74,Angola,Africa
ago,2049,72.92,Angola,Africa
ago,2050,73.09,Angola,Africa
ago,2051,73.27,Angola,Africa
ago,2052,73.44,Angola,Africa
ago,2053,73.6,Angola,Africa
ago,2054,73.77,Angola,Africa
ago,2055,73.93,Angola,Africa
ago,2056,74.09,Angola,Africa
ago,2057,74.24,Angola,Africa
ago,2058,74.4,Angola,Africa
ago,2059,74.55,Angola,Africa
ago,2060,74.7,Angola,Africa
ago,2061,74.85,Angola,Africa
ago,2062,74.99,Angola,Africa
ago,2063,75.13,Angola,Africa
ago,2064,75.28,Angola,Africa
ago,2065,75.41,Angola,Africa
ago,2066,75.55,Angola,Africa
ago,2067,75.69,Angola,Africa
ago,2068,75.83,Angola,Africa
ago,2069,75.96,Angola,Africa
ago,2070,76.1,Angola,Africa
ago,2071,76.23,Angola,Africa
ago,2072,76.37,Angola,Africa
ago,2073,76.5,Angola,Africa
ago,2074,76.64,Angola,Africa
ago,2075,76.77,Angola,Africa
ago,2076,76.9,Angola,Africa
ago,2077,77.03,Angola,Africa
ago,2078,77.16,Angola,Africa
ago,2079,77.29,Angola,Africa
ago,2080,77.42,Angola,Africa
ago,2081,77.54,Angola,Africa
ago,2082,77.67,Angola,Africa
ago,2083,77.8,Angola,Africa
ago,2084,77.93,Angola,Africa
ago,2085,78.05,Angola,Africa
ago,2086,78.18,Angola,Africa
ago,2087,78.31,Angola,Africa
ago,2088,78.44,Angola,Africa
ago,2089,78.57,Angola,Africa
ago,2090,78.7,Angola,Africa
ago,2091,78.83,Angola,Africa
ago,2092,78.96,Angola,Africa
ago,2093,79.09,Angola,Africa
ago,2094,79.22,Angola,Africa
ago,2095,79.35,Angola,Africa
ago,2096,79.48,Angola,Africa
ago,2097,79.61,Angola,Africa
ago,2098,79.74,Angola,Africa
ago,2099,79.88,Angola,Africa
ago,2100,80.01,Angola,Africa
atg,1800,33.54,Antigua and Barbuda,North America
atg,1801,33.54,Antigua and Barbuda,North America
atg,1802,33.54,Antigua and Barbuda,North America
atg,1803,33.54,Antigua and Barbuda,North America
atg,1804,33.54,Antigua and Barbuda,North America
atg,1805,33.54,Antigua and Barbuda,North America
atg,1806,33.54,Antigua and Barbuda,North America
atg,1807,33.54,Antigua and Barbuda,North America
atg,1808,33.54,Antigua and Barbuda,North America
atg,1809,33.54,Antigua and Barbuda,North America
atg,1810,33.54,Antigua and Barbuda,North America
atg,1811,33.54,Antigua and Barbuda,North America
atg,1812,33.54,Antigua and Barbuda,North America
atg,1813,33.54,Antigua and Barbuda,North America
atg,1814,33.54,Antigua and Barbuda,North America
atg,1815,33.54,Antigua and Barbuda,North America
atg,1816,33.54,Antigua and Barbuda,North America
atg,1817,33.54,Antigua and Barbuda,North America
atg,1818,33.54,Antigua and Barbuda,North America
atg,1819,33.54,Antigua and Barbuda,North America
atg,1820,33.54,Antigua and Barbuda,North America
atg,1821,33.54,Antigua and Barbuda,North America
atg,1822,33.54,Antigua and Barbuda,North America
atg,1823,33.54,Antigua and Barbuda,North America
atg,1824,33.54,Antigua and Barbuda,North America
atg,1825,33.54,Antigua and Barbuda,North America
atg,1826,33.54,Antigua and Barbuda,North America
atg,1827,33.54,Antigua and Barbuda,North America
atg,1828,33.54,Antigua and Barbuda,North America
atg,1829,33.54,Antigua and Barbuda,North America
atg,1830,33.54,Antigua and Barbuda,North America
atg,1831,33.54,Antigua and Barbuda,North America
atg,1832,33.54,Antigua and Barbuda,North America
atg,1833,33.54,Antigua and Barbuda,North America
atg,1834,33.54,Antigua and Barbuda,North America
atg,1835,33.54,Antigua and Barbuda,North America
atg,1836,33.54,Antigua and Barbuda,North America
atg,1837,33.54,Antigua and Barbuda,North America
atg,1838,33.54,Antigua and Barbuda,North America
atg,1839,33.54,Antigua and Barbuda,North America
atg,1840,33.54,Antigua and Barbuda,North America
atg,1841,33.54,Antigua and Barbuda,North America
atg,1842,33.54,Antigua and Barbuda,North America
atg,1843,33.54,Antigua and Barbuda,North America
atg,1844,33.54,Antigua and Barbuda,North America
atg,1845,33.54,Antigua and Barbuda,North America
atg,1846,33.54,Antigua and Barbuda,North America
atg,1847,33.54,Antigua and Barbuda,North America
atg,1848,33.54,Antigua and Barbuda,North America
atg,1849,33.54,Antigua and Barbuda,North America
atg,1850,33.54,Antigua and Barbuda,North America
atg,1851,33.54,Antigua and Barbuda,North America
atg,1852,33.54,Antigua and Barbuda,North America
atg,1853,33.54,Antigua and Barbuda,North America
atg,1854,33.54,Antigua and Barbuda,North America
atg,1855,33.54,Antigua and Barbuda,North America
atg,1856,33.54,Antigua and Barbuda,North America
atg,1857,33.54,Antigua and Barbuda,North America
atg,1858,33.54,Antigua and Barbuda,North America
atg,1859,33.54,Antigua and Barbuda,North America
atg,1860,33.54,Antigua and Barbuda,North America
atg,1861,33.54,Antigua and Barbuda,North America
atg,1862,33.54,Antigua and Barbuda,North America
atg,1863,33.54,Antigua and Barbuda,North America
atg,1864,33.54,Antigua and Barbuda,North America
atg,1865,33.54,Antigua and Barbuda,North America
atg,1866,33.54,Antigua and Barbuda,North America
atg,1867,33.54,Antigua and Barbuda,North America
atg,1868,33.54,Antigua and Barbuda,North America
atg,1869,33.54,Antigua and Barbuda,North America
atg,1870,33.54,Antigua and Barbuda,North America
atg,1871,33.54,Antigua and Barbuda,North America
atg,1872,33.54,Antigua and Barbuda,North America
atg,1873,33.55,Antigua and Barbuda,North America
atg,1874,33.55,Antigua and Barbuda,North America
atg,1875,33.56,Antigua and Barbuda,North America
atg,1876,33.56,Antigua and Barbuda,North America
atg,1877,33.57,Antigua and Barbuda,North America
atg,1878,33.57,Antigua and Barbuda,North America
atg,1879,33.58,Antigua and Barbuda,North America
atg,1880,33.58,Antigua and Barbuda,North America
atg,1881,33.58,Antigua and Barbuda,North America
atg,1882,33.59,Antigua and Barbuda,North America
atg,1883,33.59,Antigua and Barbuda,North America
atg,1884,33.6,Antigua and Barbuda,North America
atg,1885,33.6,Antigua and Barbuda,North America
atg,1886,33.61,Antigua and Barbuda,North America
atg,1887,33.61,Antigua and Barbuda,North America
atg,1888,33.61,Antigua and Barbuda,North America
atg,1889,33.62,Antigua and Barbuda,North America
atg,1890,33.62,Antigua and Barbuda,North America
atg,1891,33.63,Antigua and Barbuda,North America
atg,1892,33.63,Antigua and Barbuda,North America
atg,1893,33.64,Antigua and Barbuda,North America
atg,1894,33.64,Antigua and Barbuda,North America
atg,1895,33.64,Antigua and Barbuda,North America
atg,1896,33.65,Antigua and Barbuda,North America
atg,1897,33.65,Antigua and Barbuda,North America
atg,1898,33.66,Antigua and Barbuda,North America
atg,1899,33.66,Antigua and Barbuda,North America
atg,1900,33.67,Antigua and Barbuda,North America
atg,1901,33.67,Antigua and Barbuda,North America
atg,1902,33.68,Antigua and Barbuda,North America
atg,1903,33.68,Antigua and Barbuda,North America
atg,1904,33.68,Antigua and Barbuda,North America
atg,1905,33.69,Antigua and Barbuda,North America
atg,1906,33.69,Antigua and Barbuda,North America
atg,1907,33.7,Antigua and Barbuda,North America
atg,1908,33.7,Antigua and Barbuda,North America
atg,1909,33.71,Antigua and Barbuda,North America
atg,1910,33.71,Antigua and Barbuda,North America
atg,1911,33.71,Antigua and Barbuda,North America
atg,1912,33.72,Antigua and Barbuda,North America
atg,1913,33.72,Antigua and Barbuda,North America
atg,1914,33.73,Antigua and Barbuda,North America
atg,1915,33.73,Antigua and Barbuda,North America
atg,1916,33.74,Antigua and Barbuda,North America
atg,1917,33.74,Antigua and Barbuda,North America
atg,1918,21.89,Antigua and Barbuda,North America
atg,1919,33.75,Antigua and Barbuda,North America
atg,1920,33.75,Antigua and Barbuda,North America
atg,1921,33.76,Antigua and Barbuda,North America
atg,1922,34.6,Antigua and Barbuda,North America
atg,1923,35.43,Antigua and Barbuda,North America
atg,1924,36.27,Antigua and Barbuda,North America
atg,1925,37.11,Antigua and Barbuda,North America
atg,1926,37.95,Antigua and Barbuda,North America
atg,1927,38.79,Antigua and Barbuda,North America
atg,1928,39.63,Antigua and Barbuda,North America
atg,1929,40.46,Antigua and Barbuda,North America
atg,1930,41.3,Antigua and Barbuda,North America
atg,1931,42.14,Antigua and Barbuda,North America
atg,1932,42.98,Antigua and Barbuda,North America
atg,1933,43.82,Antigua and Barbuda,North America
atg,1934,44.66,Antigua and Barbuda,North America
atg,1935,45.5,Antigua and Barbuda,North America
atg,1936,46.34,Antigua and Barbuda,North America
atg,1937,47.18,Antigua and Barbuda,North America
atg,1938,48.03,Antigua and Barbuda,North America
atg,1939,48.87,Antigua and Barbuda,North America
atg,1940,49.71,Antigua and Barbuda,North America
atg,1941,50.55,Antigua and Barbuda,North America
atg,1942,51.39,Antigua and Barbuda,North America
atg,1943,52.23,Antigua and Barbuda,North America
atg,1944,53.08,Antigua and Barbuda,North America
atg,1945,53.92,Antigua and Barbuda,North America
atg,1946,54.76,Antigua and Barbuda,North America
atg,1947,55.6,Antigua and Barbuda,North America
atg,1948,56.45,Antigua and Barbuda,North America
atg,1949,57.29,Antigua and Barbuda,North America
atg,1950,58.13,Antigua and Barbuda,North America
atg,1951,58.72,Antigua and Barbuda,North America
atg,1952,59.28,Antigua and Barbuda,North America
atg,1953,59.82,Antigua and Barbuda,North America
atg,1954,60.32,Antigua and Barbuda,North America
atg,1955,60.93,Antigua and Barbuda,North America
atg,1956,61.52,Antigua and Barbuda,North America
atg,1957,61.93,Antigua and Barbuda,North America
atg,1958,62.56,Antigua and Barbuda,North America
atg,1959,63.29,Antigua and Barbuda,North America
atg,1960,63.83,Antigua and Barbuda,North America
atg,1961,64.76,Antigua and Barbuda,North America
atg,1962,65.49,Antigua and Barbuda,North America
atg,1963,65.79,Antigua and Barbuda,North America
atg,1964,66.1,Antigua and Barbuda,North America
atg,1965,66.73,Antigua and Barbuda,North America
atg,1966,67.1,Antigua and Barbuda,North America
atg,1967,67.23,Antigua and Barbuda,North America
atg,1968,67.62,Antigua and Barbuda,North America
atg,1969,68,Antigua and Barbuda,North America
atg,1970,68.32,Antigua and Barbuda,North America
atg,1971,68.87,Antigua and Barbuda,North America
atg,1972,69.4,Antigua and Barbuda,North America
atg,1973,69.82,Antigua and Barbuda,North America
atg,1974,70.05,Antigua and Barbuda,North America
atg,1975,70.23,Antigua and Barbuda,North America
atg,1976,70.35,Antigua and Barbuda,North America
atg,1977,70.59,Antigua and Barbuda,North America
atg,1978,71.02,Antigua and Barbuda,North America
atg,1979,71.61,Antigua and Barbuda,North America
atg,1980,72.09,Antigua and Barbuda,North America
atg,1981,72.61,Antigua and Barbuda,North America
atg,1982,73.24,Antigua and Barbuda,North America
atg,1983,73.75,Antigua and Barbuda,North America
atg,1984,73.48,Antigua and Barbuda,North America
atg,1985,73.77,Antigua and Barbuda,North America
atg,1986,74,Antigua and Barbuda,North America
atg,1987,74.19,Antigua and Barbuda,North America
atg,1988,74.32,Antigua and Barbuda,North America
atg,1989,74.26,Antigua and Barbuda,North America
atg,1990,74.04,Antigua and Barbuda,North America
atg,1991,74.02,Antigua and Barbuda,North America
atg,1992,73.97,Antigua and Barbuda,North America
atg,1993,73.38,Antigua and Barbuda,North America
atg,1994,73.35,Antigua and Barbuda,North America
atg,1995,73.26,Antigua and Barbuda,North America
atg,1996,73.96,Antigua and Barbuda,North America
atg,1997,73.46,Antigua and Barbuda,North America
atg,1998,74.53,Antigua and Barbuda,North America
atg,1999,74.66,Antigua and Barbuda,North America
atg,2000,74.83,Antigua and Barbuda,North America
atg,2001,75.09,Antigua and Barbuda,North America
atg,2002,75.36,Antigua and Barbuda,North America
atg,2003,75.6,Antigua and Barbuda,North America
atg,2004,75.72,Antigua and Barbuda,North America
atg,2005,75.9,Antigua and Barbuda,North America
atg,2006,75.89,Antigua and Barbuda,North America
atg,2007,75.08,Antigua and Barbuda,North America
atg,2008,75.19,Antigua and Barbuda,North America
atg,2009,75.84,Antigua and Barbuda,North America
atg,2010,75.92,Antigua and Barbuda,North America
atg,2011,75.95,Antigua and Barbuda,North America
atg,2012,76.02,Antigua and Barbuda,North America
atg,2013,76.11,Antigua and Barbuda,North America
atg,2014,75.97,Antigua and Barbuda,North America
atg,2015,75.97,Antigua and Barbuda,North America
atg,2016,76.02,Antigua and Barbuda,North America
atg,2017,76.09,Antigua and Barbuda,North America
atg,2018,76.21,Antigua and Barbuda,North America
atg,2019,76.29,Antigua and Barbuda,North America
atg,2020,76.25,Antigua and Barbuda,North America
atg,2021,76.55,Antigua and Barbuda,North America
atg,2022,76.67,Antigua and Barbuda,North America
atg,2023,76.8,Antigua and Barbuda,North America
atg,2024,76.93,Antigua and Barbuda,North America
atg,2025,77.06,Antigua and Barbuda,North America
atg,2026,77.19,Antigua and Barbuda,North America
atg,2027,77.32,Antigua and Barbuda,North America
atg,2028,77.44,Antigua and Barbuda,North America
atg,2029,77.57,Antigua and Barbuda,North America
atg,2030,77.7,Antigua and Barbuda,North America
atg,2031,77.83,Antigua and Barbuda,North America
atg,2032,77.96,Antigua and Barbuda,North America
atg,2033,78.08,Antigua and Barbuda,North America
atg,2034,78.21,Antigua and Barbuda,North America
atg,2035,78.34,Antigua and Barbuda,North America
atg,2036,78.46,Antigua and Barbuda,North America
atg,2037,78.59,Antigua and Barbuda,North America
atg,2038,78.72,Antigua and Barbuda,North America
atg,2039,78.84,Antigua and Barbuda,North America
atg,2040,78.97,Antigua and Barbuda,North America
atg,2041,79.09,Antigua and Barbuda,North America
atg,2042,79.22,Antigua and Barbuda,North America
atg,2043,79.34,Antigua and Barbuda,North America
atg,2044,79.47,Antigua and Barbuda,North America
atg,2045,79.59,Antigua and Barbuda,North America
atg,2046,79.72,Antigua and Barbuda,North America
atg,2047,79.84,Antigua and Barbuda,North America
atg,2048,79.97,Antigua and Barbuda,North America
atg,2049,80.1,Antigua and Barbuda,North America
atg,2050,80.22,Antigua and Barbuda,North America
atg,2051,80.35,Antigua and Barbuda,North America
atg,2052,80.48,Antigua and Barbuda,North America
atg,2053,80.6,Antigua and Barbuda,North America
atg,2054,80.73,Antigua and Barbuda,North America
atg,2055,80.85,Antigua and Barbuda,North America
atg,2056,80.98,Antigua and Barbuda,North America
atg,2057,81.1,Antigua and Barbuda,North America
atg,2058,81.23,Antigua and Barbuda,North America
atg,2059,81.35,Antigua and Barbuda,North America
atg,2060,81.48,Antigua and Barbuda,North America
atg,2061,81.6,Antigua and Barbuda,North America
atg,2062,81.72,Antigua and Barbuda,North America
atg,2063,81.85,Antigua and Barbuda,North America
atg,2064,81.97,Antigua and Barbuda,North America
atg,2065,82.09,Antigua and Barbuda,North America
atg,2066,82.22,Antigua and Barbuda,North America
atg,2067,82.34,Antigua and Barbuda,North America
atg,2068,82.46,Antigua and Barbuda,North America
atg,2069,82.58,Antigua and Barbuda,North America
atg,2070,82.7,Antigua and Barbuda,North America
atg,2071,82.82,Antigua and Barbuda,North America
atg,2072,82.94,Antigua and Barbuda,North America
atg,2073,83.05,Antigua and Barbuda,North America
atg,2074,83.17,Antigua and Barbuda,North America
atg,2075,83.28,Antigua and Barbuda,North America
atg,2076,83.4,Antigua and Barbuda,North America
atg,2077,83.51,Antigua and Barbuda,North America
atg,2078,83.62,Antigua and Barbuda,North America
atg,2079,83.73,Antigua and Barbuda,North America
atg,2080,83.84,Antigua and Barbuda,North America
atg,2081,83.95,Antigua and Barbuda,North America
atg,2082,84.06,Antigua and Barbuda,North America
atg,2083,84.16,Antigua and Barbuda,North America
atg,2084,84.27,Antigua and Barbuda,North America
atg,2085,84.37,Antigua and Barbuda,North America
atg,2086,84.48,Antigua and Barbuda,North America
atg,2087,84.58,Antigua and Barbuda,North America
atg,2088,84.68,Antigua and Barbuda,North America
atg,2089,84.78,Antigua and Barbuda,North America
atg,2090,84.88,Antigua and Barbuda,North America
atg,2091,84.98,Antigua and Barbuda,North America
atg,2092,85.08,Antigua and Barbuda,North America
atg,2093,85.18,Antigua and Barbuda,North America
atg,2094,85.28,Antigua and Barbuda,North America
atg,2095,85.38,Antigua and Barbuda,North America
atg,2096,85.47,Antigua and Barbuda,North America
atg,2097,85.57,Antigua and Barbuda,North America
atg,2098,85.67,Antigua and Barbuda,North America
atg,2099,85.77,Antigua and Barbuda,North America
atg,2100,85.86,Antigua and Barbuda,North America
arg,1800,33.2,Argentina,South America
arg,1801,33.2,Argentina,South America
arg,1802,33.2,Argentina,South America
arg,1803,33.2,Argentina,South America
arg,1804,33.2,Argentina,South America
arg,1805,33.2,Argentina,South America
arg,1806,33.2,Argentina,South America
arg,1807,33.2,Argentina,South America
arg,1808,33.2,Argentina,South America
arg,1809,33.2,Argentina,South America
arg,1810,33.2,Argentina,South America
arg,1811,33.2,Argentina,South America
arg,1812,33.2,Argentina,South America
arg,1813,33.2,Argentina,South America
arg,1814,33.2,Argentina,South America
arg,1815,33.2,Argentina,South America
arg,1816,33.2,Argentina,South America
arg,1817,33.2,Argentina,South America
arg,1818,33.2,Argentina,South America
arg,1819,33.2,Argentina,South America
arg,1820,33.2,Argentina,South America
arg,1821,33.2,Argentina,South America
arg,1822,33.2,Argentina,South America
arg,1823,33.2,Argentina,South America
arg,1824,33.2,Argentina,South America
arg,1825,33.2,Argentina,South America
arg,1826,33.2,Argentina,South America
arg,1827,33.2,Argentina,South America
arg,1828,33.2,Argentina,South America
arg,1829,33.2,Argentina,South America
arg,1830,33.2,Argentina,South America
arg,1831,33.2,Argentina,South America
arg,1832,33.2,Argentina,South America
arg,1833,33.2,Argentina,South America
arg,1834,33.2,Argentina,South America
arg,1835,33.2,Argentina,South America
arg,1836,33.2,Argentina,South America
arg,1837,33.2,Argentina,South America
arg,1838,33.2,Argentina,South America
arg,1839,33.2,Argentina,South America
arg,1840,33.2,Argentina,South America
arg,1841,33.2,Argentina,South America
arg,1842,33.2,Argentina,South America
arg,1843,33.2,Argentina,South America
arg,1844,33.2,Argentina,South America
arg,1845,33.2,Argentina,South America
arg,1846,33.2,Argentina,South America
arg,1847,33.2,Argentina,South America
arg,1848,33.2,Argentina,South America
arg,1849,33.2,Argentina,South America
arg,1850,33.2,Argentina,South America
arg,1851,33.2,Argentina,South America
arg,1852,33.2,Argentina,South America
arg,1853,33.2,Argentina,South America
arg,1854,33.2,Argentina,South America
arg,1855,33.2,Argentina,South America
arg,1856,33.2,Argentina,South America
arg,1857,33.2,Argentina,South America
arg,1858,33.2,Argentina,South America
arg,1859,33.2,Argentina,South America
arg,1860,33.2,Argentina,South America
arg,1861,33.2,Argentina,South America
arg,1862,33.2,Argentina,South America
arg,1863,33.2,Argentina,South America
arg,1864,33.2,Argentina,South America
arg,1865,33.2,Argentina,South America
arg,1866,33.2,Argentina,South America
arg,1867,33.2,Argentina,South America
arg,1868,33.2,Argentina,South America
arg,1869,33.2,Argentina,South America
arg,1870,33.2,Argentina,South America
arg,1871,33.21,Argentina,South America
arg,1872,33.23,Argentina,South America
arg,1873,33.24,Argentina,South America
arg,1874,33.25,Argentina,South America
arg,1875,33.26,Argentina,South America
arg,1876,33.26,Argentina,South America
arg,1877,33.25,Argentina,South America
arg,1878,33.24,Argentina,South America
arg,1879,33.23,Argentina,South America
arg,1880,33.23,Argentina,South America
arg,1881,33.14,Argentina,South America
arg,1882,33.05,Argentina,South America
arg,1883,32.96,Argentina,South America
arg,1884,32.87,Argentina,South America
arg,1885,32.79,Argentina,South America
arg,1886,33.08,Argentina,South America
arg,1887,33.38,Argentina,South America
arg,1888,33.67,Argentina,South America
arg,1889,33.96,Argentina,South America
arg,1890,34.26,Argentina,South America
arg,1891,34.13,Argentina,South America
arg,1892,34,Argentina,South America
arg,1893,33.88,Argentina,South America
arg,1894,33.75,Argentina,South America
arg,1895,33.62,Argentina,South America
arg,1896,34.34,Argentina,South America
arg,1897,35.06,Argentina,South America
arg,1898,35.78,Argentina,South America
arg,1899,36.5,Argentina,South America
arg,1900,37.22,Argentina,South America
arg,1901,37.82,Argentina,South America
arg,1902,38.42,Argentina,South America
arg,1903,39.03,Argentina,South America
arg,1904,39.63,Argentina,South America
arg,1905,40.23,Argentina,South America
arg,1906,41.02,Argentina,South America
arg,1907,41.8,Argentina,South America
arg,1908,42.59,Argentina,South America
arg,1909,43.38,Argentina,South America
arg,1910,44.17,Argentina,South America
arg,1911,44.73,Argentina,South America
arg,1912,45.3,Argentina,South America
arg,1913,45.86,Argentina,South America
arg,1914,46.43,Argentina,South America
arg,1915,46.99,Argentina,South America
arg,1916,47.83,Argentina,South America
arg,1917,48.66,Argentina,South America
arg,1918,42.53,Argentina,South America
arg,1919,50.33,Argentina,South America
arg,1920,51.16,Argentina,South America
arg,1921,51.67,Argentina,South America
arg,1922,52.18,Argentina,South America
arg,1923,52.69,Argentina,South America
arg,1924,53.2,Argentina,South America
arg,1925,53.71,Argentina,South America
arg,1926,54.07,Argentina,South America
arg,1927,54.44,Argentina,South America
arg,1928,54.81,Argentina,South America
arg,1929,55.18,Argentina,South America
arg,1930,55.55,Argentina,South America
arg,1931,55.57,Argentina,South America
arg,1932,55.59,Argentina,South America
arg,1933,55.61,Argentina,South America
arg,1934,55.63,Argentina,South America
arg,1935,55.65,Argentina,South America
arg,1936,56.65,Argentina,South America
arg,1937,57.66,Argentina,South America
arg,1938,58.67,Argentina,South America
arg,1939,59.67,Argentina,South America
arg,1940,60.68,Argentina,South America
arg,1941,61.3,Argentina,South America
arg,1942,61.92,Argentina,South America
arg,1943,62.54,Argentina,South America
arg,1944,63.16,Argentina,South America
arg,1945,63.78,Argentina,South America
arg,1946,63.68,Argentina,South America
arg,1947,63.59,Argentina,South America
arg,1948,63.49,Argentina,South America
arg,1949,63.39,Argentina,South America
arg,1950,63.3,Argentina,South America
arg,1951,63.54,Argentina,South America
arg,1952,64.19,Argentina,South America
arg,1953,64.12,Argentina,South America
arg,1954,64.71,Argentina,South America
arg,1955,64.51,Argentina,South America
arg,1956,65.18,Argentina,South America
arg,1957,65.15,Argentina,South America
arg,1958,65.4,Argentina,South America
arg,1959,65.4,Argentina,South America
arg,1960,65.26,Argentina,South America
arg,1961,65.74,Argentina,South America
arg,1962,65.75,Argentina,South America
arg,1963,65.75,Argentina,South America
arg,1964,65.82,Argentina,South America
arg,1965,66.13,Argentina,South America
arg,1966,66.58,Argentina,South America
arg,1967,66.55,Argentina,South America
arg,1968,65.99,Argentina,South America
arg,1969,65.93,Argentina,South America
arg,1970,66.13,Argentina,South America
arg,1971,66.89,Argentina,South America
arg,1972,67.33,Argentina,South America
arg,1973,67.73,Argentina,South America
arg,1974,67.91,Argentina,South America
arg,1975,68.03,Argentina,South America
arg,1976,66.99,Argentina,South America
arg,1977,67.69,Argentina,South America
arg,1978,69.04,Argentina,South America
arg,1979,69.84,Argentina,South America
arg,1980,70.23,Argentina,South America
arg,1981,70.32,Argentina,South America
arg,1982,70.92,Argentina,South America
arg,1983,70.71,Argentina,South America
arg,1984,70.82,Argentina,South America
arg,1985,71.73,Argentina,South America
arg,1986,71.95,Argentina,South America
arg,1987,72.06,Argentina,South America
arg,1988,72.13,Argentina,South America
arg,1989,72.34,Argentina,South America
arg,1990,72.47,Argentina,South America
arg,1991,72.69,Argentina,South America
arg,1992,72.75,Argentina,South America
arg,1993,73.03,Argentina,South America
arg,1994,73.36,Argentina,South America
arg,1995,73.44,Argentina,South America
arg,1996,73.49,Argentina,South America
arg,1997,73.6,Argentina,South America
arg,1998,73.65,Argentina,South America
arg,1999,73.79,Argentina,South America
arg,2000,74.22,Argentina,South America
arg,2001,74.33,Argentina,South America
arg,2002,74.28,Argentina,South America
arg,2003,74.43,Argentina,South America
arg,2004,74.92,Argentina,South America
arg,2005,75.28,Argentina,South America
arg,2006,75.41,Argentina,South America
arg,2007,75.32,Argentina,South America
arg,2008,75.68,Argentina,South America
arg,2009,75.85,Argentina,South America
arg,2010,75.94,Argentina,South America
arg,2011,76.04,Argentina,South America
arg,2012,76.17,Argentina,South America
arg,2013,76.27,Argentina,South America
arg,2014,76.47,Argentina,South America
arg,2015,76.5,Argentina,South America
arg,2016,76.24,Argentina,South America
arg,2017,76.28,Argentina,South America
arg,2018,76.48,Argentina,South America
arg,2019,76.58,Argentina,South America
arg,2020,74.61,Argentina,South America
arg,2021,76.87,Argentina,South America
arg,2022,77.01,Argentina,South America
arg,2023,77.16,Argentina,South America
arg,2024,77.3,Argentina,South America
arg,2025,77.45,Argentina,South America
arg,2026,77.6,Argentina,South America
arg,2027,77.75,Argentina,South America
arg,2028,77.9,Argentina,South America
arg,2029,78.04,Argentina,South America
arg,2030,78.19,Argentina,South America
arg,2031,78.34,Argentina,South America
arg,2032,78.49,Argentina,South America
arg,2033,78.64,Argentina,South America
arg,2034,78.78,Argentina,South America
arg,2035,78.93,Argentina,South America
arg,2036,79.08,Argentina,South America
arg,2037,79.23,Argentina,South America
arg,2038,79.37,Argentina,South America
arg,2039,79.52,Argentina,South America
arg,2040,79.67,Argentina,South America
arg,2041,79.82,Argentina,South America
arg,2042,79.96,Argentina,South America
arg,2043,80.11,Argentina,South America
arg,2044,80.26,Argentina,South America
arg,2045,80.41,Argentina,South America
arg,2046,80.56,Argentina,South America
arg,2047,80.7,Argentina,South America
arg,2048,80.85,Argentina,South America
arg,2049,81,Argentina,South America
arg,2050,81.15,Argentina,South America
arg,2051,81.29,Argentina,South America
arg,2052,81.44,Argentina,South America
arg,2053,81.59,Argentina,South America
arg,2054,81.73,Argentina,South America
arg,2055,81.87,Argentina,South America
arg,2056,82.02,Argentina,South America
arg,2057,82.16,Argentina,South America
arg,2058,82.3,Argentina,South America
arg,2059,82.44,Argentina,South America
arg,2060,82.58,Argentina,South America
arg,2061,82.71,Argentina,South America
arg,2062,82.85,Argentina,South America
arg,2063,82.98,Argentina,South America
arg,2064,83.11,Argentina,South America
arg,2065,83.24,Argentina,South America
arg,2066,83.36,Argentina,South America
arg,2067,83.49,Argentina,South America
arg,2068,83.61,Argentina,South America
arg,2069,83.74,Argentina,South America
arg,2070,83.86,Argentina,South America
arg,2071,83.98,Argentina,South America
arg,2072,84.1,Argentina,South America
arg,2073,84.22,Argentina,South America
arg,2074,84.34,Argentina,South America
arg,2075,84.45,Argentina,South America
arg,2076,84.57,Argentina,South America
arg,2077,84.68,Argentina,South America
arg,2078,84.8,Argentina,South America
arg,2079,84.91,Argentina,South America
arg,2080,85.02,Argentina,South America
arg,2081,85.14,Argentina,South America
arg,2082,85.25,Argentina,South America
arg,2083,85.36,Argentina,South America
arg,2084,85.47,Argentina,South America
arg,2085,85.58,Argentina,South America
arg,2086,85.69,Argentina,South America
arg,2087,85.8,Argentina,South America
arg,2088,85.91,Argentina,South America
arg,2089,86.02,Argentina,South America
arg,2090,86.13,Argentina,South America
arg,2091,86.23,Argentina,South America
arg,2092,86.34,Argentina,South America
arg,2093,86.45,Argentina,South America
arg,2094,86.55,Argentina,South America
arg,2095,86.66,Argentina,South America
arg,2096,86.77,Argentina,South America
arg,2097,86.87,Argentina,South America
arg,2098,86.98,Argentina,South America
arg,2099,87.08,Argentina,South America
arg,2100,87.19,Argentina,South America
arm,1800,34,Armenia,Asia
arm,1801,34,Armenia,Asia
arm,1802,34,Armenia,Asia
arm,1803,34,Armenia,Asia
arm,1804,34,Armenia,Asia
arm,1805,34,Armenia,Asia
arm,1806,34,Armenia,Asia
arm,1807,34,Armenia,Asia
arm,1808,34,Armenia,Asia
arm,1809,34,Armenia,Asia
arm,1810,34,Armenia,Asia
arm,1811,34,Armenia,Asia
arm,1812,34,Armenia,Asia
arm,1813,34,Armenia,Asia
arm,1814,34,Armenia,Asia
arm,1815,34,Armenia,Asia
arm,1816,34,Armenia,Asia
arm,1817,34,Armenia,Asia
arm,1818,34,Armenia,Asia
arm,1819,34,Armenia,Asia
arm,1820,34,Armenia,Asia
arm,1821,34,Armenia,Asia
arm,1822,34,Armenia,Asia
arm,1823,34,Armenia,Asia
arm,1824,34,Armenia,Asia
arm,1825,34,Armenia,Asia
arm,1826,34,Armenia,Asia
arm,1827,34,Armenia,Asia
arm,1828,34,Armenia,Asia
arm,1829,34,Armenia,Asia
arm,1830,34,Armenia,Asia
arm,1831,34,Armenia,Asia
arm,1832,34,Armenia,Asia
arm,1833,34,Armenia,Asia
arm,1834,34,Armenia,Asia
arm,1835,34,Armenia,Asia
arm,1836,34,Armenia,Asia
arm,1837,34,Armenia,Asia
arm,1838,34,Armenia,Asia
arm,1839,34,Armenia,Asia
arm,1840,34,Armenia,Asia
arm,1841,34,Armenia,Asia
arm,1842,34,Armenia,Asia
arm,1843,34,Armenia,Asia
arm,1844,34,Armenia,Asia
arm,1845,34,Armenia,Asia
arm,1846,34,Armenia,Asia
arm,1847,34,Armenia,Asia
arm,1848,34,Armenia,Asia
arm,1849,34,Armenia,Asia
arm,1850,34,Armenia,Asia
arm,1851,34,Armenia,Asia
arm,1852,34,Armenia,Asia
arm,1853,34,Armenia,Asia
arm,1854,34,Armenia,Asia
arm,1855,34,Armenia,Asia
arm,1856,34,Armenia,Asia
arm,1857,34,Armenia,Asia
arm,1858,34,Armenia,Asia
arm,1859,34,Armenia,Asia
arm,1860,34,Armenia,Asia
arm,1861,34,Armenia,Asia
arm,1862,34,Armenia,Asia
arm,1863,34,Armenia,Asia
arm,1864,33.47,Armenia,Asia
arm,1865,32.95,Armenia,Asia
arm,1866,32.42,Armenia,Asia
arm,1867,31.9,Armenia,Asia
arm,1868,31.38,Armenia,Asia
arm,1869,31.42,Armenia,Asia
arm,1870,31.46,Armenia,Asia
arm,1871,31.51,Armenia,Asia
arm,1872,31.55,Armenia,Asia
arm,1873,31.6,Armenia,Asia
arm,1874,31.8,Armenia,Asia
arm,1875,32,Armenia,Asia
arm,1876,32.2,Armenia,Asia
arm,1877,32.4,Armenia,Asia
arm,1878,32.6,Armenia,Asia
arm,1879,32.8,Armenia,Asia
arm,1880,33,Armenia,Asia
arm,1881,33.2,Armenia,Asia
arm,1882,33.4,Armenia,Asia
arm,1883,33.6,Armenia,Asia
arm,1884,33.8,Armenia,Asia
arm,1885,34,Armenia,Asia
arm,1886,34.2,Armenia,Asia
arm,1887,34.4,Armenia,Asia
arm,1888,34.6,Armenia,Asia
arm,1889,34.8,Armenia,Asia
arm,1890,35,Armenia,Asia
arm,1891,35.2,Armenia,Asia
arm,1892,35.4,Armenia,Asia
arm,1893,35.6,Armenia,Asia
arm,1894,35.8,Armenia,Asia
arm,1895,36,Armenia,Asia
arm,1896,36.2,Armenia,Asia
arm,1897,36.4,Armenia,Asia
arm,1898,36.23,Armenia,Asia
arm,1899,36.06,Armenia,Asia
arm,1900,35.9,Armenia,Asia
arm,1901,36.15,Armenia,Asia
arm,1902,36.4,Armenia,Asia
arm,1903,36.65,Armenia,Asia
arm,1904,36.9,Armenia,Asia
arm,1905,37.15,Armenia,Asia
arm,1906,37.4,Armenia,Asia
arm,1907,37.65,Armenia,Asia
arm,1908,37.9,Armenia,Asia
arm,1909,38.15,Armenia,Asia
arm,1910,38.4,Armenia,Asia
arm,1911,41.35,Armenia,Asia
arm,1912,41.78,Armenia,Asia
arm,1913,39.61,Armenia,Asia
arm,1914,39.2,Armenia,Asia
arm,1915,38.8,Armenia,Asia
arm,1916,38.8,Armenia,Asia
arm,1917,35.8,Armenia,Asia
arm,1918,27,Armenia,Asia
arm,1919,37,Armenia,Asia
arm,1920,28,Armenia,Asia
arm,1921,38,Armenia,Asia
arm,1922,39,Armenia,Asia
arm,1923,39.87,Armenia,Asia
arm,1924,42.37,Armenia,Asia
arm,1925,41.47,Armenia,Asia
arm,1926,44.67,Armenia,Asia
arm,1927,44,Armenia,Asia
arm,1928,45.51,Armenia,Asia
arm,1929,44.27,Armenia,Asia
arm,1930,43.58,Armenia,Asia
arm,1931,42,Armenia,Asia
arm,1932,39.5,Armenia,Asia
arm,1933,33,Armenia,Asia
arm,1934,45.95,Armenia,Asia
arm,1935,47.5,Armenia,Asia
arm,1936,49.17,Armenia,Asia
arm,1937,48.18,Armenia,Asia
arm,1938,49.87,Armenia,Asia
arm,1939,52.27,Armenia,Asia
arm,1940,49.8,Armenia,Asia
arm,1941,27.45,Armenia,Asia
arm,1942,23.52,Armenia,Asia
arm,1943,21.13,Armenia,Asia
arm,1944,27.54,Armenia,Asia
arm,1945,35.39,Armenia,Asia
arm,1946,49.62,Armenia,Asia
arm,1947,41.51,Armenia,Asia
arm,1948,47.03,Armenia,Asia
arm,1949,47.91,Armenia,Asia
arm,1950,48.23,Armenia,Asia
arm,1951,49.02,Armenia,Asia
arm,1952,50.04,Armenia,Asia
arm,1953,51.06,Armenia,Asia
arm,1954,52.14,Armenia,Asia
arm,1955,53.28,Armenia,Asia
arm,1956,54.5,Armenia,Asia
arm,1957,55.66,Armenia,Asia
arm,1958,56.55,Armenia,Asia
arm,1959,57.98,Armenia,Asia
arm,1960,59.22,Armenia,Asia
arm,1961,60.37,Armenia,Asia
arm,1962,61.36,Armenia,Asia
arm,1963,62.03,Armenia,Asia
arm,1964,62.86,Armenia,Asia
arm,1965,63.59,Armenia,Asia
arm,1966,64.2,Armenia,Asia
arm,1967,64.68,Armenia,Asia
arm,1968,65.07,Armenia,Asia
arm,1969,65.25,Armenia,Asia
arm,1970,65.86,Armenia,Asia
arm,1971,66.36,Armenia,Asia
arm,1972,66.78,Armenia,Asia
arm,1973,67.22,Armenia,Asia
arm,1974,67.9,Armenia,Asia
arm,1975,68.23,Armenia,Asia
arm,1976,68.96,Armenia,Asia
arm,1977,69.52,Armenia,Asia
arm,1978,69.66,Armenia,Asia
arm,1979,70.18,Armenia,Asia
arm,1980,70.2,Armenia,Asia
arm,1981,70.46,Armenia,Asia
arm,1982,70.76,Armenia,Asia
arm,1983,70.8,Armenia,Asia
arm,1984,71.09,Armenia,Asia
arm,1985,71.27,Armenia,Asia
arm,1986,71.66,Armenia,Asia
arm,1987,71.81,Armenia,Asia
arm,1988,55.29,Armenia,Asia
arm,1989,71.04,Armenia,Asia
arm,1990,70.58,Armenia,Asia
arm,1991,70.32,Armenia,Asia
arm,1992,69.37,Armenia,Asia
arm,1993,68.96,Armenia,Asia
arm,1994,69.47,Armenia,Asia
arm,1995,70.08,Armenia,Asia
arm,1996,70.42,Armenia,Asia
arm,1997,71.14,Armenia,Asia
arm,1998,71.6,Armenia,Asia
arm,1999,71.9,Armenia,Asia
arm,2000,72.38,Armenia,Asia
arm,2001,72.5,Armenia,Asia
arm,2002,72.71,Armenia,Asia
arm,2003,72.78,Armenia,Asia
arm,2004,72.99,Armenia,Asia
arm,2005,73.05,Armenia,Asia
arm,2006,73.1,Armenia,Asia
arm,2007,73.45,Armenia,Asia
arm,2008,73.46,Armenia,Asia
arm,2009,73.64,Armenia,Asia
arm,2010,73.91,Armenia,Asia
arm,2011,74.2,Armenia,Asia
arm,2012,74.57,Armenia,Asia
arm,2013,75.06,Armenia,Asia
arm,2014,75.19,Armenia,Asia
arm,2015,75.11,Armenia,Asia
arm,2016,75.26,Armenia,Asia
arm,2017,75.54,Armenia,Asia
arm,2018,75.63,Armenia,Asia
arm,2019,75.73,Armenia,Asia
arm,2020,73.99,Armenia,Asia
arm,2021,76.01,Armenia,Asia
arm,2022,76.14,Armenia,Asia
arm,2023,76.28,Armenia,Asia
arm,2024,76.41,Armenia,Asia
arm,2025,76.55,Armenia,Asia
arm,2026,76.69,Armenia,Asia
arm,2027,76.83,Armenia,Asia
arm,2028,76.97,Armenia,Asia
arm,2029,77.1,Armenia,Asia
arm,2030,77.24,Armenia,Asia
arm,2031,77.38,Armenia,Asia
arm,2032,77.52,Armenia,Asia
arm,2033,77.65,Armenia,Asia
arm,2034,77.79,Armenia,Asia
arm,2035,77.92,Armenia,Asia
arm,2036,78.06,Armenia,Asia
arm,2037,78.19,Armenia,Asia
arm,2038,78.32,Armenia,Asia
arm,2039,78.46,Armenia,Asia
arm,2040,78.59,Armenia,Asia
arm,2041,78.73,Armenia,Asia
arm,2042,78.86,Armenia,Asia
arm,2043,78.99,Armenia,Asia
arm,2044,79.13,Armenia,Asia
arm,2045,79.26,Armenia,Asia
arm,2046,79.39,Armenia,Asia
arm,2047,79.52,Armenia,Asia
arm,2048,79.66,Armenia,Asia
arm,2049,79.79,Armenia,Asia
arm,2050,79.92,Armenia,Asia
arm,2051,80.05,Armenia,Asia
arm,2052,80.19,Armenia,Asia
arm,2053,80.32,Armenia,Asia
arm,2054,80.46,Armenia,Asia
arm,2055,80.59,Armenia,Asia
arm,2056,80.73,Armenia,Asia
arm,2057,80.86,Armenia,Asia
arm,2058,81,Armenia,Asia
arm,2059,81.13,Armenia,Asia
arm,2060,81.27,Armenia,Asia
arm,2061,81.4,Armenia,Asia
arm,2062,81.54,Armenia,Asia
arm,2063,81.67,Armenia,Asia
arm,2064,81.81,Armenia,Asia
arm,2065,81.94,Armenia,Asia
arm,2066,82.07,Armenia,Asia
arm,2067,82.21,Armenia,Asia
arm,2068,82.34,Armenia,Asia
arm,2069,82.47,Armenia,Asia
arm,2070,82.6,Armenia,Asia
arm,2071,82.74,Armenia,Asia
arm,2072,82.87,Armenia,Asia
arm,2073,83,Armenia,Asia
arm,2074,83.13,Armenia,Asia
arm,2075,83.25,Armenia,Asia
arm,2076,83.38,Armenia,Asia
arm,2077,83.51,Armenia,Asia
arm,2078,83.63,Armenia,Asia
arm,2079,83.76,Armenia,Asia
arm,2080,83.88,Armenia,Asia
arm,2081,84,Armenia,Asia
arm,2082,84.13,Armenia,Asia
arm,2083,84.25,Armenia,Asia
arm,2084,84.37,Armenia,Asia
arm,2085,84.49,Armenia,Asia
arm,2086,84.61,Armenia,Asia
arm,2087,84.72,Armenia,Asia
arm,2088,84.84,Armenia,Asia
arm,2089,84.95,Armenia,Asia
arm,2090,85.07,Armenia,Asia
arm,2091,85.18,Armenia,Asia
arm,2092,85.29,Armenia,Asia
arm,2093,85.4,Armenia,Asia
arm,2094,85.51,Armenia,Asia
arm,2095,85.63,Armenia,Asia
arm,2096,85.74,Armenia,Asia
arm,2097,85.85,Armenia,Asia
arm,2098,85.96,Armenia,Asia
arm,2099,86.07,Armenia,Asia
arm,2100,86.18,Armenia,Asia
aus,1800,34.05,Australia,Oceania
aus,1801,34.05,Australia,Oceania
aus,1802,34.05,Australia,Oceania
aus,1803,34.05,Australia,Oceania
aus,1804,34.05,Australia,Oceania
aus,1805,34.05,Australia,Oceania
aus,1806,34.05,Australia,Oceania
aus,1807,34.05,Australia,Oceania
aus,1808,34.05,Australia,Oceania
aus,1809,34.05,Australia,Oceania
aus,1810,34.05,Australia,Oceania
aus,1811,34.05,Australia,Oceania
aus,1812,34.05,Australia,Oceania
aus,1813,34.05,Australia,Oceania
aus,1814,34.05,Australia,Oceania
aus,1815,34.05,Australia,Oceania
aus,1816,34.05,Australia,Oceania
aus,1817,34.05,Australia,Oceania
aus,1818,34.05,Australia,Oceania
aus,1819,34.05,Australia,Oceania
aus,1820,34.05,Australia,Oceania
aus,1821,34.05,Australia,Oceania
aus,1822,34.05,Australia,Oceania
aus,1823,34.05,Australia,Oceania
aus,1824,34.05,Australia,Oceania
aus,1825,34.05,Australia,Oceania
aus,1826,34.05,Australia,Oceania
aus,1827,34.05,Australia,Oceania
aus,1828,34.05,Australia,Oceania
aus,1829,34.05,Australia,Oceania
aus,1830,34.05,Australia,Oceania
aus,1831,34.05,Australia,Oceania
aus,1832,34.05,Australia,Oceania
aus,1833,34.05,Australia,Oceania
aus,1834,34.05,Australia,Oceania
aus,1835,34.05,Australia,Oceania
aus,1836,34.05,Australia,Oceania
aus,1837,34.05,Australia,Oceania
aus,1838,34.05,Australia,Oceania
aus,1839,34.05,Australia,Oceania
aus,1840,34.05,Australia,Oceania
aus,1841,34.05,Australia,Oceania
aus,1842,34.05,Australia,Oceania
aus,1843,34.05,Australia,Oceania
aus,1844,34.05,Australia,Oceania
aus,1845,34.05,Australia,Oceania
aus,1846,34.05,Australia,Oceania
aus,1847,34.05,Australia,Oceania
aus,1848,34.05,Australia,Oceania
aus,1849,34.05,Australia,Oceania
aus,1850,34.05,Australia,Oceania
aus,1851,34.05,Australia,Oceania
aus,1852,34.05,Australia,Oceania
aus,1853,34.05,Australia,Oceania
aus,1854,34.05,Australia,Oceania
aus,1855,34.05,Australia,Oceania
aus,1856,34.05,Australia,Oceania
aus,1857,34.05,Australia,Oceania
aus,1858,34.05,Australia,Oceania
aus,1859,34.05,Australia,Oceania
aus,1860,34.05,Australia,Oceania
aus,1861,34.05,Australia,Oceania
aus,1862,34.05,Australia,Oceania
aus,1863,34.05,Australia,Oceania
aus,1864,34.05,Australia,Oceania
aus,1865,34.05,Australia,Oceania
aus,1866,34.05,Australia,Oceania
aus,1867,34.05,Australia,Oceania
aus,1868,34.05,Australia,Oceania
aus,1869,34.05,Australia,Oceania
aus,1870,34.05,Australia,Oceania
aus,1871,34.58,Australia,Oceania
aus,1872,35.11,Australia,Oceania
aus,1873,35.64,Australia,Oceania
aus,1874,36.18,Australia,Oceania
aus,1875,36.71,Australia,Oceania
aus,1876,37.24,Australia,Oceania
aus,1877,37.77,Australia,Oceania
aus,1878,38.3,Australia,Oceania
aus,1879,38.84,Australia,Oceania
aus,1880,39.37,Australia,Oceania
aus,1881,39.9,Australia,Oceania
aus,1882,40.43,Australia,Oceania
aus,1883,40.97,Australia,Oceania
aus,1884,41.5,Australia,Oceania
aus,1885,42.03,Australia,Oceania
aus,1886,42.56,Australia,Oceania
aus,1887,43.1,Australia,Oceania
aus,1888,43.63,Australia,Oceania
aus,1889,44.16,Australia,Oceania
aus,1890,44.7,Australia,Oceania
aus,1891,45.23,Australia,Oceania
aus,1892,45.76,Australia,Oceania
aus,1893,46.3,Australia,Oceania
aus,1894,46.83,Australia,Oceania
aus,1895,47.36,Australia,Oceania
aus,1896,47.9,Australia,Oceania
aus,1897,48.43,Australia,Oceania
aus,1898,48.96,Australia,Oceania
aus,1899,49.5,Australia,Oceania
aus,1900,50.03,Australia,Oceania
aus,1901,50.56,Australia,Oceania
aus,1902,51.1,Australia,Oceania
aus,1903,51.63,Australia,Oceania
aus,1904,52.16,Australia,Oceania
aus,1905,52.7,Australia,Oceania
aus,1906,53.23,Australia,Oceania
aus,1907,53.77,Australia,Oceania
aus,1908,54.3,Australia,Oceania
aus,1909,54.84,Australia,Oceania
aus,1910,55.37,Australia,Oceania
aus,1911,55.9,Australia,Oceania
aus,1912,56.44,Australia,Oceania
aus,1913,56.97,Australia,Oceania
aus,1914,57.51,Australia,Oceania
aus,1915,58.04,Australia,Oceania
aus,1916,58.58,Australia,Oceania
aus,1917,59.11,Australia,Oceania
aus,1918,54.98,Australia,Oceania
aus,1919,60.18,Australia,Oceania
aus,1920,60.72,Australia,Oceania
aus,1921,61.25,Australia,Oceania
aus,1922,63.11,Australia,Oceania
aus,1923,61.95,Australia,Oceania
aus,1924,62.76,Australia,Oceania
aus,1925,63.46,Australia,Oceania
aus,1926,63.18,Australia,Oceania
aus,1927,63.16,Australia,Oceania
aus,1928,63.21,Australia,Oceania
aus,1929,63.41,Australia,Oceania
aus,1930,65.23,Australia,Oceania
aus,1931,65.66,Australia,Oceania
aus,1932,65.97,Australia,Oceania
aus,1933,65.8,Australia,Oceania
aus,1934,65.17,Australia,Oceania
aus,1935,65.44,Australia,Oceania
aus,1936,65.57,Australia,Oceania
aus,1937,66.13,Australia,Oceania
aus,1938,66.18,Australia,Oceania
aus,1939,66.13,Australia,Oceania
aus,1940,66.58,Australia,Oceania
aus,1941,66.46,Australia,Oceania
aus,1942,66.21,Australia,Oceania
aus,1943,66.73,Australia,Oceania
aus,1944,68.38,Australia,Oceania
aus,1945,68.81,Australia,Oceania
aus,1946,68.34,Australia,Oceania
aus,1947,68.95,Australia,Oceania
aus,1948,68.88,Australia,Oceania
aus,1949,69.51,Australia,Oceania
aus,1950,69.4,Australia,Oceania
aus,1951,69.22,Australia,Oceania
aus,1952,69.5,Australia,Oceania
aus,1953,69.92,Australia,Oceania
aus,1954,70.16,Australia,Oceania
aus,1955,70.34,Australia,Oceania
aus,1956,70.42,Australia,Oceania
aus,1957,70.62,Australia,Oceania
aus,1958,70.95,Australia,Oceania
aus,1959,70.86,Australia,Oceania
aus,1960,71.11,Australia,Oceania
aus,1961,71.29,Australia,Oceania
aus,1962,71.21,Australia,Oceania
aus,1963,71.18,Australia,Oceania
aus,1964,71.02,Australia,Oceania
aus,1965,71.1,Australia,Oceania
aus,1966,71.12,Australia,Oceania
aus,1967,71.1,Australia,Oceania
aus,1968,71.04,Australia,Oceania
aus,1969,71.15,Australia,Oceania
aus,1970,71.15,Australia,Oceania
aus,1971,71.44,Australia,Oceania
aus,1972,71.78,Australia,Oceania
aus,1973,71.93,Australia,Oceania
aus,1974,71.95,Australia,Oceania
aus,1975,72.51,Australia,Oceania
aus,1976,72.85,Australia,Oceania
aus,1977,73.28,Australia,Oceania
aus,1978,73.76,Australia,Oceania
aus,1979,74.22,Australia,Oceania
aus,1980,74.51,Australia,Oceania
aus,1981,74.8,Australia,Oceania
aus,1982,74.91,Australia,Oceania
aus,1983,75.32,Australia,Oceania
aus,1984,75.5,Australia,Oceania
aus,1985,75.59,Australia,Oceania
aus,1986,76.05,Australia,Oceania
aus,1987,76.22,Australia,Oceania
aus,1988,76.36,Australia,Oceania
aus,1989,76.46,Australia,Oceania
aus,1990,77,Australia,Oceania
aus,1991,77.43,Australia,Oceania
aus,1992,77.62,Australia,Oceania
aus,1993,77.93,Australia,Oceania
aus,1994,78.01,Australia,Oceania
aus,1995,78.29,Australia,Oceania
aus,1996,78.47,Australia,Oceania
aus,1997,78.77,Australia,Oceania
aus,1998,79.09,Australia,Oceania
aus,1999,79.4,Australia,Oceania
aus,2000,79.72,Australia,Oceania
aus,2001,80.06,Australia,Oceania
aus,2002,80.27,Australia,Oceania
aus,2003,80.59,Australia,Oceania
aus,2004,80.92,Australia,Oceania
aus,2005,81.24,Australia,Oceania
aus,2006,81.48,Australia,Oceania
aus,2007,81.55,Australia,Oceania
aus,2008,81.65,Australia,Oceania
aus,2009,81.87,Australia,Oceania
aus,2010,82.12,Australia,Oceania
aus,2011,82.28,Australia,Oceania
aus,2012,82.56,Australia,Oceania
aus,2013,82.71,Australia,Oceania
aus,2014,82.72,Australia,Oceania
aus,2015,82.73,Australia,Oceania
aus,2016,82.95,Australia,Oceania
aus,2017,83,Australia,Oceania
aus,2018,82.9,Australia,Oceania
aus,2019,82.89,Australia,Oceania
aus,2020,82.91,Australia,Oceania
aus,2021,83.19,Australia,Oceania
aus,2022,83.32,Australia,Oceania
aus,2023,83.46,Australia,Oceania
aus,2024,83.58,Australia,Oceania
aus,2025,83.71,Australia,Oceania
aus,2026,83.83,Australia,Oceania
aus,2027,83.95,Australia,Oceania
aus,2028,84.07,Australia,Oceania
aus,2029,84.19,Australia,Oceania
aus,2030,84.32,Australia,Oceania
aus,2031,84.44,Australia,Oceania
aus,2032,84.56,Australia,Oceania
aus,2033,84.68,Australia,Oceania
aus,2034,84.8,Australia,Oceania
aus,2035,84.92,Australia,Oceania
aus,2036,85.04,Australia,Oceania
aus,2037,85.15,Australia,Oceania
aus,2038,85.27,Australia,Oceania
aus,2039,85.39,Australia,Oceania
aus,2040,85.5,Australia,Oceania
aus,2041,85.62,Australia,Oceania
aus,2042,85.73,Australia,Oceania
aus,2043,85.85,Australia,Oceania
aus,2044,85.96,Australia,Oceania
aus,2045,86.08,Australia,Oceania
aus,2046,86.19,Australia,Oceania
aus,2047,86.3,Australia,Oceania
aus,2048,86.42,Australia,Oceania
aus,2049,86.53,Australia,Oceania
aus,2050,86.64,Australia,Oceania
aus,2051,86.76,Australia,Oceania
aus,2052,86.87,Australia,Oceania
aus,2053,86.98,Australia,Oceania
aus,2054,87.09,Australia,Oceania
aus,2055,87.21,Australia,Oceania
aus,2056,87.32,Australia,Oceania
aus,2057,87.43,Australia,Oceania
aus,2058,87.55,Australia,Oceania
aus,2059,87.66,Australia,Oceania
aus,2060,87.77,Australia,Oceania
aus,2061,87.88,Australia,Oceania
aus,2062,88,Australia,Oceania
aus,2063,88.11,Australia,Oceania
aus,2064,88.22,Australia,Oceania
aus,2065,88.34,Australia,Oceania
aus,2066,88.45,Australia,Oceania
aus,2067,88.57,Australia,Oceania
aus,2068,88.68,Australia,Oceania
aus,2069,88.79,Australia,Oceania
aus,2070,88.91,Australia,Oceania
aus,2071,89.02,Australia,Oceania
aus,2072,89.13,Australia,Oceania
aus,2073,89.24,Australia,Oceania
aus,2074,89.35,Australia,Oceania
aus,2075,89.47,Australia,Oceania
aus,2076,89.58,Australia,Oceania
aus,2077,89.69,Australia,Oceania
aus,2078,89.8,Australia,Oceania
aus,2079,89.91,Australia,Oceania
aus,2080,90.02,Australia,Oceania
aus,2081,90.13,Australia,Oceania
aus,2082,90.24,Australia,Oceania
aus,2083,90.35,Australia,Oceania
aus,2084,90.47,Australia,Oceania
aus,2085,90.58,Australia,Oceania
aus,2086,90.7,Australia,Oceania
aus,2087,90.81,Australia,Oceania
aus,2088,90.92,Australia,Oceania
aus,2089,91.03,Australia,Oceania
aus,2090,91.14,Australia,Oceania
aus,2091,91.25,Australia,Oceania
aus,2092,91.36,Australia,Oceania
aus,2093,91.47,Australia,Oceania
aus,2094,91.58,Australia,Oceania
aus,2095,91.69,Australia,Oceania
aus,2096,91.8,Australia,Oceania
aus,2097,91.91,Australia,Oceania
aus,2098,92.02,Australia,Oceania
aus,2099,92.13,Australia,Oceania
aus,2100,92.25,Australia,Oceania
aut,1800,34.4,Austria,Europe
aut,1801,34.4,Austria,Europe
aut,1802,34.4,Austria,Europe
aut,1803,34.4,Austria,Europe
aut,1804,34.4,Austria,Europe
aut,1805,34.4,Austria,Europe
aut,1806,34.4,Austria,Europe
aut,1807,34.4,Austria,Europe
aut,1808,34.4,Austria,Europe
aut,1809,34.4,Austria,Europe
aut,1810,34.4,Austria,Europe
aut,1811,34.4,Austria,Europe
aut,1812,34.4,Austria,Europe
aut,1813,34.4,Austria,Europe
aut,1814,34.4,Austria,Europe
aut,1815,34.4,Austria,Europe
aut,1816,34.4,Austria,Europe
aut,1817,34.4,Austria,Europe
aut,1818,34.4,Austria,Europe
aut,1819,34.4,Austria,Europe
aut,1820,34.4,Austria,Europe
aut,1821,34.4,Austria,Europe
aut,1822,34.4,Austria,Europe
aut,1823,34.4,Austria,Europe
aut,1824,34.4,Austria,Europe
aut,1825,34.4,Austria,Europe
aut,1826,34.4,Austria,Europe
aut,1827,34.4,Austria,Europe
aut,1828,34.4,Austria,Europe
aut,1829,34.4,Austria,Europe
aut,1830,34.4,Austria,Europe
aut,1831,34.4,Austria,Europe
aut,1832,34.4,Austria,Europe
aut,1833,34.4,Austria,Europe
aut,1834,34.4,Austria,Europe
aut,1835,34.4,Austria,Europe
aut,1836,34.4,Austria,Europe
aut,1837,34.4,Austria,Europe
aut,1838,34.4,Austria,Europe
aut,1839,34.4,Austria,Europe
aut,1840,34.4,Austria,Europe
aut,1841,34.4,Austria,Europe
aut,1842,34.4,Austria,Europe
aut,1843,34.4,Austria,Europe
aut,1844,34.4,Austria,Europe
aut,1845,34.4,Austria,Europe
aut,1846,34.4,Austria,Europe
aut,1847,34.4,Austria,Europe
aut,1848,34.4,Austria,Europe
aut,1849,34.4,Austria,Europe
aut,1850,34.4,Austria,Europe
aut,1851,34.4,Austria,Europe
aut,1852,34.4,Austria,Europe
aut,1853,34.4,Austria,Europe
aut,1854,34.4,Austria,Europe
aut,1855,34.4,Austria,Europe
aut,1856,34.4,Austria,Europe
aut,1857,34.4,Austria,Europe
aut,1858,34.4,Austria,Europe
aut,1859,34.4,Austria,Europe
aut,1860,34.4,Austria,Europe
aut,1861,34.4,Austria,Europe
aut,1862,34.4,Austria,Europe
aut,1863,34.4,Austria,Europe
aut,1864,34.4,Austria,Europe
aut,1865,34.4,Austria,Europe
aut,1866,34.4,Austria,Europe
aut,1867,34.4,Austria,Europe
aut,1868,34.4,Austria,Europe
aut,1869,34.4,Austria,Europe
aut,1870,34.4,Austria,Europe
aut,1871,34.45,Austria,Europe
aut,1872,34.51,Austria,Europe
aut,1873,34.56,Austria,Europe
aut,1874,34.62,Austria,Europe
aut,1875,34.67,Austria,Europe
aut,1876,34.72,Austria,Europe
aut,1877,34.78,Austria,Europe
aut,1878,34.83,Austria,Europe
aut,1879,34.89,Austria,Europe
aut,1880,34.94,Austria,Europe
aut,1881,34.99,Austria,Europe
aut,1882,35.22,Austria,Europe
aut,1883,35.45,Austria,Europe
aut,1884,35.68,Austria,Europe
aut,1885,35.91,Austria,Europe
aut,1886,36.14,Austria,Europe
aut,1887,36.37,Austria,Europe
aut,1888,36.6,Austria,Europe
aut,1889,36.83,Austria,Europe
aut,1890,37.06,Austria,Europe
aut,1891,37.29,Austria,Europe
aut,1892,37.76,Austria,Europe
aut,1893,38.23,Austria,Europe
aut,1894,38.7,Austria,Europe
aut,1895,39.16,Austria,Europe
aut,1896,39.63,Austria,Europe
aut,1897,40.1,Austria,Europe
aut,1898,40.57,Austria,Europe
aut,1899,41.04,Austria,Europe
aut,1900,41.51,Austria,Europe
aut,1901,41.98,Austria,Europe
aut,1902,41.03,Austria,Europe
aut,1903,40.08,Austria,Europe
aut,1904,40.7,Austria,Europe
aut,1905,41.33,Austria,Europe
aut,1906,41.95,Austria,Europe
aut,1907,42.58,Austria,Europe
aut,1908,43.2,Austria,Europe
aut,1909,43.82,Austria,Europe
aut,1910,44.45,Austria,Europe
aut,1911,45.07,Austria,Europe
aut,1912,45.64,Austria,Europe
aut,1913,46.2,Austria,Europe
aut,1914,46.77,Austria,Europe
aut,1915,47.34,Austria,Europe
aut,1916,47.9,Austria,Europe
aut,1917,48.47,Austria,Europe
aut,1918,32.41,Austria,Europe
aut,1919,49.6,Austria,Europe
aut,1920,50.17,Austria,Europe
aut,1921,50.74,Austria,Europe
aut,1922,51.3,Austria,Europe
aut,1923,51.87,Austria,Europe
aut,1924,52.44,Austria,Europe
aut,1925,53,Austria,Europe
aut,1926,53.57,Austria,Europe
aut,1927,54.13,Austria,Europe
aut,1928,54.7,Austria,Europe
aut,1929,55.27,Austria,Europe
aut,1930,55.83,Austria,Europe
aut,1931,56.4,Austria,Europe
aut,1932,56.7,Austria,Europe
aut,1933,57,Austria,Europe
aut,1934,57.31,Austria,Europe
aut,1935,57.61,Austria,Europe
aut,1936,57.91,Austria,Europe
aut,1937,58.21,Austria,Europe
aut,1938,58.52,Austria,Europe
aut,1939,58.04,Austria,Europe
aut,1940,57.74,Austria,Europe
aut,1941,56.44,Austria,Europe
aut,1942,54.04,Austria,Europe
aut,1943,50.14,Austria,Europe
aut,1944,39.06,Austria,Europe
aut,1945,31.36,Austria,Europe
aut,1946,55.93,Austria,Europe
aut,1947,61.24,Austria,Europe
aut,1948,63.16,Austria,Europe
aut,1949,63.35,Austria,Europe
aut,1950,64.8,Austria,Europe
aut,1951,65.48,Austria,Europe
aut,1952,66.68,Austria,Europe
aut,1953,67.23,Austria,Europe
aut,1954,67.32,Austria,Europe
aut,1955,67.68,Austria,Europe
aut,1956,67.78,Austria,Europe
aut,1957,67.79,Austria,Europe
aut,1958,68.38,Austria,Europe
aut,1959,68.54,Austria,Europe
aut,1960,68.96,Austria,Europe
aut,1961,69.58,Austria,Europe
aut,1962,69.65,Austria,Europe
aut,1963,69.78,Austria,Europe
aut,1964,70.04,Austria,Europe
aut,1965,70.09,Austria,Europe
aut,1966,70.22,Austria,Europe
aut,1967,70.23,Austria,Europe
aut,1968,70.27,Austria,Europe
aut,1969,70.16,Austria,Europe
aut,1970,70.21,Austria,Europe
aut,1971,70.38,Austria,Europe
aut,1972,70.66,Austria,Europe
aut,1973,71.09,Austria,Europe
aut,1974,71.21,Austria,Europe
aut,1975,71.44,Austria,Europe
aut,1976,71.85,Austria,Europe
aut,1977,72.15,Austria,Europe
aut,1978,72.37,Austria,Europe
aut,1979,72.62,Austria,Europe
aut,1980,72.84,Austria,Europe
aut,1981,73.1,Austria,Europe
aut,1982,73.27,Austria,Europe
aut,1983,73.49,Austria,Europe
aut,1984,73.87,Austria,Europe
aut,1985,74.26,Austria,Europe
aut,1986,74.69,Austria,Europe
aut,1987,75.12,Austria,Europe
aut,1988,75.52,Austria,Europe
aut,1989,75.7,Austria,Europe
aut,1990,75.97,Austria,Europe
aut,1991,76.09,Austria,Europe
aut,1992,76.26,Austria,Europe
aut,1993,76.46,Austria,Europe
aut,1994,76.74,Austria,Europe
aut,1995,77.03,Austria,Europe
aut,1996,77.28,Austria,Europe
aut,1997,77.65,Austria,Europe
aut,1998,77.91,Austria,Europe
aut,1999,78.17,Austria,Europe
aut,2000,78.49,Austria,Europe
aut,2001,78.86,Austria,Europe
aut,2002,79.02,Austria,Europe
aut,2003,79.14,Austria,Europe
aut,2004,79.49,Austria,Europe
aut,2005,79.75,Austria,Europe
aut,2006,80.11,Austria,Europe
aut,2007,80.29,Austria,Europe
aut,2008,80.5,Austria,Europe
aut,2009,80.55,Austria,Europe
aut,2010,80.79,Austria,Europe
aut,2011,81,Austria,Europe
aut,2012,81.15,Austria,Europe
aut,2013,81.33,Austria,Europe
aut,2014,81.51,Austria,Europe
aut,2015,81.57,Austria,Europe
aut,2016,81.78,Austria,Europe
aut,2017,82,Austria,Europe
aut,2018,82.12,Austria,Europe
aut,2019,82.16,Austria,Europe
aut,2020,81.47,Austria,Europe
aut,2021,82.44,Austria,Europe
aut,2022,82.59,Austria,Europe
aut,2023,82.75,Austria,Europe
aut,2024,82.91,Austria,Europe
aut,2025,83.07,Austria,Europe
aut,2026,83.24,Austria,Europe
aut,2027,83.4,Austria,Europe
aut,2028,83.57,Austria,Europe
aut,2029,83.74,Austria,Europe
aut,2030,83.9,Austria,Europe
aut,2031,84.06,Austria,Europe
aut,2032,84.22,Austria,Europe
aut,2033,84.37,Austria,Europe
aut,2034,84.51,Austria,Europe
aut,2035,84.65,Austria,Europe
aut,2036,84.78,Austria,Europe
aut,2037,84.9,Austria,Europe
aut,2038,85.03,Austria,Europe
aut,2039,85.15,Austria,Europe
aut,2040,85.27,Austria,Europe
aut,2041,85.39,Austria,Europe
aut,2042,85.51,Austria,Europe
aut,2043,85.63,Austria,Europe
aut,2044,85.75,Austria,Europe
aut,2045,85.87,Austria,Europe
aut,2046,85.99,Austria,Europe
aut,2047,86.11,Austria,Europe
aut,2048,86.22,Austria,Europe
aut,2049,86.34,Austria,Europe
aut,2050,86.45,Austria,Europe
aut,2051,86.57,Austria,Europe
aut,2052,86.68,Austria,Europe
aut,2053,86.8,Austria,Europe
aut,2054,86.91,Austria,Europe
aut,2055,87.02,Austria,Europe
aut,2056,87.13,Austria,Europe
aut,2057,87.25,Austria,Europe
aut,2058,87.36,Austria,Europe
aut,2059,87.47,Austria,Europe
aut,2060,87.58,Austria,Europe
aut,2061,87.69,Austria,Europe
aut,2062,87.81,Austria,Europe
aut,2063,87.92,Austria,Europe
aut,2064,88.03,Austria,Europe
aut,2065,88.14,Austria,Europe
aut,2066,88.25,Austria,Europe
aut,2067,88.37,Austria,Europe
aut,2068,88.48,Austria,Europe
aut,2069,88.59,Austria,Europe
aut,2070,88.7,Austria,Europe
aut,2071,88.81,Austria,Europe
aut,2072,88.92,Austria,Europe
aut,2073,89.03,Austria,Europe
aut,2074,89.14,Austria,Europe
aut,2075,89.25,Austria,Europe
aut,2076,89.36,Austria,Europe
aut,2077,89.47,Austria,Europe
aut,2078,89.58,Austria,Europe
aut,2079,89.69,Austria,Europe
aut,2080,89.8,Austria,Europe
aut,2081,89.91,Austria,Europe
aut,2082,90.02,Austria,Europe
aut,2083,90.13,Austria,Europe
aut,2084,90.24,Austria,Europe
aut,2085,90.35,Austria,Europe
aut,2086,90.46,Austria,Europe
aut,2087,90.57,Austria,Europe
aut,2088,90.68,Austria,Europe
aut,2089,90.79,Austria,Europe
aut,2090,90.9,Austria,Europe
aut,2091,91.01,Austria,Europe
aut,2092,91.12,Austria,Europe
aut,2093,91.23,Austria,Europe
aut,2094,91.34,Austria,Europe
aut,2095,91.45,Austria,Europe
aut,2096,91.56,Austria,Europe
aut,2097,91.67,Austria,Europe
aut,2098,91.78,Austria,Europe
aut,2099,91.89,Austria,Europe
aut,2100,92,Austria,Europe
aze,1800,29.17,Azerbaijan,Asia
aze,1801,29.17,Azerbaijan,Asia
aze,1802,29.17,Azerbaijan,Asia
aze,1803,29.17,Azerbaijan,Asia
aze,1804,29.17,Azerbaijan,Asia
aze,1805,29.17,Azerbaijan,Asia
aze,1806,29.17,Azerbaijan,Asia
aze,1807,29.17,Azerbaijan,Asia
aze,1808,29.17,Azerbaijan,Asia
aze,1809,29.17,Azerbaijan,Asia
aze,1810,29.17,Azerbaijan,Asia
aze,1811,29.17,Azerbaijan,Asia
aze,1812,29.17,Azerbaijan,Asia
aze,1813,29.17,Azerbaijan,Asia
aze,1814,29.17,Azerbaijan,Asia
aze,1815,29.17,Azerbaijan,Asia
aze,1816,29.17,Azerbaijan,Asia
aze,1817,29.17,Azerbaijan,Asia
aze,1818,29.17,Azerbaijan,Asia
aze,1819,29.17,Azerbaijan,Asia
aze,1820,29.17,Azerbaijan,Asia
aze,1821,29.17,Azerbaijan,Asia
aze,1822,29.17,Azerbaijan,Asia
aze,1823,29.17,Azerbaijan,Asia
aze,1824,29.17,Azerbaijan,Asia
aze,1825,29.17,Azerbaijan,Asia
aze,1826,29.17,Azerbaijan,Asia
aze,1827,29.17,Azerbaijan,Asia
aze,1828,29.17,Azerbaijan,Asia
aze,1829,29.17,Azerbaijan,Asia
aze,1830,29.17,Azerbaijan,Asia
aze,1831,29.17,Azerbaijan,Asia
aze,1832,29.17,Azerbaijan,Asia
aze,1833,29.17,Azerbaijan,Asia
aze,1834,29.17,Azerbaijan,Asia
aze,1835,29.17,Azerbaijan,Asia
aze,1836,29.17,Azerbaijan,Asia
aze,1837,29.17,Azerbaijan,Asia
aze,1838,29.17,Azerbaijan,Asia
aze,1839,29.17,Azerbaijan,Asia
aze,1840,29.17,Azerbaijan,Asia
aze,1841,29.17,Azerbaijan,Asia
aze,1842,29.17,Azerbaijan,Asia
aze,1843,29.17,Azerbaijan,Asia
aze,1844,29.17,Azerbaijan,Asia
aze,1845,29.17,Azerbaijan,Asia
aze,1846,29.17,Azerbaijan,Asia
aze,1847,29.17,Azerbaijan,Asia
aze,1848,29.17,Azerbaijan,Asia
aze,1849,29.17,Azerbaijan,Asia
aze,1850,29.17,Azerbaijan,Asia
aze,1851,29.17,Azerbaijan,Asia
aze,1852,29.17,Azerbaijan,Asia
aze,1853,29.17,Azerbaijan,Asia
aze,1854,29.17,Azerbaijan,Asia
aze,1855,29.17,Azerbaijan,Asia
aze,1856,29.17,Azerbaijan,Asia
aze,1857,29.17,Azerbaijan,Asia
aze,1858,29.17,Azerbaijan,Asia
aze,1859,29.17,Azerbaijan,Asia
aze,1860,29.17,Azerbaijan,Asia
aze,1861,29.17,Azerbaijan,Asia
aze,1862,29.17,Azerbaijan,Asia
aze,1863,29.17,Azerbaijan,Asia
aze,1864,28.64,Azerbaijan,Asia
aze,1865,28.12,Azerbaijan,Asia
aze,1866,27.59,Azerbaijan,Asia
aze,1867,27.07,Azerbaijan,Asia
aze,1868,26.55,Azerbaijan,Asia
aze,1869,26.59,Azerbaijan,Asia
aze,1870,26.63,Azerbaijan,Asia
aze,1871,26.56,Azerbaijan,Asia
aze,1872,26.49,Azerbaijan,Asia
aze,1873,26.43,Azerbaijan,Asia
aze,1874,26.51,Azerbaijan,Asia
aze,1875,26.59,Azerbaijan,Asia
aze,1876,26.67,Azerbaijan,Asia
aze,1877,26.75,Azerbaijan,Asia
aze,1878,26.82,Azerbaijan,Asia
aze,1879,26.9,Azerbaijan,Asia
aze,1880,26.97,Azerbaijan,Asia
aze,1881,27.04,Azerbaijan,Asia
aze,1882,27.11,Azerbaijan,Asia
aze,1883,27.18,Azerbaijan,Asia
aze,1884,27.25,Azerbaijan,Asia
aze,1885,27.31,Azerbaijan,Asia
aze,1886,27.38,Azerbaijan,Asia
aze,1887,27.44,Azerbaijan,Asia
aze,1888,27.5,Azerbaijan,Asia
aze,1889,27.56,Azerbaijan,Asia
aze,1890,27.61,Azerbaijan,Asia
aze,1891,27.67,Azerbaijan,Asia
aze,1892,27.72,Azerbaijan,Asia
aze,1893,27.77,Azerbaijan,Asia
aze,1894,27.82,Azerbaijan,Asia
aze,1895,27.87,Azerbaijan,Asia
aze,1896,27.91,Azerbaijan,Asia
aze,1897,27.96,Azerbaijan,Asia
aze,1898,27.68,Azerbaijan,Asia
aze,1899,27.4,Azerbaijan,Asia
aze,1900,27.12,Azerbaijan,Asia
aze,1901,27.21,Azerbaijan,Asia
aze,1902,27.29,Azerbaijan,Asia
aze,1903,27.37,Azerbaijan,Asia
aze,1904,27.45,Azerbaijan,Asia
aze,1905,27.53,Azerbaijan,Asia
aze,1906,27.6,Azerbaijan,Asia
aze,1907,27.68,Azerbaijan,Asia
aze,1908,27.75,Azerbaijan,Asia
aze,1909,27.82,Azerbaijan,Asia
aze,1910,27.88,Azerbaijan,Asia
aze,1911,30.19,Azerbaijan,Asia
aze,1912,30.38,Azerbaijan,Asia
aze,1913,28.45,Azerbaijan,Asia
aze,1914,27.97,Azerbaijan,Asia
aze,1915,27.5,Azerbaijan,Asia
aze,1916,27.35,Azerbaijan,Asia
aze,1917,24.81,Azerbaijan,Asia
aze,1918,17.53,Azerbaijan,Asia
aze,1919,25.36,Azerbaijan,Asia
aze,1920,23.65,Azerbaijan,Asia
aze,1921,25.88,Azerbaijan,Asia
aze,1922,26.52,Azerbaijan,Asia
aze,1923,27.18,Azerbaijan,Asia
aze,1924,28.96,Azerbaijan,Asia
aze,1925,28.11,Azerbaijan,Asia
aze,1926,30.39,Azerbaijan,Asia
aze,1927,29.72,Azerbaijan,Asia
aze,1928,30.69,Azerbaijan,Asia
aze,1929,29.59,Azerbaijan,Asia
aze,1930,28.91,Azerbaijan,Asia
aze,1931,27.45,Azerbaijan,Asia
aze,1932,25.45,Azerbaijan,Asia
aze,1933,19.8,Azerbaijan,Asia
aze,1934,29.98,Azerbaijan,Asia
aze,1935,30.93,Azerbaijan,Asia
aze,1936,31.96,Azerbaijan,Asia
aze,1937,31.06,Azerbaijan,Asia
aze,1938,32.07,Azerbaijan,Asia
aze,1939,33.58,Azerbaijan,Asia
aze,1940,31.64,Azerbaijan,Asia
aze,1941,21.19,Azerbaijan,Asia
aze,1942,18.63,Azerbaijan,Asia
aze,1943,17.14,Azerbaijan,Asia
aze,1944,21.98,Azerbaijan,Asia
aze,1945,28.67,Azerbaijan,Asia
aze,1946,35.25,Azerbaijan,Asia
aze,1947,29.64,Azerbaijan,Asia
aze,1948,34.86,Azerbaijan,Asia
aze,1949,36.5,Azerbaijan,Asia
aze,1950,37.79,Azerbaijan,Asia
aze,1951,38.37,Azerbaijan,Asia
aze,1952,39.35,Azerbaijan,Asia
aze,1953,40.27,Azerbaijan,Asia
aze,1954,41.12,Azerbaijan,Asia
aze,1955,42.22,Azerbaijan,Asia
aze,1956,43.46,Azerbaijan,Asia
aze,1957,44.46,Azerbaijan,Asia
aze,1958,45.26,Azerbaijan,Asia
aze,1959,46.93,Azerbaijan,Asia
aze,1960,48.6,Azerbaijan,Asia
aze,1961,50.16,Azerbaijan,Asia
aze,1962,51.7,Azerbaijan,Asia
aze,1963,53.1,Azerbaijan,Asia
aze,1964,54.41,Azerbaijan,Asia
aze,1965,55.57,Azerbaijan,Asia
aze,1966,56.59,Azerbaijan,Asia
aze,1967,57.48,Azerbaijan,Asia
aze,1968,58.19,Azerbaijan,Asia
aze,1969,58.38,Azerbaijan,Asia
aze,1970,59.88,Azerbaijan,Asia
aze,1971,61,Azerbaijan,Asia
aze,1972,61.92,Azerbaijan,Asia
aze,1973,62.84,Azerbaijan,Asia
aze,1974,63.67,Azerbaijan,Asia
aze,1975,64.32,Azerbaijan,Asia
aze,1976,65.24,Azerbaijan,Asia
aze,1977,65.25,Azerbaijan,Asia
aze,1978,64.81,Azerbaijan,Asia
aze,1979,65.59,Azerbaijan,Asia
aze,1980,66.24,Azerbaijan,Asia
aze,1981,66.27,Azerbaijan,Asia
aze,1982,66.64,Azerbaijan,Asia
aze,1983,66.8,Azerbaijan,Asia
aze,1984,66.75,Azerbaijan,Asia
aze,1985,66.93,Azerbaijan,Asia
aze,1986,66.87,Azerbaijan,Asia
aze,1987,66.77,Azerbaijan,Asia
aze,1988,66.75,Azerbaijan,Asia
aze,1989,67,Azerbaijan,Asia
aze,1990,66.87,Azerbaijan,Asia
aze,1991,66.33,Azerbaijan,Asia
aze,1992,64.5,Azerbaijan,Asia
aze,1993,64.27,Azerbaijan,Asia
aze,1994,63.8,Azerbaijan,Asia
aze,1995,64.69,Azerbaijan,Asia
aze,1996,65.32,Azerbaijan,Asia
aze,1997,65.71,Azerbaijan,Asia
aze,1998,65.98,Azerbaijan,Asia
aze,1999,66.24,Azerbaijan,Asia
aze,2000,66.55,Azerbaijan,Asia
aze,2001,67.06,Azerbaijan,Asia
aze,2002,67.18,Azerbaijan,Asia
aze,2003,67.11,Azerbaijan,Asia
aze,2004,67.21,Azerbaijan,Asia
aze,2005,67.31,Azerbaijan,Asia
aze,2006,67.74,Azerbaijan,Asia
aze,2007,68.23,Azerbaijan,Asia
aze,2008,68.46,Azerbaijan,Asia
aze,2009,68.76,Azerbaijan,Asia
aze,2010,68.98,Azerbaijan,Asia
aze,2011,69.24,Azerbaijan,Asia
aze,2012,69.5,Azerbaijan,Asia
aze,2013,69.74,Azerbaijan,Asia
aze,2014,69.93,Azerbaijan,Asia
aze,2015,70.15,Azerbaijan,Asia
aze,2016,70.3,Azerbaijan,Asia
aze,2017,70.43,Azerbaijan,Asia
aze,2018,70.77,Azerbaijan,Asia
aze,2019,71,Azerbaijan,Asia
aze,2020,70.37,Azerbaijan,Asia
aze,2021,71.21,Azerbaijan,Asia
aze,2022,71.3,Azerbaijan,Asia
aze,2023,71.39,Azerbaijan,Asia
aze,2024,71.48,Azerbaijan,Asia
aze,2025,71.57,Azerbaijan,Asia
aze,2026,71.68,Azerbaijan,Asia
aze,2027,71.78,Azerbaijan,Asia
aze,2028,71.89,Azerbaijan,Asia
aze,2029,72,Azerbaijan,Asia
aze,2030,72.11,Azerbaijan,Asia
aze,2031,72.21,Azerbaijan,Asia
aze,2032,72.32,Azerbaijan,Asia
aze,2033,72.43,Azerbaijan,Asia
aze,2034,72.55,Azerbaijan,Asia
aze,2035,72.66,Azerbaijan,Asia
aze,2036,72.77,Azerbaijan,Asia
aze,2037,72.89,Azerbaijan,Asia
aze,2038,73,Azerbaijan,Asia
aze,2039,73.12,Azerbaijan,Asia
aze,2040,73.23,Azerbaijan,Asia
aze,2041,73.35,Azerbaijan,Asia
aze,2042,73.46,Azerbaijan,Asia
aze,2043,73.58,Azerbaijan,Asia
aze,2044,73.69,Azerbaijan,Asia
aze,2045,73.81,Azerbaijan,Asia
aze,2046,73.92,Azerbaijan,Asia
aze,2047,74.04,Azerbaijan,Asia
aze,2048,74.16,Azerbaijan,Asia
aze,2049,74.27,Azerbaijan,Asia
aze,2050,74.39,Azerbaijan,Asia
aze,2051,74.51,Azerbaijan,Asia
aze,2052,74.62,Azerbaijan,Asia
aze,2053,74.74,Azerbaijan,Asia
aze,2054,74.86,Azerbaijan,Asia
aze,2055,74.98,Azerbaijan,Asia
aze,2056,75.1,Azerbaijan,Asia
aze,2057,75.22,Azerbaijan,Asia
aze,2058,75.34,Azerbaijan,Asia
aze,2059,75.46,Azerbaijan,Asia
aze,2060,75.58,Azerbaijan,Asia
aze,2061,75.7,Azerbaijan,Asia
aze,2062,75.82,Azerbaijan,Asia
aze,2063,75.94,Azerbaijan,Asia
aze,2064,76.07,Azerbaijan,Asia
aze,2065,76.19,Azerbaijan,Asia
aze,2066,76.32,Azerbaijan,Asia
aze,2067,76.44,Azerbaijan,Asia
aze,2068,76.57,Azerbaijan,Asia
aze,2069,76.69,Azerbaijan,Asia
aze,2070,76.82,Azerbaijan,Asia
aze,2071,76.94,Azerbaijan,Asia
aze,2072,77.07,Azerbaijan,Asia
aze,2073,77.2,Azerbaijan,Asia
aze,2074,77.33,Azerbaijan,Asia
aze,2075,77.45,Azerbaijan,Asia
aze,2076,77.58,Azerbaijan,Asia
aze,2077,77.71,Azerbaijan,Asia
aze,2078,77.85,Azerbaijan,Asia
aze,2079,77.98,Azerbaijan,Asia
aze,2080,78.11,Azerbaijan,Asia
aze,2081,78.25,Azerbaijan,Asia
aze,2082,78.38,Azerbaijan,Asia
aze,2083,78.52,Azerbaijan,Asia
aze,2084,78.66,Azerbaijan,Asia
aze,2085,78.79,Azerbaijan,Asia
aze,2086,78.93,Azerbaijan,Asia
aze,2087,79.06,Azerbaijan,Asia
aze,2088,79.2,Azerbaijan,Asia
aze,2089,79.33,Azerbaijan,Asia
aze,2090,79.47,Azerbaijan,Asia
aze,2091,79.6,Azerbaijan,Asia
aze,2092,79.74,Azerbaijan,Asia
aze,2093,79.87,Azerbaijan,Asia
aze,2094,80,Azerbaijan,Asia
aze,2095,80.14,Azerbaijan,Asia
aze,2096,80.27,Azerbaijan,Asia
aze,2097,80.4,Azerbaijan,Asia
aze,2098,80.53,Azerbaijan,Asia
aze,2099,80.66,Azerbaijan,Asia
aze,2100,80.79,Azerbaijan,Asia
bhs,1800,35.18,Bahamas,North America
bhs,1801,35.18,Bahamas,North America
bhs,1802,35.18,Bahamas,North America
bhs,1803,35.18,Bahamas,North America
bhs,1804,35.18,Bahamas,North America
bhs,1805,35.18,Bahamas,North America
bhs,1806,35.18,Bahamas,North America
bhs,1807,35.18,Bahamas,North America
bhs,1808,35.18,Bahamas,North America
bhs,1809,35.18,Bahamas,North America
bhs,1810,35.18,Bahamas,North America
bhs,1811,35.18,Bahamas,North America
bhs,1812,35.18,Bahamas,North America
bhs,1813,35.18,Bahamas,North America
bhs,1814,35.18,Bahamas,North America
bhs,1815,35.18,Bahamas,North America
bhs,1816,35.18,Bahamas,North America
bhs,1817,35.18,Bahamas,North America
bhs,1818,35.18,Bahamas,North America
bhs,1819,35.18,Bahamas,North America
bhs,1820,35.18,Bahamas,North America
bhs,1821,35.18,Bahamas,North America
bhs,1822,35.18,Bahamas,North America
bhs,1823,35.18,Bahamas,North America
bhs,1824,35.18,Bahamas,North America
bhs,1825,35.18,Bahamas,North America
bhs,1826,35.18,Bahamas,North America
bhs,1827,35.18,Bahamas,North America
bhs,1828,35.18,Bahamas,North America
bhs,1829,35.18,Bahamas,North America
bhs,1830,35.18,Bahamas,North America
bhs,1831,35.18,Bahamas,North America
bhs,1832,35.18,Bahamas,North America
bhs,1833,35.18,Bahamas,North America
bhs,1834,35.18,Bahamas,North America
bhs,1835,35.18,Bahamas,North America
bhs,1836,35.18,Bahamas,North America
bhs,1837,35.18,Bahamas,North America
bhs,1838,35.18,Bahamas,North America
bhs,1839,35.18,Bahamas,North America
bhs,1840,35.18,Bahamas,North America
bhs,1841,35.18,Bahamas,North America
bhs,1842,35.18,Bahamas,North America
bhs,1843,35.18,Bahamas,North America
bhs,1844,35.18,Bahamas,North America
bhs,1845,35.18,Bahamas,North America
bhs,1846,35.18,Bahamas,North America
bhs,1847,35.18,Bahamas,North America
bhs,1848,35.18,Bahamas,North America
bhs,1849,35.18,Bahamas,North America
bhs,1850,35.18,Bahamas,North America
bhs,1851,35.18,Bahamas,North America
bhs,1852,35.18,Bahamas,North America
bhs,1853,35.18,Bahamas,North America
bhs,1854,35.18,Bahamas,North America
bhs,1855,35.18,Bahamas,North America
bhs,1856,35.18,Bahamas,North America
bhs,1857,35.18,Bahamas,North America
bhs,1858,35.18,Bahamas,North America
bhs,1859,35.18,Bahamas,North America
bhs,1860,35.18,Bahamas,North America
bhs,1861,35.18,Bahamas,North America
bhs,1862,35.18,Bahamas,North America
bhs,1863,35.18,Bahamas,North America
bhs,1864,35.18,Bahamas,North America
bhs,1865,35.18,Bahamas,North America
bhs,1866,35.18,Bahamas,North America
bhs,1867,35.18,Bahamas,North America
bhs,1868,35.18,Bahamas,North America
bhs,1869,35.18,Bahamas,North America
bhs,1870,35.18,Bahamas,North America
bhs,1871,35.17,Bahamas,North America
bhs,1872,35.16,Bahamas,North America
bhs,1873,35.15,Bahamas,North America
bhs,1874,35.15,Bahamas,North America
bhs,1875,35.14,Bahamas,North America
bhs,1876,35.13,Bahamas,North America
bhs,1877,35.12,Bahamas,North America
bhs,1878,35.11,Bahamas,North America
bhs,1879,35.1,Bahamas,North America
bhs,1880,35.1,Bahamas,North America
bhs,1881,35.09,Bahamas,North America
bhs,1882,35.08,Bahamas,North America
bhs,1883,35.07,Bahamas,North America
bhs,1884,35.06,Bahamas,North America
bhs,1885,35.05,Bahamas,North America
bhs,1886,35.04,Bahamas,North America
bhs,1887,35.04,Bahamas,North America
bhs,1888,35.03,Bahamas,North America
bhs,1889,35.02,Bahamas,North America
bhs,1890,35.01,Bahamas,North America
bhs,1891,35,Bahamas,North America
bhs,1892,34.99,Bahamas,North America
bhs,1893,34.99,Bahamas,North America
bhs,1894,34.98,Bahamas,North America
bhs,1895,34.97,Bahamas,North America
bhs,1896,34.96,Bahamas,North America
bhs,1897,34.95,Bahamas,North America
bhs,1898,34.94,Bahamas,North America
bhs,1899,34.94,Bahamas,North America
bhs,1900,34.93,Bahamas,North America
bhs,1901,34.92,Bahamas,North America
bhs,1902,34.91,Bahamas,North America
bhs,1903,34.9,Bahamas,North America
bhs,1904,34.89,Bahamas,North America
bhs,1905,34.89,Bahamas,North America
bhs,1906,34.88,Bahamas,North America
bhs,1907,34.87,Bahamas,North America
bhs,1908,34.86,Bahamas,North America
bhs,1909,34.85,Bahamas,North America
bhs,1910,34.84,Bahamas,North America
bhs,1911,34.83,Bahamas,North America
bhs,1912,34.83,Bahamas,North America
bhs,1913,34.82,Bahamas,North America
bhs,1914,34.81,Bahamas,North America
bhs,1915,34.8,Bahamas,North America
bhs,1916,34.79,Bahamas,North America
bhs,1917,34.78,Bahamas,North America
bhs,1918,22.55,Bahamas,North America
bhs,1919,34.77,Bahamas,North America
bhs,1920,34.76,Bahamas,North America
bhs,1921,34.75,Bahamas,North America
bhs,1922,35.56,Bahamas,North America
bhs,1923,36.37,Bahamas,North America
bhs,1924,37.18,Bahamas,North America
bhs,1925,37.98,Bahamas,North America
bhs,1926,38.79,Bahamas,North America
bhs,1927,39.6,Bahamas,North America
bhs,1928,40.4,Bahamas,North America
bhs,1929,41.21,Bahamas,North America
bhs,1930,42.02,Bahamas,North America
bhs,1931,42.82,Bahamas,North America
bhs,1932,43.63,Bahamas,North America
bhs,1933,44.43,Bahamas,North America
bhs,1934,45.24,Bahamas,North America
bhs,1935,46.04,Bahamas,North America
bhs,1936,46.84,Bahamas,North America
bhs,1937,47.65,Bahamas,North America
bhs,1938,48.45,Bahamas,North America
bhs,1939,49.25,Bahamas,North America
bhs,1940,50.05,Bahamas,North America
bhs,1941,50.85,Bahamas,North America
bhs,1942,51.66,Bahamas,North America
bhs,1943,52.46,Bahamas,North America
bhs,1944,53.26,Bahamas,North America
bhs,1945,54.06,Bahamas,North America
bhs,1946,54.86,Bahamas,North America
bhs,1947,55.65,Bahamas,North America
bhs,1948,56.45,Bahamas,North America
bhs,1949,57.25,Bahamas,North America
bhs,1950,58.05,Bahamas,North America
bhs,1951,58.46,Bahamas,North America
bhs,1952,58.85,Bahamas,North America
bhs,1953,59.24,Bahamas,North America
bhs,1954,59.63,Bahamas,North America
bhs,1955,60.03,Bahamas,North America
bhs,1956,60.42,Bahamas,North America
bhs,1957,60.79,Bahamas,North America
bhs,1958,61.15,Bahamas,North America
bhs,1959,61.53,Bahamas,North America
bhs,1960,61.93,Bahamas,North America
bhs,1961,62.66,Bahamas,North America
bhs,1962,63.12,Bahamas,North America
bhs,1963,63.56,Bahamas,North America
bhs,1964,64.43,Bahamas,North America
bhs,1965,63.28,Bahamas,North America
bhs,1966,64.56,Bahamas,North America
bhs,1967,64.44,Bahamas,North America
bhs,1968,64.73,Bahamas,North America
bhs,1969,65.09,Bahamas,North America
bhs,1970,65.4,Bahamas,North America
bhs,1971,65.75,Bahamas,North America
bhs,1972,66.29,Bahamas,North America
bhs,1973,66.79,Bahamas,North America
bhs,1974,67.49,Bahamas,North America
bhs,1975,68.21,Bahamas,North America
bhs,1976,68.43,Bahamas,North America
bhs,1977,68.4,Bahamas,North America
bhs,1978,68.5,Bahamas,North America
bhs,1979,68.57,Bahamas,North America
bhs,1980,68.62,Bahamas,North America
bhs,1981,68.74,Bahamas,North America
bhs,1982,69.38,Bahamas,North America
bhs,1983,70.05,Bahamas,North America
bhs,1984,70.35,Bahamas,North America
bhs,1985,70.21,Bahamas,North America
bhs,1986,70.04,Bahamas,North America
bhs,1987,70.16,Bahamas,North America
bhs,1988,70.44,Bahamas,North America
bhs,1989,70.6,Bahamas,North America
bhs,1990,70.86,Bahamas,North America
bhs,1991,71.04,Bahamas,North America
bhs,1992,71.01,Bahamas,North America
bhs,1993,70.72,Bahamas,North America
bhs,1994,70.54,Bahamas,North America
bhs,1995,70.77,Bahamas,North America
bhs,1996,70.4,Bahamas,North America
bhs,1997,71.1,Bahamas,North America
bhs,1998,71.41,Bahamas,North America
bhs,1999,70.77,Bahamas,North America
bhs,2000,71.25,Bahamas,North America
bhs,2001,71.26,Bahamas,North America
bhs,2002,71.9,Bahamas,North America
bhs,2003,72.41,Bahamas,North America
bhs,2004,72.42,Bahamas,North America
bhs,2005,73.18,Bahamas,North America
bhs,2006,73.01,Bahamas,North America
bhs,2007,73.61,Bahamas,North America
bhs,2008,73.49,Bahamas,North America
bhs,2009,73.2,Bahamas,North America
bhs,2010,73.24,Bahamas,North America
bhs,2011,73.22,Bahamas,North America
bhs,2012,73.3,Bahamas,North America
bhs,2013,73.5,Bahamas,North America
bhs,2014,73.59,Bahamas,North America
bhs,2015,73.35,Bahamas,North America
bhs,2016,73.68,Bahamas,North America
bhs,2017,73.77,Bahamas,North America
bhs,2018,73.84,Bahamas,North America
bhs,2019,73.36,Bahamas,North America
bhs,2020,72.3,Bahamas,North America
bhs,2021,73.6,Bahamas,North America
bhs,2022,73.7,Bahamas,North America
bhs,2023,73.8,Bahamas,North America
bhs,2024,73.9,Bahamas,North America
bhs,2025,74,Bahamas,North America
bhs,2026,74.11,Bahamas,North America
bhs,2027,74.23,Bahamas,North America
bhs,2028,74.34,Bahamas,North America
bhs,2029,74.46,Bahamas,North America
bhs,2030,74.57,Bahamas,North America
bhs,2031,74.68,Bahamas,North America
bhs,2032,74.8,Bahamas,North America
bhs,2033,74.91,Bahamas,North America
bhs,2034,75.02,Bahamas,North America
bhs,2035,75.14,Bahamas,North America
bhs,2036,75.25,Bahamas,North America
bhs,2037,75.37,Bahamas,North America
bhs,2038,75.48,Bahamas,North America
bhs,2039,75.6,Bahamas,North America
bhs,2040,75.72,Bahamas,North America
bhs,2041,75.83,Bahamas,North America
bhs,2042,75.95,Bahamas,North America
bhs,2043,76.07,Bahamas,North America
bhs,2044,76.18,Bahamas,North America
bhs,2045,76.3,Bahamas,North America
bhs,2046,76.42,Bahamas,North America
bhs,2047,76.54,Bahamas,North America
bhs,2048,76.65,Bahamas,North America
bhs,2049,76.77,Bahamas,North America
bhs,2050,76.89,Bahamas,North America
bhs,2051,77.01,Bahamas,North America
bhs,2052,77.13,Bahamas,North America
bhs,2053,77.25,Bahamas,North America
bhs,2054,77.37,Bahamas,North America
bhs,2055,77.49,Bahamas,North America
bhs,2056,77.61,Bahamas,North America
bhs,2057,77.74,Bahamas,North America
bhs,2058,77.86,Bahamas,North America
bhs,2059,77.98,Bahamas,North America
bhs,2060,78.1,Bahamas,North America
bhs,2061,78.22,Bahamas,North America
bhs,2062,78.35,Bahamas,North America
bhs,2063,78.47,Bahamas,North America
bhs,2064,78.59,Bahamas,North America
bhs,2065,78.72,Bahamas,North America
bhs,2066,78.85,Bahamas,North America
bhs,2067,78.97,Bahamas,North America
bhs,2068,79.1,Bahamas,North America
bhs,2069,79.23,Bahamas,North America
bhs,2070,79.35,Bahamas,North America
bhs,2071,79.48,Bahamas,North America
bhs,2072,79.61,Bahamas,North America
bhs,2073,79.74,Bahamas,North America
bhs,2074,79.87,Bahamas,North America
bhs,2075,80,Bahamas,North America
bhs,2076,80.13,Bahamas,North America
bhs,2077,80.26,Bahamas,North America
bhs,2078,80.39,Bahamas,North America
bhs,2079,80.52,Bahamas,North America
bhs,2080,80.65,Bahamas,North America
bhs,2081,80.78,Bahamas,North America
bhs,2082,80.91,Bahamas,North America
bhs,2083,81.04,Bahamas,North America
bhs,2084,81.17,Bahamas,North America
bhs,2085,81.3,Bahamas,North America
bhs,2086,81.42,Bahamas,North America
bhs,2087,81.55,Bahamas,North America
bhs,2088,81.68,Bahamas,North America
bhs,2089,81.8,Bahamas,North America
bhs,2090,81.93,Bahamas,North America
bhs,2091,82.06,Bahamas,North America
bhs,2092,82.18,Bahamas,North America
bhs,2093,82.3,Bahamas,North America
bhs,2094,82.43,Bahamas,North America
bhs,2095,82.55,Bahamas,North America
bhs,2096,82.67,Bahamas,North America
bhs,2097,82.79,Bahamas,North America
bhs,2098,82.9,Bahamas,North America
bhs,2099,83.02,Bahamas,North America
bhs,2100,83.14,Bahamas,North America
bhr,1800,30.3,Bahrain,Asia
bhr,1801,30.3,Bahrain,Asia
bhr,1802,30.3,Bahrain,Asia
bhr,1803,30.3,Bahrain,Asia
bhr,1804,30.3,Bahrain,Asia
bhr,1805,30.3,Bahrain,Asia
bhr,1806,30.3,Bahrain,Asia
bhr,1807,30.3,Bahrain,Asia
bhr,1808,30.3,Bahrain,Asia
bhr,1809,30.3,Bahrain,Asia
bhr,1810,30.3,Bahrain,Asia
bhr,1811,30.3,Bahrain,Asia
bhr,1812,30.3,Bahrain,Asia
bhr,1813,30.3,Bahrain,Asia
bhr,1814,30.3,Bahrain,Asia
bhr,1815,30.3,Bahrain,Asia
bhr,1816,30.3,Bahrain,Asia
bhr,1817,30.3,Bahrain,Asia
bhr,1818,30.3,Bahrain,Asia
bhr,1819,30.3,Bahrain,Asia
bhr,1820,30.3,Bahrain,Asia
bhr,1821,30.3,Bahrain,Asia
bhr,1822,30.3,Bahrain,Asia
bhr,1823,30.3,Bahrain,Asia
bhr,1824,30.3,Bahrain,Asia
bhr,1825,30.3,Bahrain,Asia
bhr,1826,30.3,Bahrain,Asia
bhr,1827,30.3,Bahrain,Asia
bhr,1828,30.3,Bahrain,Asia
bhr,1829,30.3,Bahrain,Asia
bhr,1830,30.3,Bahrain,Asia
bhr,1831,30.3,Bahrain,Asia
bhr,1832,30.3,Bahrain,Asia
bhr,1833,30.3,Bahrain,Asia
bhr,1834,30.3,Bahrain,Asia
bhr,1835,30.3,Bahrain,Asia
bhr,1836,30.3,Bahrain,Asia
bhr,1837,30.3,Bahrain,Asia
bhr,1838,30.3,Bahrain,Asia
bhr,1839,30.3,Bahrain,Asia
bhr,1840,30.3,Bahrain,Asia
bhr,1841,30.3,Bahrain,Asia
bhr,1842,30.3,Bahrain,Asia
bhr,1843,30.3,Bahrain,Asia
bhr,1844,30.3,Bahrain,Asia
bhr,1845,30.3,Bahrain,Asia
bhr,1846,30.3,Bahrain,Asia
bhr,1847,30.3,Bahrain,Asia
bhr,1848,30.3,Bahrain,Asia
bhr,1849,30.3,Bahrain,Asia
bhr,1850,30.3,Bahrain,Asia
bhr,1851,30.3,Bahrain,Asia
bhr,1852,30.3,Bahrain,Asia
bhr,1853,30.3,Bahrain,Asia
bhr,1854,30.3,Bahrain,Asia
bhr,1855,30.3,Bahrain,Asia
bhr,1856,30.3,Bahrain,Asia
bhr,1857,30.3,Bahrain,Asia
bhr,1858,30.3,Bahrain,Asia
bhr,1859,30.3,Bahrain,Asia
bhr,1860,30.3,Bahrain,Asia
bhr,1861,30.3,Bahrain,Asia
bhr,1862,30.3,Bahrain,Asia
bhr,1863,30.3,Bahrain,Asia
bhr,1864,30.3,Bahrain,Asia
bhr,1865,30.3,Bahrain,Asia
bhr,1866,30.3,Bahrain,Asia
bhr,1867,30.3,Bahrain,Asia
bhr,1868,30.3,Bahrain,Asia
bhr,1869,30.3,Bahrain,Asia
bhr,1870,30.3,Bahrain,Asia
bhr,1871,30.39,Bahrain,Asia
bhr,1872,30.48,Bahrain,Asia
bhr,1873,30.56,Bahrain,Asia
bhr,1874,30.65,Bahrain,Asia
bhr,1875,30.74,Bahrain,Asia
bhr,1876,30.83,Bahrain,Asia
bhr,1877,30.92,Bahrain,Asia
bhr,1878,31,Bahrain,Asia
bhr,1879,31.09,Bahrain,Asia
bhr,1880,31.18,Bahrain,Asia
bhr,1881,31.27,Bahrain,Asia
bhr,1882,31.36,Bahrain,Asia
bhr,1883,31.45,Bahrain,Asia
bhr,1884,31.53,Bahrain,Asia
bhr,1885,31.62,Bahrain,Asia
bhr,1886,31.71,Bahrain,Asia
bhr,1887,31.8,Bahrain,Asia
bhr,1888,31.89,Bahrain,Asia
bhr,1889,31.97,Bahrain,Asia
bhr,1890,32.06,Bahrain,Asia
bhr,1891,32.15,Bahrain,Asia
bhr,1892,32.24,Bahrain,Asia
bhr,1893,32.33,Bahrain,Asia
bhr,1894,32.41,Bahrain,Asia
bhr,1895,32.5,Bahrain,Asia
bhr,1896,32.59,Bahrain,Asia
bhr,1897,32.68,Bahrain,Asia
bhr,1898,32.77,Bahrain,Asia
bhr,1899,32.85,Bahrain,Asia
bhr,1900,32.94,Bahrain,Asia
bhr,1901,33.03,Bahrain,Asia
bhr,1902,33.12,Bahrain,Asia
bhr,1903,33.21,Bahrain,Asia
bhr,1904,33.3,Bahrain,Asia
bhr,1905,33.38,Bahrain,Asia
bhr,1906,33.47,Bahrain,Asia
bhr,1907,33.56,Bahrain,Asia
bhr,1908,33.65,Bahrain,Asia
bhr,1909,33.74,Bahrain,Asia
bhr,1910,33.82,Bahrain,Asia
bhr,1911,33.91,Bahrain,Asia
bhr,1912,34,Bahrain,Asia
bhr,1913,34.09,Bahrain,Asia
bhr,1914,34.18,Bahrain,Asia
bhr,1915,34.26,Bahrain,Asia
bhr,1916,34.35,Bahrain,Asia
bhr,1917,34.44,Bahrain,Asia
bhr,1918,28.63,Bahrain,Asia
bhr,1919,34.62,Bahrain,Asia
bhr,1920,34.7,Bahrain,Asia
bhr,1921,34.79,Bahrain,Asia
bhr,1922,34.88,Bahrain,Asia
bhr,1923,34.97,Bahrain,Asia
bhr,1924,35.06,Bahrain,Asia
bhr,1925,35.15,Bahrain,Asia
bhr,1926,35.23,Bahrain,Asia
bhr,1927,35.32,Bahrain,Asia
bhr,1928,35.41,Bahrain,Asia
bhr,1929,35.5,Bahrain,Asia
bhr,1930,35.59,Bahrain,Asia
bhr,1931,35.67,Bahrain,Asia
bhr,1932,35.76,Bahrain,Asia
bhr,1933,35.85,Bahrain,Asia
bhr,1934,35.94,Bahrain,Asia
bhr,1935,36.03,Bahrain,Asia
bhr,1936,36.98,Bahrain,Asia
bhr,1937,37.93,Bahrain,Asia
bhr,1938,38.89,Bahrain,Asia
bhr,1939,39.86,Bahrain,Asia
bhr,1940,40.83,Bahrain,Asia
bhr,1941,41.8,Bahrain,Asia
bhr,1942,42.77,Bahrain,Asia
bhr,1943,43.76,Bahrain,Asia
bhr,1944,44.74,Bahrain,Asia
bhr,1945,45.73,Bahrain,Asia
bhr,1946,46.72,Bahrain,Asia
bhr,1947,47.72,Bahrain,Asia
bhr,1948,48.72,Bahrain,Asia
bhr,1949,49.73,Bahrain,Asia
bhr,1950,50.74,Bahrain,Asia
bhr,1951,51.04,Bahrain,Asia
bhr,1952,51.07,Bahrain,Asia
bhr,1953,52.12,Bahrain,Asia
bhr,1954,52.82,Bahrain,Asia
bhr,1955,53.41,Bahrain,Asia
bhr,1956,53.76,Bahrain,Asia
bhr,1957,54.87,Bahrain,Asia
bhr,1958,55.7,Bahrain,Asia
bhr,1959,56.38,Bahrain,Asia
bhr,1960,57.27,Bahrain,Asia
bhr,1961,58.06,Bahrain,Asia
bhr,1962,58.79,Bahrain,Asia
bhr,1963,59.51,Bahrain,Asia
bhr,1964,60.22,Bahrain,Asia
bhr,1965,60.86,Bahrain,Asia
bhr,1966,61.53,Bahrain,Asia
bhr,1967,62.14,Bahrain,Asia
bhr,1968,62.86,Bahrain,Asia
bhr,1969,63.52,Bahrain,Asia
bhr,1970,64.18,Bahrain,Asia
bhr,1971,64.9,Bahrain,Asia
bhr,1972,65.4,Bahrain,Asia
bhr,1973,65.99,Bahrain,Asia
bhr,1974,66.44,Bahrain,Asia
bhr,1975,66.84,Bahrain,Asia
bhr,1976,67.17,Bahrain,Asia
bhr,1977,67.53,Bahrain,Asia
bhr,1978,66.92,Bahrain,Asia
bhr,1979,68.16,Bahrain,Asia
bhr,1980,68.36,Bahrain,Asia
bhr,1981,68.73,Bahrain,Asia
bhr,1982,68.98,Bahrain,Asia
bhr,1983,69.16,Bahrain,Asia
bhr,1984,69.22,Bahrain,Asia
bhr,1985,69.43,Bahrain,Asia
bhr,1986,69.02,Bahrain,Asia
bhr,1987,69.39,Bahrain,Asia
bhr,1988,69.43,Bahrain,Asia
bhr,1989,69.5,Bahrain,Asia
bhr,1990,69.53,Bahrain,Asia
bhr,1991,69.55,Bahrain,Asia
bhr,1992,69.75,Bahrain,Asia
bhr,1993,70.08,Bahrain,Asia
bhr,1994,70.35,Bahrain,Asia
bhr,1995,70.55,Bahrain,Asia
bhr,1996,70.68,Bahrain,Asia
bhr,1997,70.92,Bahrain,Asia
bhr,1998,71.05,Bahrain,Asia
bhr,1999,71.2,Bahrain,Asia
bhr,2000,71.68,Bahrain,Asia
bhr,2001,73.41,Bahrain,Asia
bhr,2002,72.68,Bahrain,Asia
bhr,2003,72.15,Bahrain,Asia
bhr,2004,72.31,Bahrain,Asia
bhr,2005,72.66,Bahrain,Asia
bhr,2006,72.95,Bahrain,Asia
bhr,2007,73.59,Bahrain,Asia
bhr,2008,74.01,Bahrain,Asia
bhr,2009,74.49,Bahrain,Asia
bhr,2010,74.96,Bahrain,Asia
bhr,2011,75.32,Bahrain,Asia
bhr,2012,75.73,Bahrain,Asia
bhr,2013,76.16,Bahrain,Asia
bhr,2014,76.57,Bahrain,Asia
bhr,2015,76.75,Bahrain,Asia
bhr,2016,76.8,Bahrain,Asia
bhr,2017,76.76,Bahrain,Asia
bhr,2018,76.98,Bahrain,Asia
bhr,2019,77.03,Bahrain,Asia
bhr,2020,76.34,Bahrain,Asia
bhr,2021,77.29,Bahrain,Asia
bhr,2022,77.41,Bahrain,Asia
bhr,2023,77.53,Bahrain,Asia
bhr,2024,77.66,Bahrain,Asia
bhr,2025,77.78,Bahrain,Asia
bhr,2026,77.91,Bahrain,Asia
bhr,2027,78.04,Bahrain,Asia
bhr,2028,78.16,Bahrain,Asia
bhr,2029,78.28,Bahrain,Asia
bhr,2030,78.41,Bahrain,Asia
bhr,2031,78.53,Bahrain,Asia
bhr,2032,78.65,Bahrain,Asia
bhr,2033,78.78,Bahrain,Asia
bhr,2034,78.9,Bahrain,Asia
bhr,2035,79.03,Bahrain,Asia
bhr,2036,79.16,Bahrain,Asia
bhr,2037,79.28,Bahrain,Asia
bhr,2038,79.41,Bahrain,Asia
bhr,2039,79.54,Bahrain,Asia
bhr,2040,79.66,Bahrain,Asia
bhr,2041,79.79,Bahrain,Asia
bhr,2042,79.92,Bahrain,Asia
bhr,2043,80.05,Bahrain,Asia
bhr,2044,80.18,Bahrain,Asia
bhr,2045,80.3,Bahrain,Asia
bhr,2046,80.43,Bahrain,Asia
bhr,2047,80.56,Bahrain,Asia
bhr,2048,80.69,Bahrain,Asia
bhr,2049,80.82,Bahrain,Asia
bhr,2050,80.95,Bahrain,Asia
bhr,2051,81.07,Bahrain,Asia
bhr,2052,81.2,Bahrain,Asia
bhr,2053,81.33,Bahrain,Asia
bhr,2054,81.45,Bahrain,Asia
bhr,2055,81.58,Bahrain,Asia
bhr,2056,81.7,Bahrain,Asia
bhr,2057,81.82,Bahrain,Asia
bhr,2058,81.94,Bahrain,Asia
bhr,2059,82.07,Bahrain,Asia
bhr,2060,82.19,Bahrain,Asia
bhr,2061,82.31,Bahrain,Asia
bhr,2062,82.43,Bahrain,Asia
bhr,2063,82.55,Bahrain,Asia
bhr,2064,82.67,Bahrain,Asia
bhr,2065,82.79,Bahrain,Asia
bhr,2066,82.91,Bahrain,Asia
bhr,2067,83.02,Bahrain,Asia
bhr,2068,83.14,Bahrain,Asia
bhr,2069,83.26,Bahrain,Asia
bhr,2070,83.37,Bahrain,Asia
bhr,2071,83.49,Bahrain,Asia
bhr,2072,83.6,Bahrain,Asia
bhr,2073,83.71,Bahrain,Asia
bhr,2074,83.82,Bahrain,Asia
bhr,2075,83.93,Bahrain,Asia
bhr,2076,84.04,Bahrain,Asia
bhr,2077,84.15,Bahrain,Asia
bhr,2078,84.25,Bahrain,Asia
bhr,2079,84.35,Bahrain,Asia
bhr,2080,84.46,Bahrain,Asia
bhr,2081,84.56,Bahrain,Asia
bhr,2082,84.66,Bahrain,Asia
bhr,2083,84.76,Bahrain,Asia
bhr,2084,84.85,Bahrain,Asia
bhr,2085,84.95,Bahrain,Asia
bhr,2086,85.04,Bahrain,Asia
bhr,2087,85.14,Bahrain,Asia
bhr,2088,85.23,Bahrain,Asia
bhr,2089,85.32,Bahrain,Asia
bhr,2090,85.41,Bahrain,Asia
bhr,2091,85.5,Bahrain,Asia
bhr,2092,85.59,Bahrain,Asia
bhr,2093,85.68,Bahrain,Asia
bhr,2094,85.77,Bahrain,Asia
bhr,2095,85.87,Bahrain,Asia
bhr,2096,85.96,Bahrain,Asia
bhr,2097,86.06,Bahrain,Asia
bhr,2098,86.16,Bahrain,Asia
bhr,2099,86.26,Bahrain,Asia
bhr,2100,86.36,Bahrain,Asia
bgd,1800,25.5,Bangladesh,Asia
bgd,1801,25.5,Bangladesh,Asia
bgd,1802,25.5,Bangladesh,Asia
bgd,1803,25.5,Bangladesh,Asia
bgd,1804,25.5,Bangladesh,Asia
bgd,1805,25.5,Bangladesh,Asia
bgd,1806,25.5,Bangladesh,Asia
bgd,1807,25.5,Bangladesh,Asia
bgd,1808,25.5,Bangladesh,Asia
bgd,1809,25.5,Bangladesh,Asia
bgd,1810,25.5,Bangladesh,Asia
bgd,1811,25.5,Bangladesh,Asia
bgd,1812,25.5,Bangladesh,Asia
bgd,1813,25.5,Bangladesh,Asia
bgd,1814,25.5,Bangladesh,Asia
bgd,1815,25.5,Bangladesh,Asia
bgd,1816,25.5,Bangladesh,Asia
bgd,1817,25.5,Bangladesh,Asia
bgd,1818,25.5,Bangladesh,Asia
bgd,1819,25.5,Bangladesh,Asia
bgd,1820,25.5,Bangladesh,Asia
bgd,1821,25.5,Bangladesh,Asia
bgd,1822,25.5,Bangladesh,Asia
bgd,1823,25.5,Bangladesh,Asia
bgd,1824,25.5,Bangladesh,Asia
bgd,1825,25.5,Bangladesh,Asia
bgd,1826,25.5,Bangladesh,Asia
bgd,1827,25.5,Bangladesh,Asia
bgd,1828,25.5,Bangladesh,Asia
bgd,1829,25.5,Bangladesh,Asia
bgd,1830,25.5,Bangladesh,Asia
bgd,1831,25.5,Bangladesh,Asia
bgd,1832,25.5,Bangladesh,Asia
bgd,1833,25.5,Bangladesh,Asia
bgd,1834,25.5,Bangladesh,Asia
bgd,1835,25.5,Bangladesh,Asia
bgd,1836,25.5,Bangladesh,Asia
bgd,1837,25.5,Bangladesh,Asia
bgd,1838,25.5,Bangladesh,Asia
bgd,1839,25.5,Bangladesh,Asia
bgd,1840,25.5,Bangladesh,Asia
bgd,1841,25.5,Bangladesh,Asia
bgd,1842,25.5,Bangladesh,Asia
bgd,1843,25.5,Bangladesh,Asia
bgd,1844,25.5,Bangladesh,Asia
bgd,1845,25.5,Bangladesh,Asia
bgd,1846,25.5,Bangladesh,Asia
bgd,1847,25.5,Bangladesh,Asia
bgd,1848,25.5,Bangladesh,Asia
bgd,1849,25.5,Bangladesh,Asia
bgd,1850,25.5,Bangladesh,Asia
bgd,1851,25.5,Bangladesh,Asia
bgd,1852,25.5,Bangladesh,Asia
bgd,1853,25.5,Bangladesh,Asia
bgd,1854,25.5,Bangladesh,Asia
bgd,1855,25.5,Bangladesh,Asia
bgd,1856,25.5,Bangladesh,Asia
bgd,1857,25.5,Bangladesh,Asia
bgd,1858,25.5,Bangladesh,Asia
bgd,1859,25.5,Bangladesh,Asia
bgd,1860,25.5,Bangladesh,Asia
bgd,1861,25.5,Bangladesh,Asia
bgd,1862,25.5,Bangladesh,Asia
bgd,1863,25.5,Bangladesh,Asia
bgd,1864,25,Bangladesh,Asia
bgd,1865,24,Bangladesh,Asia
bgd,1866,25.2,Bangladesh,Asia
bgd,1867,25.5,Bangladesh,Asia
bgd,1868,25.5,Bangladesh,Asia
bgd,1869,25.5,Bangladesh,Asia
bgd,1870,25.5,Bangladesh,Asia
bgd,1871,25.48,Bangladesh,Asia
bgd,1872,25.45,Bangladesh,Asia
bgd,1873,25.43,Bangladesh,Asia
bgd,1874,25.4,Bangladesh,Asia
bgd,1875,25.38,Bangladesh,Asia
bgd,1876,25.36,Bangladesh,Asia
bgd,1877,25.1,Bangladesh,Asia
bgd,1878,24.85,Bangladesh,Asia
bgd,1879,24.6,Bangladesh,Asia
bgd,1880,24.35,Bangladesh,Asia
bgd,1881,24.1,Bangladesh,Asia
bgd,1882,23.85,Bangladesh,Asia
bgd,1883,23.6,Bangladesh,Asia
bgd,1884,23.35,Bangladesh,Asia
bgd,1885,23.1,Bangladesh,Asia
bgd,1886,22.85,Bangladesh,Asia
bgd,1887,22.71,Bangladesh,Asia
bgd,1888,22.57,Bangladesh,Asia
bgd,1889,22.44,Bangladesh,Asia
bgd,1890,22.3,Bangladesh,Asia
bgd,1891,21.18,Bangladesh,Asia
bgd,1892,20.57,Bangladesh,Asia
bgd,1893,21.88,Bangladesh,Asia
bgd,1894,21.68,Bangladesh,Asia
bgd,1895,21.49,Bangladesh,Asia
bgd,1896,19.51,Bangladesh,Asia
bgd,1897,18.52,Bangladesh,Asia
bgd,1898,21.29,Bangladesh,Asia
bgd,1899,21.23,Bangladesh,Asia
bgd,1900,21.16,Bangladesh,Asia
bgd,1901,21.1,Bangladesh,Asia
bgd,1902,21.03,Bangladesh,Asia
bgd,1903,20.97,Bangladesh,Asia
bgd,1904,20.91,Bangladesh,Asia
bgd,1905,20.84,Bangladesh,Asia
bgd,1906,20.78,Bangladesh,Asia
bgd,1907,20.92,Bangladesh,Asia
bgd,1908,21.07,Bangladesh,Asia
bgd,1909,21.21,Bangladesh,Asia
bgd,1910,21.35,Bangladesh,Asia
bgd,1911,21.5,Bangladesh,Asia
bgd,1912,21.64,Bangladesh,Asia
bgd,1913,21.78,Bangladesh,Asia
bgd,1914,21.92,Bangladesh,Asia
bgd,1915,22.06,Bangladesh,Asia
bgd,1916,22.2,Bangladesh,Asia
bgd,1917,22.35,Bangladesh,Asia
bgd,1918,12.47,Bangladesh,Asia
bgd,1919,22.63,Bangladesh,Asia
bgd,1920,22.77,Bangladesh,Asia
bgd,1921,22.91,Bangladesh,Asia
bgd,1922,23.04,Bangladesh,Asia
bgd,1923,23.18,Bangladesh,Asia
bgd,1924,23.32,Bangladesh,Asia
bgd,1925,23.46,Bangladesh,Asia
bgd,1926,23.6,Bangladesh,Asia
bgd,1927,24.28,Bangladesh,Asia
bgd,1928,24.97,Bangladesh,Asia
bgd,1929,25.65,Bangladesh,Asia
bgd,1930,26.33,Bangladesh,Asia
bgd,1931,27.01,Bangladesh,Asia
bgd,1932,27.69,Bangladesh,Asia
bgd,1933,28.36,Bangladesh,Asia
bgd,1934,29.04,Bangladesh,Asia
bgd,1935,29.71,Bangladesh,Asia
bgd,1936,30.38,Bangladesh,Asia
bgd,1937,31.05,Bangladesh,Asia
bgd,1938,31.72,Bangladesh,Asia
bgd,1939,32.39,Bangladesh,Asia
bgd,1940,33.06,Bangladesh,Asia
bgd,1941,33.72,Bangladesh,Asia
bgd,1942,31.54,Bangladesh,Asia
bgd,1943,21.94,Bangladesh,Asia
bgd,1944,24.2,Bangladesh,Asia
bgd,1945,34.48,Bangladesh,Asia
bgd,1946,39.95,Bangladesh,Asia
bgd,1947,34.41,Bangladesh,Asia
bgd,1948,35.76,Bangladesh,Asia
bgd,1949,38.9,Bangladesh,Asia
bgd,1950,39.67,Bangladesh,Asia
bgd,1951,39.91,Bangladesh,Asia
bgd,1952,40.41,Bangladesh,Asia
bgd,1953,40.89,Bangladesh,Asia
bgd,1954,41.46,Bangladesh,Asia
bgd,1955,41.87,Bangladesh,Asia
bgd,1956,42.39,Bangladesh,Asia
bgd,1957,42.89,Bangladesh,Asia
bgd,1958,42.88,Bangladesh,Asia
bgd,1959,43.86,Bangladesh,Asia
bgd,1960,43.82,Bangladesh,Asia
bgd,1961,44.56,Bangladesh,Asia
bgd,1962,45.49,Bangladesh,Asia
bgd,1963,45.43,Bangladesh,Asia
bgd,1964,46.72,Bangladesh,Asia
bgd,1965,45.87,Bangladesh,Asia
bgd,1966,47.73,Bangladesh,Asia
bgd,1967,48.04,Bangladesh,Asia
bgd,1968,48.37,Bangladesh,Asia
bgd,1969,48.68,Bangladesh,Asia
bgd,1970,42.2,Bangladesh,Asia
bgd,1971,42.35,Bangladesh,Asia
bgd,1972,49.39,Bangladesh,Asia
bgd,1973,49.91,Bangladesh,Asia
bgd,1974,49.57,Bangladesh,Asia
bgd,1975,50.62,Bangladesh,Asia
bgd,1976,51.24,Bangladesh,Asia
bgd,1977,51.57,Bangladesh,Asia
bgd,1978,52.11,Bangladesh,Asia
bgd,1979,52.86,Bangladesh,Asia
bgd,1980,53.22,Bangladesh,Asia
bgd,1981,53.38,Bangladesh,Asia
bgd,1982,53.65,Bangladesh,Asia
bgd,1983,53.08,Bangladesh,Asia
bgd,1984,53.57,Bangladesh,Asia
bgd,1985,53.75,Bangladesh,Asia
bgd,1986,54.95,Bangladesh,Asia
bgd,1987,55.79,Bangladesh,Asia
bgd,1988,56.48,Bangladesh,Asia
bgd,1989,57.68,Bangladesh,Asia
bgd,1990,58.19,Bangladesh,Asia
bgd,1991,56.79,Bangladesh,Asia
bgd,1992,60.24,Bangladesh,Asia
bgd,1993,61.03,Bangladesh,Asia
bgd,1994,61.79,Bangladesh,Asia
bgd,1995,62.24,Bangladesh,Asia
bgd,1996,63.08,Bangladesh,Asia
bgd,1997,63.84,Bangladesh,Asia
bgd,1998,64.52,Bangladesh,Asia
bgd,1999,65.11,Bangladesh,Asia
bgd,2000,65.47,Bangladesh,Asia
bgd,2001,65.99,Bangladesh,Asia
bgd,2002,66.34,Bangladesh,Asia
bgd,2003,66.66,Bangladesh,Asia
bgd,2004,67.12,Bangladesh,Asia
bgd,2005,67.44,Bangladesh,Asia
bgd,2006,67.79,Bangladesh,Asia
bgd,2007,68.22,Bangladesh,Asia
bgd,2008,68.98,Bangladesh,Asia
bgd,2009,69.58,Bangladesh,Asia
bgd,2010,70.04,Bangladesh,Asia
bgd,2011,71.14,Bangladesh,Asia
bgd,2012,72.26,Bangladesh,Asia
bgd,2013,72.81,Bangladesh,Asia
bgd,2014,73.05,Bangladesh,Asia
bgd,2015,73.59,Bangladesh,Asia
bgd,2016,73.91,Bangladesh,Asia
bgd,2017,73.9,Bangladesh,Asia
bgd,2018,74.24,Bangladesh,Asia
bgd,2019,74.55,Bangladesh,Asia
bgd,2020,74.68,Bangladesh,Asia
bgd,2021,75.12,Bangladesh,Asia
bgd,2022,75.41,Bangladesh,Asia
bgd,2023,75.69,Bangladesh,Asia
bgd,2024,75.96,Bangladesh,Asia
bgd,2025,76.22,Bangladesh,Asia
bgd,2026,76.48,Bangladesh,Asia
bgd,2027,76.73,Bangladesh,Asia
bgd,2028,76.97,Bangladesh,Asia
bgd,2029,77.21,Bangladesh,Asia
bgd,2030,77.44,Bangladesh,Asia
bgd,2031,77.67,Bangladesh,Asia
bgd,2032,77.89,Bangladesh,Asia
bgd,2033,78.11,Bangladesh,Asia
bgd,2034,78.33,Bangladesh,Asia
bgd,2035,78.54,Bangladesh,Asia
bgd,2036,78.75,Bangladesh,Asia
bgd,2037,78.96,Bangladesh,Asia
bgd,2038,79.17,Bangladesh,Asia
bgd,2039,79.37,Bangladesh,Asia
bgd,2040,79.57,Bangladesh,Asia
bgd,2041,79.77,Bangladesh,Asia
bgd,2042,79.97,Bangladesh,Asia
bgd,2043,80.16,Bangladesh,Asia
bgd,2044,80.36,Bangladesh,Asia
bgd,2045,80.55,Bangladesh,Asia
bgd,2046,80.73,Bangladesh,Asia
bgd,2047,80.92,Bangladesh,Asia
bgd,2048,81.11,Bangladesh,Asia
bgd,2049,81.29,Bangladesh,Asia
bgd,2050,81.48,Bangladesh,Asia
bgd,2051,81.66,Bangladesh,Asia
bgd,2052,81.84,Bangladesh,Asia
bgd,2053,82.02,Bangladesh,Asia
bgd,2054,82.2,Bangladesh,Asia
bgd,2055,82.38,Bangladesh,Asia
bgd,2056,82.56,Bangladesh,Asia
bgd,2057,82.73,Bangladesh,Asia
bgd,2058,82.91,Bangladesh,Asia
bgd,2059,83.07,Bangladesh,Asia
bgd,2060,83.24,Bangladesh,Asia
bgd,2061,83.41,Bangladesh,Asia
bgd,2062,83.58,Bangladesh,Asia
bgd,2063,83.74,Bangladesh,Asia
bgd,2064,83.91,Bangladesh,Asia
bgd,2065,84.07,Bangladesh,Asia
bgd,2066,84.23,Bangladesh,Asia
bgd,2067,84.4,Bangladesh,Asia
bgd,2068,84.56,Bangladesh,Asia
bgd,2069,84.72,Bangladesh,Asia
bgd,2070,84.87,Bangladesh,Asia
bgd,2071,85.03,Bangladesh,Asia
bgd,2072,85.18,Bangladesh,Asia
bgd,2073,85.33,Bangladesh,Asia
bgd,2074,85.49,Bangladesh,Asia
bgd,2075,85.63,Bangladesh,Asia
bgd,2076,85.78,Bangladesh,Asia
bgd,2077,85.93,Bangladesh,Asia
bgd,2078,86.07,Bangladesh,Asia
bgd,2079,86.21,Bangladesh,Asia
bgd,2080,86.34,Bangladesh,Asia
bgd,2081,86.47,Bangladesh,Asia
bgd,2082,86.6,Bangladesh,Asia
bgd,2083,86.73,Bangladesh,Asia
bgd,2084,86.86,Bangladesh,Asia
bgd,2085,86.98,Bangladesh,Asia
bgd,2086,87.1,Bangladesh,Asia
bgd,2087,87.22,Bangladesh,Asia
bgd,2088,87.34,Bangladesh,Asia
bgd,2089,87.46,Bangladesh,Asia
bgd,2090,87.58,Bangladesh,Asia
bgd,2091,87.69,Bangladesh,Asia
bgd,2092,87.8,Bangladesh,Asia
bgd,2093,87.92,Bangladesh,Asia
bgd,2094,88.03,Bangladesh,Asia
bgd,2095,88.14,Bangladesh,Asia
bgd,2096,88.25,Bangladesh,Asia
bgd,2097,88.36,Bangladesh,Asia
bgd,2098,88.46,Bangladesh,Asia
bgd,2099,88.57,Bangladesh,Asia
bgd,2100,88.68,Bangladesh,Asia
brb,1800,32.12,Barbados,North America
brb,1801,32.12,Barbados,North America
brb,1802,32.12,Barbados,North America
brb,1803,32.12,Barbados,North America
brb,1804,32.12,Barbados,North America
brb,1805,32.12,Barbados,North America
brb,1806,32.12,Barbados,North America
brb,1807,32.12,Barbados,North America
brb,1808,32.12,Barbados,North America
brb,1809,32.12,Barbados,North America
brb,1810,32.12,Barbados,North America
brb,1811,32.12,Barbados,North America
brb,1812,32.12,Barbados,North America
brb,1813,32.12,Barbados,North America
brb,1814,32.12,Barbados,North America
brb,1815,32.12,Barbados,North America
brb,1816,32.12,Barbados,North America
brb,1817,32.12,Barbados,North America
brb,1818,32.12,Barbados,North America
brb,1819,32.12,Barbados,North America
brb,1820,32.12,Barbados,North America
brb,1821,32.12,Barbados,North America
brb,1822,32.12,Barbados,North America
brb,1823,32.12,Barbados,North America
brb,1824,32.12,Barbados,North America
brb,1825,32.12,Barbados,North America
brb,1826,32.12,Barbados,North America
brb,1827,32.12,Barbados,North America
brb,1828,32.12,Barbados,North America
brb,1829,32.12,Barbados,North America
brb,1830,32.12,Barbados,North America
brb,1831,32.12,Barbados,North America
brb,1832,32.12,Barbados,North America
brb,1833,32.12,Barbados,North America
brb,1834,32.12,Barbados,North America
brb,1835,32.12,Barbados,North America
brb,1836,32.12,Barbados,North America
brb,1837,32.12,Barbados,North America
brb,1838,32.12,Barbados,North America
brb,1839,32.12,Barbados,North America
brb,1840,32.12,Barbados,North America
brb,1841,32.12,Barbados,North America
brb,1842,32.12,Barbados,North America
brb,1843,32.12,Barbados,North America
brb,1844,32.12,Barbados,North America
brb,1845,32.12,Barbados,North America
brb,1846,32.12,Barbados,North America
brb,1847,32.12,Barbados,North America
brb,1848,32.12,Barbados,North America
brb,1849,32.12,Barbados,North America
brb,1850,32.12,Barbados,North America
brb,1851,32.12,Barbados,North America
brb,1852,32.12,Barbados,North America
brb,1853,32.12,Barbados,North America
brb,1854,32.12,Barbados,North America
brb,1855,32.12,Barbados,North America
brb,1856,32.12,Barbados,North America
brb,1857,32.12,Barbados,North America
brb,1858,32.12,Barbados,North America
brb,1859,32.12,Barbados,North America
brb,1860,32.12,Barbados,North America
brb,1861,32.12,Barbados,North America
brb,1862,32.12,Barbados,North America
brb,1863,32.12,Barbados,North America
brb,1864,32.12,Barbados,North America
brb,1865,32.12,Barbados,North America
brb,1866,32.12,Barbados,North America
brb,1867,32.12,Barbados,North America
brb,1868,32.12,Barbados,North America
brb,1869,32.12,Barbados,North America
brb,1870,32.12,Barbados,North America
brb,1871,32.14,Barbados,North America
brb,1872,32.16,Barbados,North America
brb,1873,32.18,Barbados,North America
brb,1874,32.2,Barbados,North America
brb,1875,32.22,Barbados,North America
brb,1876,32.24,Barbados,North America
brb,1877,32.26,Barbados,North America
brb,1878,32.28,Barbados,North America
brb,1879,32.29,Barbados,North America
brb,1880,32.31,Barbados,North America
brb,1881,32.33,Barbados,North America
brb,1882,32.35,Barbados,North America
brb,1883,32.37,Barbados,North America
brb,1884,32.39,Barbados,North America
brb,1885,32.41,Barbados,North America
brb,1886,32.43,Barbados,North America
brb,1887,32.45,Barbados,North America
brb,1888,32.47,Barbados,North America
brb,1889,32.48,Barbados,North America
brb,1890,32.5,Barbados,North America
brb,1891,32.52,Barbados,North America
brb,1892,32.54,Barbados,North America
brb,1893,32.56,Barbados,North America
brb,1894,32.58,Barbados,North America
brb,1895,32.6,Barbados,North America
brb,1896,32.62,Barbados,North America
brb,1897,32.64,Barbados,North America
brb,1898,32.65,Barbados,North America
brb,1899,32.67,Barbados,North America
brb,1900,32.69,Barbados,North America
brb,1901,32.71,Barbados,North America
brb,1902,32.73,Barbados,North America
brb,1903,32.75,Barbados,North America
brb,1904,32.77,Barbados,North America
brb,1905,32.79,Barbados,North America
brb,1906,32.81,Barbados,North America
brb,1907,32.83,Barbados,North America
brb,1908,32.84,Barbados,North America
brb,1909,32.86,Barbados,North America
brb,1910,32.88,Barbados,North America
brb,1911,32.9,Barbados,North America
brb,1912,32.92,Barbados,North America
brb,1913,32.94,Barbados,North America
brb,1914,32.96,Barbados,North America
brb,1915,32.98,Barbados,North America
brb,1916,33,Barbados,North America
brb,1917,33.01,Barbados,North America
brb,1918,21.42,Barbados,North America
brb,1919,33.05,Barbados,North America
brb,1920,33.07,Barbados,North America
brb,1921,33.09,Barbados,North America
brb,1922,33.96,Barbados,North America
brb,1923,34.84,Barbados,North America
brb,1924,35.71,Barbados,North America
brb,1925,36.58,Barbados,North America
brb,1926,37.46,Barbados,North America
brb,1927,38.34,Barbados,North America
brb,1928,39.21,Barbados,North America
brb,1929,40.09,Barbados,North America
brb,1930,40.97,Barbados,North America
brb,1931,41.85,Barbados,North America
brb,1932,42.74,Barbados,North America
brb,1933,43.62,Barbados,North America
brb,1934,44.5,Barbados,North America
brb,1935,45.39,Barbados,North America
brb,1936,46.27,Barbados,North America
brb,1937,47.16,Barbados,North America
brb,1938,48.05,Barbados,North America
brb,1939,48.94,Barbados,North America
brb,1940,49.82,Barbados,North America
brb,1941,50.72,Barbados,North America
brb,1942,51.61,Barbados,North America
brb,1943,52.5,Barbados,North America
brb,1944,53.39,Barbados,North America
brb,1945,54.29,Barbados,North America
brb,1946,55.18,Barbados,North America
brb,1947,56.08,Barbados,North America
brb,1948,56.98,Barbados,North America
brb,1949,57.87,Barbados,North America
brb,1950,58.77,Barbados,North America
brb,1951,59.22,Barbados,North America
brb,1952,59.89,Barbados,North America
brb,1953,60.86,Barbados,North America
brb,1954,61.96,Barbados,North America
brb,1955,62.11,Barbados,North America
brb,1956,63.55,Barbados,North America
brb,1957,64.25,Barbados,North America
brb,1958,64.98,Barbados,North America
brb,1959,65.67,Barbados,North America
brb,1960,66.14,Barbados,North America
brb,1961,66.45,Barbados,North America
brb,1962,67,Barbados,North America
brb,1963,67.45,Barbados,North America
brb,1964,67.82,Barbados,North America
brb,1965,68.23,Barbados,North America
brb,1966,68.46,Barbados,North America
brb,1967,68.68,Barbados,North America
brb,1968,68.79,Barbados,North America
brb,1969,68.91,Barbados,North America
brb,1970,69.18,Barbados,North America
brb,1971,69.54,Barbados,North America
brb,1972,69.75,Barbados,North America
brb,1973,69.95,Barbados,North America
brb,1974,70.14,Barbados,North America
brb,1975,70.33,Barbados,North America
brb,1976,69.74,Barbados,North America
brb,1977,71.04,Barbados,North America
brb,1978,71.62,Barbados,North America
brb,1979,72.28,Barbados,North America
brb,1980,72.96,Barbados,North America
brb,1981,73.52,Barbados,North America
brb,1982,73.92,Barbados,North America
brb,1983,73.94,Barbados,North America
brb,1984,74.01,Barbados,North America
brb,1985,73.95,Barbados,North America
brb,1986,74.16,Barbados,North America
brb,1987,73.98,Barbados,North America
brb,1988,74.03,Barbados,North America
brb,1989,73.98,Barbados,North America
brb,1990,73.86,Barbados,North America
brb,1991,74.16,Barbados,North America
brb,1992,73.94,Barbados,North America
brb,1993,73.92,Barbados,North America
brb,1994,73.84,Barbados,North America
brb,1995,73.9,Barbados,North America
brb,1996,74.1,Barbados,North America
brb,1997,74.19,Barbados,North America
brb,1998,74.45,Barbados,North America
brb,1999,74.8,Barbados,North America
brb,2000,74.74,Barbados,North America
brb,2001,75.22,Barbados,North America
brb,2002,75.07,Barbados,North America
brb,2003,74.89,Barbados,North America
brb,2004,74.91,Barbados,North America
brb,2005,75.24,Barbados,North America
brb,2006,75.4,Barbados,North America
brb,2007,75.55,Barbados,North America
brb,2008,75.77,Barbados,North America
brb,2009,76.09,Barbados,North America
brb,2010,76.16,Barbados,North America
brb,2011,76.24,Barbados,North America
brb,2012,76.48,Barbados,North America
brb,2013,76.5,Barbados,North America
brb,2014,76.48,Barbados,North America
brb,2015,76.51,Barbados,North America
brb,2016,76.54,Barbados,North America
brb,2017,76.54,Barbados,North America
brb,2018,76.46,Barbados,North America
brb,2019,76.2,Barbados,North America
brb,2020,76.21,Barbados,North America
brb,2021,76.43,Barbados,North America
brb,2022,76.56,Barbados,North America
brb,2023,76.68,Barbados,North America
brb,2024,76.82,Barbados,North America
brb,2025,76.95,Barbados,North America
brb,2026,77.09,Barbados,North America
brb,2027,77.23,Barbados,North America
brb,2028,77.38,Barbados,North America
brb,2029,77.52,Barbados,North America
brb,2030,77.67,Barbados,North America
brb,2031,77.82,Barbados,North America
brb,2032,77.96,Barbados,North America
brb,2033,78.1,Barbados,North America
brb,2034,78.24,Barbados,North America
brb,2035,78.38,Barbados,North America
brb,2036,78.51,Barbados,North America
brb,2037,78.64,Barbados,North America
brb,2038,78.78,Barbados,North America
brb,2039,78.91,Barbados,North America
brb,2040,79.04,Barbados,North America
brb,2041,79.17,Barbados,North America
brb,2042,79.3,Barbados,North America
brb,2043,79.43,Barbados,North America
brb,2044,79.56,Barbados,North America
brb,2045,79.69,Barbados,North America
brb,2046,79.81,Barbados,North America
brb,2047,79.94,Barbados,North America
brb,2048,80.06,Barbados,North America
brb,2049,80.19,Barbados,North America
brb,2050,80.31,Barbados,North America
brb,2051,80.44,Barbados,North America
brb,2052,80.56,Barbados,North America
brb,2053,80.68,Barbados,North America
brb,2054,80.8,Barbados,North America
brb,2055,80.91,Barbados,North America
brb,2056,81.03,Barbados,North America
brb,2057,81.14,Barbados,North America
brb,2058,81.25,Barbados,North America
brb,2059,81.36,Barbados,North America
brb,2060,81.47,Barbados,North America
brb,2061,81.58,Barbados,North America
brb,2062,81.69,Barbados,North America
brb,2063,81.79,Barbados,North America
brb,2064,81.89,Barbados,North America
brb,2065,82,Barbados,North America
brb,2066,82.1,Barbados,North America
brb,2067,82.2,Barbados,North America
brb,2068,82.29,Barbados,North America
brb,2069,82.39,Barbados,North America
brb,2070,82.48,Barbados,North America
brb,2071,82.58,Barbados,North America
brb,2072,82.68,Barbados,North America
brb,2073,82.77,Barbados,North America
brb,2074,82.87,Barbados,North America
brb,2075,82.97,Barbados,North America
brb,2076,83.06,Barbados,North America
brb,2077,83.16,Barbados,North America
brb,2078,83.26,Barbados,North America
brb,2079,83.35,Barbados,North America
brb,2080,83.45,Barbados,North America
brb,2081,83.54,Barbados,North America
brb,2082,83.64,Barbados,North America
brb,2083,83.73,Barbados,North America
brb,2084,83.83,Barbados,North America
brb,2085,83.93,Barbados,North America
brb,2086,84.03,Barbados,North America
brb,2087,84.12,Barbados,North America
brb,2088,84.22,Barbados,North America
brb,2089,84.32,Barbados,North America
brb,2090,84.42,Barbados,North America
brb,2091,84.51,Barbados,North America
brb,2092,84.61,Barbados,North America
brb,2093,84.71,Barbados,North America
brb,2094,84.81,Barbados,North America
brb,2095,84.9,Barbados,North America
brb,2096,85,Barbados,North America
brb,2097,85.1,Barbados,North America
brb,2098,85.19,Barbados,North America
brb,2099,85.29,Barbados,North America
brb,2100,85.38,Barbados,North America
blr,1800,36.2,Belarus,Europe
blr,1801,36.2,Belarus,Europe
blr,1802,36.2,Belarus,Europe
blr,1803,36.2,Belarus,Europe
blr,1804,36.2,Belarus,Europe
blr,1805,36.2,Belarus,Europe
blr,1806,36.2,Belarus,Europe
blr,1807,36.2,Belarus,Europe
blr,1808,36.2,Belarus,Europe
blr,1809,36.2,Belarus,Europe
blr,1810,36.2,Belarus,Europe
blr,1811,36.2,Belarus,Europe
blr,1812,36.2,Belarus,Europe
blr,1813,36.2,Belarus,Europe
blr,1814,36.2,Belarus,Europe
blr,1815,36.2,Belarus,Europe
blr,1816,36.2,Belarus,Europe
blr,1817,36.2,Belarus,Europe
blr,1818,36.2,Belarus,Europe
blr,1819,36.2,Belarus,Europe
blr,1820,36.2,Belarus,Europe
blr,1821,36.2,Belarus,Europe
blr,1822,36.2,Belarus,Europe
blr,1823,36.2,Belarus,Europe
blr,1824,36.2,Belarus,Europe
blr,1825,36.2,Belarus,Europe
blr,1826,36.2,Belarus,Europe
blr,1827,36.2,Belarus,Europe
blr,1828,36.2,Belarus,Europe
blr,1829,36.2,Belarus,Europe
blr,1830,36.2,Belarus,Europe
blr,1831,36.2,Belarus,Europe
blr,1832,36.2,Belarus,Europe
blr,1833,36.2,Belarus,Europe
blr,1834,36.2,Belarus,Europe
blr,1835,36.2,Belarus,Europe
blr,1836,36.2,Belarus,Europe
blr,1837,36.2,Belarus,Europe
blr,1838,36.2,Belarus,Europe
blr,1839,36.2,Belarus,Europe
blr,1840,36.2,Belarus,Europe
blr,1841,36.2,Belarus,Europe
blr,1842,36.2,Belarus,Europe
blr,1843,36.2,Belarus,Europe
blr,1844,36.2,Belarus,Europe
blr,1845,36.2,Belarus,Europe
blr,1846,36.2,Belarus,Europe
blr,1847,36.2,Belarus,Europe
blr,1848,36.2,Belarus,Europe
blr,1849,36.2,Belarus,Europe
blr,1850,36.2,Belarus,Europe
blr,1851,36.2,Belarus,Europe
blr,1852,36.2,Belarus,Europe
blr,1853,36.2,Belarus,Europe
blr,1854,36.2,Belarus,Europe
blr,1855,36.2,Belarus,Europe
blr,1856,36.2,Belarus,Europe
blr,1857,36.2,Belarus,Europe
blr,1858,36.2,Belarus,Europe
blr,1859,36.2,Belarus,Europe
blr,1860,36.2,Belarus,Europe
blr,1861,36.2,Belarus,Europe
blr,1862,36.2,Belarus,Europe
blr,1863,36.2,Belarus,Europe
blr,1864,36.2,Belarus,Europe
blr,1865,36.2,Belarus,Europe
blr,1866,36.2,Belarus,Europe
blr,1867,36.2,Belarus,Europe
blr,1868,36.2,Belarus,Europe
blr,1869,36.2,Belarus,Europe
blr,1870,36.2,Belarus,Europe
blr,1871,36.22,Belarus,Europe
blr,1872,36.24,Belarus,Europe
blr,1873,36.27,Belarus,Europe
blr,1874,36.29,Belarus,Europe
blr,1875,36.31,Belarus,Europe
blr,1876,36.33,Belarus,Europe
blr,1877,36.35,Belarus,Europe
blr,1878,36.38,Belarus,Europe
blr,1879,36.4,Belarus,Europe
blr,1880,36.42,Belarus,Europe
blr,1881,36.44,Belarus,Europe
blr,1882,36.47,Belarus,Europe
blr,1883,36.49,Belarus,Europe
blr,1884,36.51,Belarus,Europe
blr,1885,36.53,Belarus,Europe
blr,1886,36.55,Belarus,Europe
blr,1887,36.58,Belarus,Europe
blr,1888,36.6,Belarus,Europe
blr,1889,36.62,Belarus,Europe
blr,1890,36.64,Belarus,Europe
blr,1891,36.66,Belarus,Europe
blr,1892,36.69,Belarus,Europe
blr,1893,36.71,Belarus,Europe
blr,1894,36.73,Belarus,Europe
blr,1895,36.75,Belarus,Europe
blr,1896,36.77,Belarus,Europe
blr,1897,36.8,Belarus,Europe
blr,1898,36.82,Belarus,Europe
blr,1899,36.84,Belarus,Europe
blr,1900,36.86,Belarus,Europe
blr,1901,37.51,Belarus,Europe
blr,1902,38.15,Belarus,Europe
blr,1903,38.8,Belarus,Europe
blr,1904,39.45,Belarus,Europe
blr,1905,40.1,Belarus,Europe
blr,1906,40.74,Belarus,Europe
blr,1907,41.39,Belarus,Europe
blr,1908,42.04,Belarus,Europe
blr,1909,42.7,Belarus,Europe
blr,1910,43.35,Belarus,Europe
blr,1911,44,Belarus,Europe
blr,1912,44.65,Belarus,Europe
blr,1913,45.31,Belarus,Europe
blr,1914,44.08,Belarus,Europe
blr,1915,38.4,Belarus,Europe
blr,1916,38.42,Belarus,Europe
blr,1917,36.39,Belarus,Europe
blr,1918,32.29,Belarus,Europe
blr,1919,34.37,Belarus,Europe
blr,1920,31.35,Belarus,Europe
blr,1921,34.77,Belarus,Europe
blr,1922,35.72,Belarus,Europe
blr,1923,44.93,Belarus,Europe
blr,1924,47.54,Belarus,Europe
blr,1925,46.64,Belarus,Europe
blr,1926,49.97,Belarus,Europe
blr,1927,49.07,Belarus,Europe
blr,1928,50.76,Belarus,Europe
blr,1929,48.82,Belarus,Europe
blr,1930,48.8,Belarus,Europe
blr,1931,49.86,Belarus,Europe
blr,1932,40.81,Belarus,Europe
blr,1933,27,Belarus,Europe
blr,1934,43.77,Belarus,Europe
blr,1935,54.04,Belarus,Europe
blr,1936,54.8,Belarus,Europe
blr,1937,53.53,Belarus,Europe
blr,1938,54.86,Belarus,Europe
blr,1939,54.68,Belarus,Europe
blr,1940,54.51,Belarus,Europe
blr,1941,20.87,Belarus,Europe
blr,1942,15.66,Belarus,Europe
blr,1943,14.62,Belarus,Europe
blr,1944,21.95,Belarus,Europe
blr,1945,31.37,Belarus,Europe
blr,1946,60.35,Belarus,Europe
blr,1947,49.86,Belarus,Europe
blr,1948,63.14,Belarus,Europe
blr,1949,66.12,Belarus,Europe
blr,1950,68.2,Belarus,Europe
blr,1951,68.3,Belarus,Europe
blr,1952,68.55,Belarus,Europe
blr,1953,68.81,Belarus,Europe
blr,1954,69.06,Belarus,Europe
blr,1955,69.35,Belarus,Europe
blr,1956,69.7,Belarus,Europe
blr,1957,69.98,Belarus,Europe
blr,1958,70.13,Belarus,Europe
blr,1959,69.71,Belarus,Europe
blr,1960,71.03,Belarus,Europe
blr,1961,71.48,Belarus,Europe
blr,1962,71.21,Belarus,Europe
blr,1963,71.8,Belarus,Europe
blr,1964,72.8,Belarus,Europe
blr,1965,72.61,Belarus,Europe
blr,1966,72.8,Belarus,Europe
blr,1967,72.61,Belarus,Europe
blr,1968,72.7,Belarus,Europe
blr,1969,72.45,Belarus,Europe
blr,1970,72.13,Belarus,Europe
blr,1971,72.36,Belarus,Europe
blr,1972,72.16,Belarus,Europe
blr,1973,72.27,Belarus,Europe
blr,1974,72.48,Belarus,Europe
blr,1975,71.88,Belarus,Europe
blr,1976,71.73,Belarus,Europe
blr,1977,71.59,Belarus,Europe
blr,1978,71.48,Belarus,Europe
blr,1979,71.2,Belarus,Europe
blr,1980,71.04,Belarus,Europe
blr,1981,71.25,Belarus,Europe
blr,1982,71.4,Belarus,Europe
blr,1983,71.2,Belarus,Europe
blr,1984,70.54,Belarus,Europe
blr,1985,71.06,Belarus,Europe
blr,1986,72.35,Belarus,Europe
blr,1987,72.15,Belarus,Europe
blr,1988,72.15,Belarus,Europe
blr,1989,71.63,Belarus,Europe
blr,1990,71.31,Belarus,Europe
blr,1991,70.84,Belarus,Europe
blr,1992,70.35,Belarus,Europe
blr,1993,69.29,Belarus,Europe
blr,1994,69.13,Belarus,Europe
blr,1995,68.68,Belarus,Europe
blr,1996,68.88,Belarus,Europe
blr,1997,68.69,Belarus,Europe
blr,1998,68.44,Belarus,Europe
blr,1999,68.18,Belarus,Europe
blr,2000,69.03,Belarus,Europe
blr,2001,68.57,Belarus,Europe
blr,2002,68.05,Belarus,Europe
blr,2003,68.58,Belarus,Europe
blr,2004,68.99,Belarus,Europe
blr,2005,68.85,Belarus,Europe
blr,2006,69.48,Belarus,Europe
blr,2007,70.36,Belarus,Europe
blr,2008,70.53,Belarus,Europe
blr,2009,70.62,Belarus,Europe
blr,2010,70.61,Belarus,Europe
blr,2011,70.54,Belarus,Europe
blr,2012,72.32,Belarus,Europe
blr,2013,72.76,Belarus,Europe
blr,2014,73.14,Belarus,Europe
blr,2015,73.66,Belarus,Europe
blr,2016,73.84,Belarus,Europe
blr,2017,73.84,Belarus,Europe
blr,2018,73.98,Belarus,Europe
blr,2019,74.02,Belarus,Europe
blr,2020,73.46,Belarus,Europe
blr,2021,74.3,Belarus,Europe
blr,2022,74.42,Belarus,Europe
blr,2023,74.53,Belarus,Europe
blr,2024,74.65,Belarus,Europe
blr,2025,74.77,Belarus,Europe
blr,2026,74.91,Belarus,Europe
blr,2027,75.05,Belarus,Europe
blr,2028,75.19,Belarus,Europe
blr,2029,75.33,Belarus,Europe
blr,2030,75.47,Belarus,Europe
blr,2031,75.61,Belarus,Europe
blr,2032,75.75,Belarus,Europe
blr,2033,75.89,Belarus,Europe
blr,2034,76.03,Belarus,Europe
blr,2035,76.16,Belarus,Europe
blr,2036,76.3,Belarus,Europe
blr,2037,76.44,Belarus,Europe
blr,2038,76.58,Belarus,Europe
blr,2039,76.72,Belarus,Europe
blr,2040,76.85,Belarus,Europe
blr,2041,76.99,Belarus,Europe
blr,2042,77.13,Belarus,Europe
blr,2043,77.27,Belarus,Europe
blr,2044,77.41,Belarus,Europe
blr,2045,77.55,Belarus,Europe
blr,2046,77.69,Belarus,Europe
blr,2047,77.83,Belarus,Europe
blr,2048,77.98,Belarus,Europe
blr,2049,78.12,Belarus,Europe
blr,2050,78.26,Belarus,Europe
blr,2051,78.4,Belarus,Europe
blr,2052,78.54,Belarus,Europe
blr,2053,78.68,Belarus,Europe
blr,2054,78.82,Belarus,Europe
blr,2055,78.97,Belarus,Europe
blr,2056,79.11,Belarus,Europe
blr,2057,79.25,Belarus,Europe
blr,2058,79.39,Belarus,Europe
blr,2059,79.53,Belarus,Europe
blr,2060,79.67,Belarus,Europe
blr,2061,79.81,Belarus,Europe
blr,2062,79.94,Belarus,Europe
blr,2063,80.08,Belarus,Europe
blr,2064,80.21,Belarus,Europe
blr,2065,80.35,Belarus,Europe
blr,2066,80.48,Belarus,Europe
blr,2067,80.61,Belarus,Europe
blr,2068,80.73,Belarus,Europe
blr,2069,80.86,Belarus,Europe
blr,2070,80.98,Belarus,Europe
blr,2071,81.11,Belarus,Europe
blr,2072,81.23,Belarus,Europe
blr,2073,81.35,Belarus,Europe
blr,2074,81.47,Belarus,Europe
blr,2075,81.59,Belarus,Europe
blr,2076,81.71,Belarus,Europe
blr,2077,81.83,Belarus,Europe
blr,2078,81.94,Belarus,Europe
blr,2079,82.06,Belarus,Europe
blr,2080,82.17,Belarus,Europe
blr,2081,82.28,Belarus,Europe
blr,2082,82.39,Belarus,Europe
blr,2083,82.5,Belarus,Europe
blr,2084,82.61,Belarus,Europe
blr,2085,82.72,Belarus,Europe
blr,2086,82.83,Belarus,Europe
blr,2087,82.93,Belarus,Europe
blr,2088,83.04,Belarus,Europe
blr,2089,83.15,Belarus,Europe
blr,2090,83.25,Belarus,Europe
blr,2091,83.36,Belarus,Europe
blr,2092,83.47,Belarus,Europe
blr,2093,83.57,Belarus,Europe
blr,2094,83.67,Belarus,Europe
blr,2095,83.77,Belarus,Europe
blr,2096,83.88,Belarus,Europe
blr,2097,83.98,Belarus,Europe
blr,2098,84.07,Belarus,Europe
blr,2099,84.17,Belarus,Europe
blr,2100,84.27,Belarus,Europe
bel,1800,40,Belgium,Europe
bel,1801,40.01,Belgium,Europe
bel,1802,40.02,Belgium,Europe
bel,1803,40.02,Belgium,Europe
bel,1804,40.03,Belgium,Europe
bel,1805,40.04,Belgium,Europe
bel,1806,40.05,Belgium,Europe
bel,1807,40.06,Belgium,Europe
bel,1808,40.06,Belgium,Europe
bel,1809,40.07,Belgium,Europe
bel,1810,40.08,Belgium,Europe
bel,1811,40.09,Belgium,Europe
bel,1812,40.1,Belgium,Europe
bel,1813,40.1,Belgium,Europe
bel,1814,40.11,Belgium,Europe
bel,1815,40.12,Belgium,Europe
bel,1816,40.13,Belgium,Europe
bel,1817,40.14,Belgium,Europe
bel,1818,40.14,Belgium,Europe
bel,1819,40.15,Belgium,Europe
bel,1820,40.16,Belgium,Europe
bel,1821,40.17,Belgium,Europe
bel,1822,40.18,Belgium,Europe
bel,1823,40.19,Belgium,Europe
bel,1824,40.19,Belgium,Europe
bel,1825,40.2,Belgium,Europe
bel,1826,40.21,Belgium,Europe
bel,1827,40.22,Belgium,Europe
bel,1828,40.23,Belgium,Europe
bel,1829,40.23,Belgium,Europe
bel,1830,40.24,Belgium,Europe
bel,1831,40.25,Belgium,Europe
bel,1832,40.26,Belgium,Europe
bel,1833,40.27,Belgium,Europe
bel,1834,40.27,Belgium,Europe
bel,1835,40.28,Belgium,Europe
bel,1836,40.29,Belgium,Europe
bel,1837,40.3,Belgium,Europe
bel,1838,40.31,Belgium,Europe
bel,1839,40.31,Belgium,Europe
bel,1840,40.32,Belgium,Europe
bel,1841,40.33,Belgium,Europe
bel,1842,38.66,Belgium,Europe
bel,1843,40.36,Belgium,Europe
bel,1844,41.9,Belgium,Europe
bel,1845,41.03,Belgium,Europe
bel,1846,37.83,Belgium,Europe
bel,1847,35.11,Belgium,Europe
bel,1848,38.04,Belgium,Europe
bel,1849,34.5,Belgium,Europe
bel,1850,42.28,Belgium,Europe
bel,1851,41.88,Belgium,Europe
bel,1852,41.77,Belgium,Europe
bel,1853,41.33,Belgium,Europe
bel,1854,39.78,Belgium,Europe
bel,1855,37.49,Belgium,Europe
bel,1856,40.92,Belgium,Europe
bel,1857,40.49,Belgium,Europe
bel,1858,40.18,Belgium,Europe
bel,1859,38.98,Belgium,Europe
bel,1860,45.12,Belgium,Europe
bel,1861,41.27,Belgium,Europe
bel,1862,43.12,Belgium,Europe
bel,1863,41.33,Belgium,Europe
bel,1864,39.81,Belgium,Europe
bel,1865,37.74,Belgium,Europe
bel,1866,32.47,Belgium,Europe
bel,1867,43.08,Belgium,Europe
bel,1868,42.56,Belgium,Europe
bel,1869,42.58,Belgium,Europe
bel,1870,40.92,Belgium,Europe
bel,1871,34.35,Belgium,Europe
bel,1872,40.04,Belgium,Europe
bel,1873,43.49,Belgium,Europe
bel,1874,44.68,Belgium,Europe
bel,1875,42.18,Belgium,Europe
bel,1876,43.69,Belgium,Europe
bel,1877,44.5,Belgium,Europe
bel,1878,44.26,Belgium,Europe
bel,1879,43.86,Belgium,Europe
bel,1880,42.5,Belgium,Europe
bel,1881,44.44,Belgium,Europe
bel,1882,45.57,Belgium,Europe
bel,1883,44.92,Belgium,Europe
bel,1884,44.27,Belgium,Europe
bel,1885,45.51,Belgium,Europe
bel,1886,43.4,Belgium,Europe
bel,1887,46.1,Belgium,Europe
bel,1888,44.96,Belgium,Europe
bel,1889,45.11,Belgium,Europe
bel,1890,44.19,Belgium,Europe
bel,1891,44.11,Belgium,Europe
bel,1892,43.21,Belgium,Europe
bel,1893,44.49,Belgium,Europe
bel,1894,46.71,Belgium,Europe
bel,1895,45.52,Belgium,Europe
bel,1896,48.12,Belgium,Europe
bel,1897,48.89,Belgium,Europe
bel,1898,48.19,Belgium,Europe
bel,1899,46.56,Belgium,Europe
bel,1900,46.66,Belgium,Europe
bel,1901,49.52,Belgium,Europe
bel,1902,49.26,Belgium,Europe
bel,1903,49.34,Belgium,Europe
bel,1904,49.41,Belgium,Europe
bel,1905,50.1,Belgium,Europe
bel,1906,49.83,Belgium,Europe
bel,1907,51.21,Belgium,Europe
bel,1908,49.8,Belgium,Europe
bel,1909,50.8,Belgium,Europe
bel,1910,51.47,Belgium,Europe
bel,1911,49.35,Belgium,Europe
bel,1912,52.37,Belgium,Europe
bel,1913,52.63,Belgium,Europe
bel,1914,42.09,Belgium,Europe
bel,1915,40.09,Belgium,Europe
bel,1916,42.1,Belgium,Europe
bel,1917,43.1,Belgium,Europe
bel,1918,35.03,Belgium,Europe
bel,1919,49.98,Belgium,Europe
bel,1920,53.8,Belgium,Europe
bel,1921,54.89,Belgium,Europe
bel,1922,55.3,Belgium,Europe
bel,1923,56.92,Belgium,Europe
bel,1924,57.67,Belgium,Europe
bel,1925,57.32,Belgium,Europe
bel,1926,57.13,Belgium,Europe
bel,1927,57.37,Belgium,Europe
bel,1928,57.7,Belgium,Europe
bel,1929,55.24,Belgium,Europe
bel,1930,57.35,Belgium,Europe
bel,1931,58.69,Belgium,Europe
bel,1932,58.78,Belgium,Europe
bel,1933,58.95,Belgium,Europe
bel,1934,60.62,Belgium,Europe
bel,1935,60.21,Belgium,Europe
bel,1936,60.21,Belgium,Europe
bel,1937,60.21,Belgium,Europe
bel,1938,60.36,Belgium,Europe
bel,1939,60.22,Belgium,Europe
bel,1940,56.16,Belgium,Europe
bel,1941,59.16,Belgium,Europe
bel,1942,59.42,Belgium,Europe
bel,1943,60.62,Belgium,Europe
bel,1944,57.16,Belgium,Europe
bel,1945,58.61,Belgium,Europe
bel,1946,62.16,Belgium,Europe
bel,1947,63.71,Belgium,Europe
bel,1948,65.24,Belgium,Europe
bel,1949,65.74,Belgium,Europe
bel,1950,66.62,Belgium,Europe
bel,1951,67.11,Belgium,Europe
bel,1952,68.03,Belgium,Europe
bel,1953,68.47,Belgium,Europe
bel,1954,68.67,Belgium,Europe
bel,1955,68.8,Belgium,Europe
bel,1956,68.97,Belgium,Europe
bel,1957,69.45,Belgium,Europe
bel,1958,69.96,Belgium,Europe
bel,1959,70.24,Belgium,Europe
bel,1960,70.07,Belgium,Europe
bel,1961,70.39,Belgium,Europe
bel,1962,70.42,Belgium,Europe
bel,1963,70.4,Belgium,Europe
bel,1964,70.69,Belgium,Europe
bel,1965,70.76,Belgium,Europe
bel,1966,70.81,Belgium,Europe
bel,1967,70.79,Belgium,Europe
bel,1968,70.85,Belgium,Europe
bel,1969,70.88,Belgium,Europe
bel,1970,71.1,Belgium,Europe
bel,1971,71.27,Belgium,Europe
bel,1972,71.52,Belgium,Europe
bel,1973,71.78,Belgium,Europe
bel,1974,72.01,Belgium,Europe
bel,1975,72.15,Belgium,Europe
bel,1976,72.36,Belgium,Europe
bel,1977,72.76,Belgium,Europe
bel,1978,72.91,Belgium,Europe
bel,1979,73.21,Belgium,Europe
bel,1980,73.33,Belgium,Europe
bel,1981,73.61,Belgium,Europe
bel,1982,73.81,Belgium,Europe
bel,1983,73.97,Belgium,Europe
bel,1984,74.31,Belgium,Europe
bel,1985,74.61,Belgium,Europe
bel,1986,74.91,Belgium,Europe
bel,1987,75.31,Belgium,Europe
bel,1988,75.66,Belgium,Europe
bel,1989,75.86,Belgium,Europe
bel,1990,76.15,Belgium,Europe
bel,1991,76.36,Belgium,Europe
bel,1992,76.48,Belgium,Europe
bel,1993,76.58,Belgium,Europe
bel,1994,76.79,Belgium,Europe
bel,1995,77.01,Belgium,Europe
bel,1996,77.31,Belgium,Europe
bel,1997,77.52,Belgium,Europe
bel,1998,77.67,Belgium,Europe
bel,1999,77.84,Belgium,Europe
bel,2000,78.04,Belgium,Europe
bel,2001,78.3,Belgium,Europe
bel,2002,78.45,Belgium,Europe
bel,2003,78.68,Belgium,Europe
bel,2004,79.08,Belgium,Europe
bel,2005,79.32,Belgium,Europe
bel,2006,79.64,Belgium,Europe
bel,2007,79.76,Belgium,Europe
bel,2008,79.88,Belgium,Europe
bel,2009,80.04,Belgium,Europe
bel,2010,80.23,Belgium,Europe
bel,2011,80.4,Belgium,Europe
bel,2012,80.48,Belgium,Europe
bel,2013,80.67,Belgium,Europe
bel,2014,81.03,Belgium,Europe
bel,2015,81.09,Belgium,Europe
bel,2016,81.31,Belgium,Europe
bel,2017,81.38,Belgium,Europe
bel,2018,81.4,Belgium,Europe
bel,2019,81.41,Belgium,Europe
bel,2020,80.2,Belgium,Europe
bel,2021,81.72,Belgium,Europe
bel,2022,81.87,Belgium,Europe
bel,2023,82.03,Belgium,Europe
bel,2024,82.18,Belgium,Europe
bel,2025,82.34,Belgium,Europe
bel,2026,82.49,Belgium,Europe
bel,2027,82.64,Belgium,Europe
bel,2028,82.8,Belgium,Europe
bel,2029,82.95,Belgium,Europe
bel,2030,83.1,Belgium,Europe
bel,2031,83.24,Belgium,Europe
bel,2032,83.38,Belgium,Europe
bel,2033,83.52,Belgium,Europe
bel,2034,83.65,Belgium,Europe
bel,2035,83.78,Belgium,Europe
bel,2036,83.91,Belgium,Europe
bel,2037,84.04,Belgium,Europe
bel,2038,84.16,Belgium,Europe
bel,2039,84.28,Belgium,Europe
bel,2040,84.41,Belgium,Europe
bel,2041,84.53,Belgium,Europe
bel,2042,84.65,Belgium,Europe
bel,2043,84.77,Belgium,Europe
bel,2044,84.89,Belgium,Europe
bel,2045,85.01,Belgium,Europe
bel,2046,85.13,Belgium,Europe
bel,2047,85.25,Belgium,Europe
bel,2048,85.36,Belgium,Europe
bel,2049,85.47,Belgium,Europe
bel,2050,85.59,Belgium,Europe
bel,2051,85.7,Belgium,Europe
bel,2052,85.81,Belgium,Europe
bel,2053,85.92,Belgium,Europe
bel,2054,86.04,Belgium,Europe
bel,2055,86.15,Belgium,Europe
bel,2056,86.26,Belgium,Europe
bel,2057,86.37,Belgium,Europe
bel,2058,86.48,Belgium,Europe
bel,2059,86.59,Belgium,Europe
bel,2060,86.7,Belgium,Europe
bel,2061,86.81,Belgium,Europe
bel,2062,86.92,Belgium,Europe
bel,2063,87.03,Belgium,Europe
bel,2064,87.15,Belgium,Europe
bel,2065,87.26,Belgium,Europe
bel,2066,87.37,Belgium,Europe
bel,2067,87.48,Belgium,Europe
bel,2068,87.59,Belgium,Europe
bel,2069,87.69,Belgium,Europe
bel,2070,87.8,Belgium,Europe
bel,2071,87.91,Belgium,Europe
bel,2072,88.02,Belgium,Europe
bel,2073,88.13,Belgium,Europe
bel,2074,88.23,Belgium,Europe
bel,2075,88.34,Belgium,Europe
bel,2076,88.45,Belgium,Europe
bel,2077,88.56,Belgium,Europe
bel,2078,88.67,Belgium,Europe
bel,2079,88.78,Belgium,Europe
bel,2080,88.89,Belgium,Europe
bel,2081,89,Belgium,Europe
bel,2082,89.11,Belgium,Europe
bel,2083,89.22,Belgium,Europe
bel,2084,89.33,Belgium,Europe
bel,2085,89.44,Belgium,Europe
bel,2086,89.54,Belgium,Europe
bel,2087,89.65,Belgium,Europe
bel,2088,89.76,Belgium,Europe
bel,2089,89.87,Belgium,Europe
bel,2090,89.98,Belgium,Europe
bel,2091,90.09,Belgium,Europe
bel,2092,90.19,Belgium,Europe
bel,2093,90.3,Belgium,Europe
bel,2094,90.41,Belgium,Europe
bel,2095,90.52,Belgium,Europe
bel,2096,90.63,Belgium,Europe
bel,2097,90.74,Belgium,Europe
bel,2098,90.84,Belgium,Europe
bel,2099,90.95,Belgium,Europe
bel,2100,91.06,Belgium,Europe
blz,1800,26.5,Belize,North America
blz,1801,26.5,Belize,North America
blz,1802,26.5,Belize,North America
blz,1803,26.5,Belize,North America
blz,1804,26.5,Belize,North America
blz,1805,26.5,Belize,North America
blz,1806,26.5,Belize,North America
blz,1807,26.5,Belize,North America
blz,1808,26.5,Belize,North America
blz,1809,26.5,Belize,North America
blz,1810,26.5,Belize,North America
blz,1811,26.5,Belize,North America
blz,1812,26.5,Belize,North America
blz,1813,26.5,Belize,North America
blz,1814,26.5,Belize,North America
blz,1815,26.5,Belize,North America
blz,1816,26.5,Belize,North America
blz,1817,26.5,Belize,North America
blz,1818,26.5,Belize,North America
blz,1819,26.5,Belize,North America
blz,1820,26.5,Belize,North America
blz,1821,26.5,Belize,North America
blz,1822,26.5,Belize,North America
blz,1823,26.5,Belize,North America
blz,1824,26.5,Belize,North America
blz,1825,26.5,Belize,North America
blz,1826,26.5,Belize,North America
blz,1827,26.5,Belize,North America
blz,1828,26.5,Belize,North America
blz,1829,26.5,Belize,North America
blz,1830,26.5,Belize,North America
blz,1831,26.5,Belize,North America
blz,1832,26.5,Belize,North America
blz,1833,26.5,Belize,North America
blz,1834,26.5,Belize,North America
blz,1835,26.5,Belize,North America
blz,1836,26.5,Belize,North America
blz,1837,26.5,Belize,North America
blz,1838,26.5,Belize,North America
blz,1839,26.5,Belize,North America
blz,1840,26.5,Belize,North America
blz,1841,26.5,Belize,North America
blz,1842,26.5,Belize,North America
blz,1843,26.5,Belize,North America
blz,1844,26.5,Belize,North America
blz,1845,26.5,Belize,North America
blz,1846,26.5,Belize,North America
blz,1847,26.5,Belize,North America
blz,1848,26.5,Belize,North America
blz,1849,26.5,Belize,North America
blz,1850,26.5,Belize,North America
blz,1851,26.5,Belize,North America
blz,1852,26.5,Belize,North America
blz,1853,26.5,Belize,North America
blz,1854,26.5,Belize,North America
blz,1855,26.5,Belize,North America
blz,1856,26.5,Belize,North America
blz,1857,26.5,Belize,North America
blz,1858,26.5,Belize,North America
blz,1859,26.5,Belize,North America
blz,1860,26.5,Belize,North America
blz,1861,26.5,Belize,North America
blz,1862,26.5,Belize,North America
blz,1863,26.5,Belize,North America
blz,1864,26.5,Belize,North America
blz,1865,26.5,Belize,North America
blz,1866,26.5,Belize,North America
blz,1867,26.5,Belize,North America
blz,1868,26.5,Belize,North America
blz,1869,26.5,Belize,North America
blz,1870,26.5,Belize,North America
blz,1871,26.5,Belize,North America
blz,1872,26.51,Belize,North America
blz,1873,26.51,Belize,North America
blz,1874,26.52,Belize,North America
blz,1875,26.52,Belize,North America
blz,1876,26.52,Belize,North America
blz,1877,26.53,Belize,North America
blz,1878,26.53,Belize,North America
blz,1879,26.53,Belize,North America
blz,1880,26.54,Belize,North America
blz,1881,26.54,Belize,North America
blz,1882,26.55,Belize,North America
blz,1883,26.55,Belize,North America
blz,1884,26.55,Belize,North America
blz,1885,26.56,Belize,North America
blz,1886,26.56,Belize,North America
blz,1887,26.57,Belize,North America
blz,1888,26.57,Belize,North America
blz,1889,26.57,Belize,North America
blz,1890,26.58,Belize,North America
blz,1891,26.58,Belize,North America
blz,1892,26.59,Belize,North America
blz,1893,26.59,Belize,North America
blz,1894,26.59,Belize,North America
blz,1895,26.6,Belize,North America
blz,1896,26.6,Belize,North America
blz,1897,26.6,Belize,North America
blz,1898,26.61,Belize,North America
blz,1899,26.61,Belize,North America
blz,1900,26.62,Belize,North America
blz,1901,26.62,Belize,North America
blz,1902,26.62,Belize,North America
blz,1903,26.63,Belize,North America
blz,1904,26.63,Belize,North America
blz,1905,26.64,Belize,North America
blz,1906,26.64,Belize,North America
blz,1907,26.64,Belize,North America
blz,1908,26.65,Belize,North America
blz,1909,26.65,Belize,North America
blz,1910,26.65,Belize,North America
blz,1911,27.22,Belize,North America
blz,1912,27.79,Belize,North America
blz,1913,28.36,Belize,North America
blz,1914,28.93,Belize,North America
blz,1915,29.51,Belize,North America
blz,1916,30.08,Belize,North America
blz,1917,30.65,Belize,North America
blz,1918,27.1,Belize,North America
blz,1919,31.79,Belize,North America
blz,1920,32.36,Belize,North America
blz,1921,32.93,Belize,North America
blz,1922,33.5,Belize,North America
blz,1923,34.07,Belize,North America
blz,1924,34.65,Belize,North America
blz,1925,35.22,Belize,North America
blz,1926,35.79,Belize,North America
blz,1927,36.36,Belize,North America
blz,1928,36.94,Belize,North America
blz,1929,37.51,Belize,North America
blz,1930,38.08,Belize,North America
blz,1931,38.65,Belize,North America
blz,1932,39.23,Belize,North America
blz,1933,39.8,Belize,North America
blz,1934,40.37,Belize,North America
blz,1935,41.31,Belize,North America
blz,1936,42.25,Belize,North America
blz,1937,43.19,Belize,North America
blz,1938,44.14,Belize,North America
blz,1939,45.08,Belize,North America
blz,1940,46.02,Belize,North America
blz,1941,46.96,Belize,North America
blz,1942,47.9,Belize,North America
blz,1943,48.84,Belize,North America
blz,1944,49.79,Belize,North America
blz,1945,50.73,Belize,North America
blz,1946,51.67,Belize,North America
blz,1947,52.62,Belize,North America
blz,1948,53.56,Belize,North America
blz,1949,54.5,Belize,North America
blz,1950,55.45,Belize,North America
blz,1951,56.04,Belize,North America
blz,1952,56.87,Belize,North America
blz,1953,57.62,Belize,North America
blz,1954,58.13,Belize,North America
blz,1955,58.84,Belize,North America
blz,1956,60.47,Belize,North America
blz,1957,61,Belize,North America
blz,1958,61.88,Belize,North America
blz,1959,62.91,Belize,North America
blz,1960,63.93,Belize,North America
blz,1961,57.9,Belize,North America
blz,1962,64.86,Belize,North America
blz,1963,65.52,Belize,North America
blz,1964,66.05,Belize,North America
blz,1965,66.43,Belize,North America
blz,1966,66.53,Belize,North America
blz,1967,66.73,Belize,North America
blz,1968,67.12,Belize,North America
blz,1969,67.31,Belize,North America
blz,1970,67.51,Belize,North America
blz,1971,67.96,Belize,North America
blz,1972,68.21,Belize,North America
blz,1973,68.55,Belize,North America
blz,1974,69.14,Belize,North America
blz,1975,69.56,Belize,North America
blz,1976,69.61,Belize,North America
blz,1977,69.92,Belize,North America
blz,1978,70.05,Belize,North America
blz,1979,70.73,Belize,North America
blz,1980,70.87,Belize,North America
blz,1981,71.3,Belize,North America
blz,1982,71.57,Belize,North America
blz,1983,71.73,Belize,North America
blz,1984,71.87,Belize,North America
blz,1985,72.08,Belize,North America
blz,1986,72.44,Belize,North America
blz,1987,72.76,Belize,North America
blz,1988,72.89,Belize,North America
blz,1989,72.76,Belize,North America
blz,1990,72.79,Belize,North America
blz,1991,73.08,Belize,North America
blz,1992,73.56,Belize,North America
blz,1993,73.47,Belize,North America
blz,1994,73.18,Belize,North America
blz,1995,72.9,Belize,North America
blz,1996,72.23,Belize,North America
blz,1997,71.43,Belize,North America
blz,1998,70.64,Belize,North America
blz,1999,70.31,Belize,North America
blz,2000,69.98,Belize,North America
blz,2001,70.61,Belize,North America
blz,2002,71.43,Belize,North America
blz,2003,71.84,Belize,North America
blz,2004,72.02,Belize,North America
blz,2005,72.43,Belize,North America
blz,2006,72.63,Belize,North America
blz,2007,73.11,Belize,North America
blz,2008,73.62,Belize,North America
blz,2009,73.66,Belize,North America
blz,2010,73.58,Belize,North America
blz,2011,73.84,Belize,North America
blz,2012,74.25,Belize,North America
blz,2013,74.35,Belize,North America
blz,2014,74.25,Belize,North America
blz,2015,74.19,Belize,North America
blz,2016,74.37,Belize,North America
blz,2017,74.5,Belize,North America
blz,2018,74.39,Belize,North America
blz,2019,74.46,Belize,North America
blz,2020,72.12,Belize,North America
blz,2021,74.73,Belize,North America
blz,2022,74.87,Belize,North America
blz,2023,75.01,Belize,North America
blz,2024,75.15,Belize,North America
blz,2025,75.29,Belize,North America
blz,2026,75.44,Belize,North America
blz,2027,75.59,Belize,North America
blz,2028,75.73,Belize,North America
blz,2029,75.88,Belize,North America
blz,2030,76.02,Belize,North America
blz,2031,76.17,Belize,North America
blz,2032,76.31,Belize,North America
blz,2033,76.46,Belize,North America
blz,2034,76.6,Belize,North America
blz,2035,76.75,Belize,North America
blz,2036,76.9,Belize,North America
blz,2037,77.04,Belize,North America
blz,2038,77.19,Belize,North America
blz,2039,77.33,Belize,North America
blz,2040,77.48,Belize,North America
blz,2041,77.62,Belize,North America
blz,2042,77.77,Belize,North America
blz,2043,77.91,Belize,North America
blz,2044,78.06,Belize,North America
blz,2045,78.2,Belize,North America
blz,2046,78.34,Belize,North America
blz,2047,78.49,Belize,North America
blz,2048,78.63,Belize,North America
blz,2049,78.78,Belize,North America
blz,2050,78.92,Belize,North America
blz,2051,79.07,Belize,North America
blz,2052,79.21,Belize,North America
blz,2053,79.36,Belize,North America
blz,2054,79.5,Belize,North America
blz,2055,79.64,Belize,North America
blz,2056,79.79,Belize,North America
blz,2057,79.93,Belize,North America
blz,2058,80.08,Belize,North America
blz,2059,80.23,Belize,North America
blz,2060,80.37,Belize,North America
blz,2061,80.52,Belize,North America
blz,2062,80.67,Belize,North America
blz,2063,80.81,Belize,North America
blz,2064,80.95,Belize,North America
blz,2065,81.1,Belize,North America
blz,2066,81.24,Belize,North America
blz,2067,81.38,Belize,North America
blz,2068,81.53,Belize,North America
blz,2069,81.67,Belize,North America
blz,2070,81.81,Belize,North America
blz,2071,81.95,Belize,North America
blz,2072,82.09,Belize,North America
blz,2073,82.23,Belize,North America
blz,2074,82.36,Belize,North America
blz,2075,82.49,Belize,North America
blz,2076,82.63,Belize,North America
blz,2077,82.76,Belize,North America
blz,2078,82.89,Belize,North America
blz,2079,83.02,Belize,North America
blz,2080,83.15,Belize,North America
blz,2081,83.27,Belize,North America
blz,2082,83.4,Belize,North America
blz,2083,83.53,Belize,North America
blz,2084,83.65,Belize,North America
blz,2085,83.77,Belize,North America
blz,2086,83.89,Belize,North America
blz,2087,84.01,Belize,North America
blz,2088,84.12,Belize,North America
blz,2089,84.24,Belize,North America
blz,2090,84.35,Belize,North America
blz,2091,84.46,Belize,North America
blz,2092,84.58,Belize,North America
blz,2093,84.69,Belize,North America
blz,2094,84.8,Belize,North America
blz,2095,84.91,Belize,North America
blz,2096,85.02,Belize,North America
blz,2097,85.13,Belize,North America
blz,2098,85.24,Belize,North America
blz,2099,85.35,Belize,North America
blz,2100,85.46,Belize,North America
ben,1800,31,Benin,Africa
ben,1801,31,Benin,Africa
ben,1802,31,Benin,Africa
ben,1803,31,Benin,Africa
ben,1804,31,Benin,Africa
ben,1805,31,Benin,Africa
ben,1806,31,Benin,Africa
ben,1807,31,Benin,Africa
ben,1808,31,Benin,Africa
ben,1809,31,Benin,Africa
ben,1810,31,Benin,Africa
ben,1811,31,Benin,Africa
ben,1812,31,Benin,Africa
ben,1813,31,Benin,Africa
ben,1814,31,Benin,Africa
ben,1815,31,Benin,Africa
ben,1816,31,Benin,Africa
ben,1817,31,Benin,Africa
ben,1818,31,Benin,Africa
ben,1819,31,Benin,Africa
ben,1820,31,Benin,Africa
ben,1821,31,Benin,Africa
ben,1822,31,Benin,Africa
ben,1823,31,Benin,Africa
ben,1824,31,Benin,Africa
ben,1825,31,Benin,Africa
ben,1826,31,Benin,Africa
ben,1827,31,Benin,Africa
ben,1828,31,Benin,Africa
ben,1829,31,Benin,Africa
ben,1830,31,Benin,Africa
ben,1831,31,Benin,Africa
ben,1832,31,Benin,Africa
ben,1833,31,Benin,Africa
ben,1834,31,Benin,Africa
ben,1835,31,Benin,Africa
ben,1836,31,Benin,Africa
ben,1837,31,Benin,Africa
ben,1838,31,Benin,Africa
ben,1839,31,Benin,Africa
ben,1840,31,Benin,Africa
ben,1841,31,Benin,Africa
ben,1842,31,Benin,Africa
ben,1843,31,Benin,Africa
ben,1844,31,Benin,Africa
ben,1845,31,Benin,Africa
ben,1846,31,Benin,Africa
ben,1847,31,Benin,Africa
ben,1848,31,Benin,Africa
ben,1849,31,Benin,Africa
ben,1850,31,Benin,Africa
ben,1851,31,Benin,Africa
ben,1852,31,Benin,Africa
ben,1853,31,Benin,Africa
ben,1854,31,Benin,Africa
ben,1855,31,Benin,Africa
ben,1856,31,Benin,Africa
ben,1857,31,Benin,Africa
ben,1858,31,Benin,Africa
ben,1859,31,Benin,Africa
ben,1860,31,Benin,Africa
ben,1861,31,Benin,Africa
ben,1862,31,Benin,Africa
ben,1863,31,Benin,Africa
ben,1864,31,Benin,Africa
ben,1865,31,Benin,Africa
ben,1866,31,Benin,Africa
ben,1867,31,Benin,Africa
ben,1868,31,Benin,Africa
ben,1869,31,Benin,Africa
ben,1870,31,Benin,Africa
ben,1871,31.13,Benin,Africa
ben,1872,31.26,Benin,Africa
ben,1873,31.39,Benin,Africa
ben,1874,31.52,Benin,Africa
ben,1875,31.65,Benin,Africa
ben,1876,31.78,Benin,Africa
ben,1877,31.91,Benin,Africa
ben,1878,32.03,Benin,Africa
ben,1879,32.16,Benin,Africa
ben,1880,32.29,Benin,Africa
ben,1881,32.42,Benin,Africa
ben,1882,32.55,Benin,Africa
ben,1883,32.68,Benin,Africa
ben,1884,32.81,Benin,Africa
ben,1885,32.94,Benin,Africa
ben,1886,33.07,Benin,Africa
ben,1887,33.2,Benin,Africa
ben,1888,33.33,Benin,Africa
ben,1889,33.46,Benin,Africa
ben,1890,33.59,Benin,Africa
ben,1891,33.72,Benin,Africa
ben,1892,33.85,Benin,Africa
ben,1893,33.98,Benin,Africa
ben,1894,34.1,Benin,Africa
ben,1895,34.23,Benin,Africa
ben,1896,34.36,Benin,Africa
ben,1897,34.49,Benin,Africa
ben,1898,34.62,Benin,Africa
ben,1899,34.75,Benin,Africa
ben,1900,34.88,Benin,Africa
ben,1901,35.01,Benin,Africa
ben,1902,35.14,Benin,Africa
ben,1903,35.27,Benin,Africa
ben,1904,35.4,Benin,Africa
ben,1905,35.53,Benin,Africa
ben,1906,35.66,Benin,Africa
ben,1907,35.79,Benin,Africa
ben,1908,35.92,Benin,Africa
ben,1909,36.04,Benin,Africa
ben,1910,36.17,Benin,Africa
ben,1911,36.3,Benin,Africa
ben,1912,36.43,Benin,Africa
ben,1913,36.56,Benin,Africa
ben,1914,36.69,Benin,Africa
ben,1915,36.82,Benin,Africa
ben,1916,36.95,Benin,Africa
ben,1917,37.08,Benin,Africa
ben,1918,14.39,Benin,Africa
ben,1919,37.34,Benin,Africa
ben,1920,37.47,Benin,Africa
ben,1921,37.6,Benin,Africa
ben,1922,37.73,Benin,Africa
ben,1923,37.86,Benin,Africa
ben,1924,37.98,Benin,Africa
ben,1925,38.11,Benin,Africa
ben,1926,38.24,Benin,Africa
ben,1927,38.37,Benin,Africa
ben,1928,38.5,Benin,Africa
ben,1929,38.63,Benin,Africa
ben,1930,38.76,Benin,Africa
ben,1931,38.89,Benin,Africa
ben,1932,39.02,Benin,Africa
ben,1933,39.15,Benin,Africa
ben,1934,39.28,Benin,Africa
ben,1935,39.41,Benin,Africa
ben,1936,39.54,Benin,Africa
ben,1937,39.67,Benin,Africa
ben,1938,39.8,Benin,Africa
ben,1939,39.93,Benin,Africa
ben,1940,40.05,Benin,Africa
ben,1941,40.18,Benin,Africa
ben,1942,40.31,Benin,Africa
ben,1943,40.44,Benin,Africa
ben,1944,40.57,Benin,Africa
ben,1945,41.07,Benin,Africa
ben,1946,41.58,Benin,Africa
ben,1947,42.08,Benin,Africa
ben,1948,42.59,Benin,Africa
ben,1949,43.1,Benin,Africa
ben,1950,43.61,Benin,Africa
ben,1951,43.67,Benin,Africa
ben,1952,43.8,Benin,Africa
ben,1953,43.89,Benin,Africa
ben,1954,44.02,Benin,Africa
ben,1955,44.1,Benin,Africa
ben,1956,44.2,Benin,Africa
ben,1957,44.24,Benin,Africa
ben,1958,44.4,Benin,Africa
ben,1959,44.54,Benin,Africa
ben,1960,44.78,Benin,Africa
ben,1961,45.05,Benin,Africa
ben,1962,45.32,Benin,Africa
ben,1963,45.8,Benin,Africa
ben,1964,46.25,Benin,Africa
ben,1965,46.76,Benin,Africa
ben,1966,47.2,Benin,Africa
ben,1967,47.61,Benin,Africa
ben,1968,47.96,Benin,Africa
ben,1969,48.2,Benin,Africa
ben,1970,48.54,Benin,Africa
ben,1971,48.8,Benin,Africa
ben,1972,49.32,Benin,Africa
ben,1973,49.87,Benin,Africa
ben,1974,50.4,Benin,Africa
ben,1975,50.76,Benin,Africa
ben,1976,51.18,Benin,Africa
ben,1977,51.57,Benin,Africa
ben,1978,51.97,Benin,Africa
ben,1979,52.37,Benin,Africa
ben,1980,52.71,Benin,Africa
ben,1981,53.01,Benin,Africa
ben,1982,53.24,Benin,Africa
ben,1983,53.43,Benin,Africa
ben,1984,53.63,Benin,Africa
ben,1985,53.94,Benin,Africa
ben,1986,54.34,Benin,Africa
ben,1987,54.73,Benin,Africa
ben,1988,55.18,Benin,Africa
ben,1989,55.34,Benin,Africa
ben,1990,55.73,Benin,Africa
ben,1991,55.98,Benin,Africa
ben,1992,56.39,Benin,Africa
ben,1993,56.7,Benin,Africa
ben,1994,56.77,Benin,Africa
ben,1995,56.89,Benin,Africa
ben,1996,56.86,Benin,Africa
ben,1997,57.07,Benin,Africa
ben,1998,57.17,Benin,Africa
ben,1999,57.34,Benin,Africa
ben,2000,57.39,Benin,Africa
ben,2001,57.58,Benin,Africa
ben,2002,57.88,Benin,Africa
ben,2003,58.12,Benin,Africa
ben,2004,58.46,Benin,Africa
ben,2005,58.81,Benin,Africa
ben,2006,59.13,Benin,Africa
ben,2007,59.5,Benin,Africa
ben,2008,60.14,Benin,Africa
ben,2009,60.73,Benin,Africa
ben,2010,61.1,Benin,Africa
ben,2011,61.41,Benin,Africa
ben,2012,61.72,Benin,Africa
ben,2013,62.02,Benin,Africa
ben,2014,62.32,Benin,Africa
ben,2015,62.64,Benin,Africa
ben,2016,63.02,Benin,Africa
ben,2017,63.41,Benin,Africa
ben,2018,63.96,Benin,Africa
ben,2019,64.49,Benin,Africa
ben,2020,64.63,Benin,Africa
ben,2021,65.13,Benin,Africa
ben,2022,65.45,Benin,Africa
ben,2023,65.75,Benin,Africa
ben,2024,66.05,Benin,Africa
ben,2025,66.33,Benin,Africa
ben,2026,66.6,Benin,Africa
ben,2027,66.86,Benin,Africa
ben,2028,67.12,Benin,Africa
ben,2029,67.36,Benin,Africa
ben,2030,67.6,Benin,Africa
ben,2031,67.83,Benin,Africa
ben,2032,68.06,Benin,Africa
ben,2033,68.27,Benin,Africa
ben,2034,68.49,Benin,Africa
ben,2035,68.69,Benin,Africa
ben,2036,68.89,Benin,Africa
ben,2037,69.09,Benin,Africa
ben,2038,69.28,Benin,Africa
ben,2039,69.46,Benin,Africa
ben,2040,69.64,Benin,Africa
ben,2041,69.82,Benin,Africa
ben,2042,70,Benin,Africa
ben,2043,70.17,Benin,Africa
ben,2044,70.35,Benin,Africa
ben,2045,70.52,Benin,Africa
ben,2046,70.69,Benin,Africa
ben,2047,70.85,Benin,Africa
ben,2048,71.02,Benin,Africa
ben,2049,71.18,Benin,Africa
ben,2050,71.33,Benin,Africa
ben,2051,71.48,Benin,Africa
ben,2052,71.63,Benin,Africa
ben,2053,71.78,Benin,Africa
ben,2054,71.93,Benin,Africa
ben,2055,72.07,Benin,Africa
ben,2056,72.22,Benin,Africa
ben,2057,72.36,Benin,Africa
ben,2058,72.49,Benin,Africa
ben,2059,72.63,Benin,Africa
ben,2060,72.77,Benin,Africa
ben,2061,72.9,Benin,Africa
ben,2062,73.04,Benin,Africa
ben,2063,73.17,Benin,Africa
ben,2064,73.31,Benin,Africa
ben,2065,73.44,Benin,Africa
ben,2066,73.58,Benin,Africa
ben,2067,73.71,Benin,Africa
ben,2068,73.84,Benin,Africa
ben,2069,73.97,Benin,Africa
ben,2070,74.1,Benin,Africa
ben,2071,74.23,Benin,Africa
ben,2072,74.36,Benin,Africa
ben,2073,74.48,Benin,Africa
ben,2074,74.61,Benin,Africa
ben,2075,74.73,Benin,Africa
ben,2076,74.86,Benin,Africa
ben,2077,74.98,Benin,Africa
ben,2078,75.1,Benin,Africa
ben,2079,75.23,Benin,Africa
ben,2080,75.35,Benin,Africa
ben,2081,75.47,Benin,Africa
ben,2082,75.59,Benin,Africa
ben,2083,75.72,Benin,Africa
ben,2084,75.84,Benin,Africa
ben,2085,75.96,Benin,Africa
ben,2086,76.08,Benin,Africa
ben,2087,76.2,Benin,Africa
ben,2088,76.33,Benin,Africa
ben,2089,76.45,Benin,Africa
ben,2090,76.58,Benin,Africa
ben,2091,76.7,Benin,Africa
ben,2092,76.83,Benin,Africa
ben,2093,76.95,Benin,Africa
ben,2094,77.08,Benin,Africa
ben,2095,77.21,Benin,Africa
ben,2096,77.34,Benin,Africa
ben,2097,77.47,Benin,Africa
ben,2098,77.6,Benin,Africa
ben,2099,77.73,Benin,Africa
ben,2100,77.86,Benin,Africa
btn,1800,28.8,Bhutan,Asia
btn,1801,28.8,Bhutan,Asia
btn,1802,28.8,Bhutan,Asia
btn,1803,28.8,Bhutan,Asia
btn,1804,28.8,Bhutan,Asia
btn,1805,28.8,Bhutan,Asia
btn,1806,28.8,Bhutan,Asia
btn,1807,28.8,Bhutan,Asia
btn,1808,28.8,Bhutan,Asia
btn,1809,28.8,Bhutan,Asia
btn,1810,28.8,Bhutan,Asia
btn,1811,28.8,Bhutan,Asia
btn,1812,28.8,Bhutan,Asia
btn,1813,28.8,Bhutan,Asia
btn,1814,28.8,Bhutan,Asia
btn,1815,28.8,Bhutan,Asia
btn,1816,28.8,Bhutan,Asia
btn,1817,28.8,Bhutan,Asia
btn,1818,28.8,Bhutan,Asia
btn,1819,28.8,Bhutan,Asia
btn,1820,28.8,Bhutan,Asia
btn,1821,28.8,Bhutan,Asia
btn,1822,28.8,Bhutan,Asia
btn,1823,28.8,Bhutan,Asia
btn,1824,28.8,Bhutan,Asia
btn,1825,28.8,Bhutan,Asia
btn,1826,28.8,Bhutan,Asia
btn,1827,28.8,Bhutan,Asia
btn,1828,28.8,Bhutan,Asia
btn,1829,28.8,Bhutan,Asia
btn,1830,28.8,Bhutan,Asia
btn,1831,28.8,Bhutan,Asia
btn,1832,28.8,Bhutan,Asia
btn,1833,28.8,Bhutan,Asia
btn,1834,28.8,Bhutan,Asia
btn,1835,28.8,Bhutan,Asia
btn,1836,28.8,Bhutan,Asia
btn,1837,28.8,Bhutan,Asia
btn,1838,28.8,Bhutan,Asia
btn,1839,28.8,Bhutan,Asia
btn,1840,28.8,Bhutan,Asia
btn,1841,28.8,Bhutan,Asia
btn,1842,28.8,Bhutan,Asia
btn,1843,28.8,Bhutan,Asia
btn,1844,28.8,Bhutan,Asia
btn,1845,28.8,Bhutan,Asia
btn,1846,28.8,Bhutan,Asia
btn,1847,28.8,Bhutan,Asia
btn,1848,28.8,Bhutan,Asia
btn,1849,28.8,Bhutan,Asia
btn,1850,28.8,Bhutan,Asia
btn,1851,28.8,Bhutan,Asia
btn,1852,28.8,Bhutan,Asia
btn,1853,28.8,Bhutan,Asia
btn,1854,28.8,Bhutan,Asia
btn,1855,28.8,Bhutan,Asia
btn,1856,28.8,Bhutan,Asia
btn,1857,28.8,Bhutan,Asia
btn,1858,28.8,Bhutan,Asia
btn,1859,28.8,Bhutan,Asia
btn,1860,28.8,Bhutan,Asia
btn,1861,28.8,Bhutan,Asia
btn,1862,28.8,Bhutan,Asia
btn,1863,28.8,Bhutan,Asia
btn,1864,28.8,Bhutan,Asia
btn,1865,28.8,Bhutan,Asia
btn,1866,28.8,Bhutan,Asia
btn,1867,28.8,Bhutan,Asia
btn,1868,28.8,Bhutan,Asia
btn,1869,28.8,Bhutan,Asia
btn,1870,28.8,Bhutan,Asia
btn,1871,28.9,Bhutan,Asia
btn,1872,29,Bhutan,Asia
btn,1873,29.1,Bhutan,Asia
btn,1874,29.21,Bhutan,Asia
btn,1875,29.31,Bhutan,Asia
btn,1876,29.41,Bhutan,Asia
btn,1877,29.51,Bhutan,Asia
btn,1878,29.61,Bhutan,Asia
btn,1879,29.71,Bhutan,Asia
btn,1880,29.82,Bhutan,Asia
btn,1881,29.92,Bhutan,Asia
btn,1882,30.02,Bhutan,Asia
btn,1883,30.12,Bhutan,Asia
btn,1884,30.22,Bhutan,Asia
btn,1885,30.32,Bhutan,Asia
btn,1886,30.43,Bhutan,Asia
btn,1887,30.53,Bhutan,Asia
btn,1888,30.63,Bhutan,Asia
btn,1889,30.73,Bhutan,Asia
btn,1890,30.83,Bhutan,Asia
btn,1891,30.93,Bhutan,Asia
btn,1892,31.04,Bhutan,Asia
btn,1893,31.14,Bhutan,Asia
btn,1894,31.24,Bhutan,Asia
btn,1895,31.34,Bhutan,Asia
btn,1896,31.44,Bhutan,Asia
btn,1897,31.54,Bhutan,Asia
btn,1898,31.64,Bhutan,Asia
btn,1899,31.75,Bhutan,Asia
btn,1900,31.85,Bhutan,Asia
btn,1901,31.95,Bhutan,Asia
btn,1902,32.05,Bhutan,Asia
btn,1903,32.15,Bhutan,Asia
btn,1904,32.25,Bhutan,Asia
btn,1905,32.36,Bhutan,Asia
btn,1906,32.46,Bhutan,Asia
btn,1907,32.56,Bhutan,Asia
btn,1908,32.66,Bhutan,Asia
btn,1909,32.76,Bhutan,Asia
btn,1910,32.86,Bhutan,Asia
btn,1911,32.97,Bhutan,Asia
btn,1912,33.07,Bhutan,Asia
btn,1913,33.17,Bhutan,Asia
btn,1914,33.27,Bhutan,Asia
btn,1915,33.37,Bhutan,Asia
btn,1916,33.47,Bhutan,Asia
btn,1917,33.58,Bhutan,Asia
btn,1918,21.58,Bhutan,Asia
btn,1919,33.78,Bhutan,Asia
btn,1920,33.88,Bhutan,Asia
btn,1921,33.98,Bhutan,Asia
btn,1922,34.08,Bhutan,Asia
btn,1923,34.19,Bhutan,Asia
btn,1924,34.29,Bhutan,Asia
btn,1925,34.39,Bhutan,Asia
btn,1926,34.49,Bhutan,Asia
btn,1927,34.59,Bhutan,Asia
btn,1928,34.69,Bhutan,Asia
btn,1929,34.8,Bhutan,Asia
btn,1930,34.9,Bhutan,Asia
btn,1931,35,Bhutan,Asia
btn,1932,35.1,Bhutan,Asia
btn,1933,35.2,Bhutan,Asia
btn,1934,35.3,Bhutan,Asia
btn,1935,35.41,Bhutan,Asia
btn,1936,35.51,Bhutan,Asia
btn,1937,35.61,Bhutan,Asia
btn,1938,35.71,Bhutan,Asia
btn,1939,35.81,Bhutan,Asia
btn,1940,35.91,Bhutan,Asia
btn,1941,36.02,Bhutan,Asia
btn,1942,36.12,Bhutan,Asia
btn,1943,36.22,Bhutan,Asia
btn,1944,36.32,Bhutan,Asia
btn,1945,36.42,Bhutan,Asia
btn,1946,36.52,Bhutan,Asia
btn,1947,36.63,Bhutan,Asia
btn,1948,36.73,Bhutan,Asia
btn,1949,36.83,Bhutan,Asia
btn,1950,36.93,Bhutan,Asia
btn,1951,37.38,Bhutan,Asia
btn,1952,37.84,Bhutan,Asia
btn,1953,38.33,Bhutan,Asia
btn,1954,38.85,Bhutan,Asia
btn,1955,39.39,Bhutan,Asia
btn,1956,39.93,Bhutan,Asia
btn,1957,40.46,Bhutan,Asia
btn,1958,41,Bhutan,Asia
btn,1959,41.58,Bhutan,Asia
btn,1960,42.22,Bhutan,Asia
btn,1961,42.87,Bhutan,Asia
btn,1962,43.51,Bhutan,Asia
btn,1963,44.16,Bhutan,Asia
btn,1964,44.85,Bhutan,Asia
btn,1965,45.51,Bhutan,Asia
btn,1966,46.18,Bhutan,Asia
btn,1967,46.83,Bhutan,Asia
btn,1968,47.48,Bhutan,Asia
btn,1969,48.13,Bhutan,Asia
btn,1970,48.8,Bhutan,Asia
btn,1971,49.4,Bhutan,Asia
btn,1972,49.89,Bhutan,Asia
btn,1973,50.32,Bhutan,Asia
btn,1974,50.73,Bhutan,Asia
btn,1975,51.03,Bhutan,Asia
btn,1976,51.35,Bhutan,Asia
btn,1977,51.72,Bhutan,Asia
btn,1978,52.1,Bhutan,Asia
btn,1979,52.48,Bhutan,Asia
btn,1980,52.84,Bhutan,Asia
btn,1981,53.42,Bhutan,Asia
btn,1982,54.06,Bhutan,Asia
btn,1983,54.78,Bhutan,Asia
btn,1984,55.58,Bhutan,Asia
btn,1985,56.22,Bhutan,Asia
btn,1986,57.12,Bhutan,Asia
btn,1987,58.03,Bhutan,Asia
btn,1988,58.83,Bhutan,Asia
btn,1989,59.62,Bhutan,Asia
btn,1990,60.33,Bhutan,Asia
btn,1991,60.89,Bhutan,Asia
btn,1992,61.54,Bhutan,Asia
btn,1993,62.19,Bhutan,Asia
btn,1994,62.65,Bhutan,Asia
btn,1995,63.44,Bhutan,Asia
btn,1996,64.23,Bhutan,Asia
btn,1997,64.77,Bhutan,Asia
btn,1998,65.38,Bhutan,Asia
btn,1999,66.04,Bhutan,Asia
btn,2000,65.74,Bhutan,Asia
btn,2001,67.1,Bhutan,Asia
btn,2002,67.68,Bhutan,Asia
btn,2003,68.16,Bhutan,Asia
btn,2004,68.64,Bhutan,Asia
btn,2005,69.05,Bhutan,Asia
btn,2006,69.47,Bhutan,Asia
btn,2007,69.9,Bhutan,Asia
btn,2008,70.28,Bhutan,Asia
btn,2009,70.55,Bhutan,Asia
btn,2010,71,Bhutan,Asia
btn,2011,71.32,Bhutan,Asia
btn,2012,71.61,Bhutan,Asia
btn,2013,71.85,Bhutan,Asia
btn,2014,72.08,Bhutan,Asia
btn,2015,72.29,Bhutan,Asia
btn,2016,72.52,Bhutan,Asia
btn,2017,72.73,Bhutan,Asia
btn,2018,72.95,Bhutan,Asia
btn,2019,73.17,Bhutan,Asia
btn,2020,73.33,Bhutan,Asia
btn,2021,73.77,Bhutan,Asia
btn,2022,74.06,Bhutan,Asia
btn,2023,74.32,Bhutan,Asia
btn,2024,74.58,Bhutan,Asia
btn,2025,74.83,Bhutan,Asia
btn,2026,75.07,Bhutan,Asia
btn,2027,75.3,Bhutan,Asia
btn,2028,75.53,Bhutan,Asia
btn,2029,75.74,Bhutan,Asia
btn,2030,75.96,Bhutan,Asia
btn,2031,76.16,Bhutan,Asia
btn,2032,76.37,Bhutan,Asia
btn,2033,76.57,Bhutan,Asia
btn,2034,76.76,Bhutan,Asia
btn,2035,76.95,Bhutan,Asia
btn,2036,77.14,Bhutan,Asia
btn,2037,77.33,Bhutan,Asia
btn,2038,77.51,Bhutan,Asia
btn,2039,77.68,Bhutan,Asia
btn,2040,77.86,Bhutan,Asia
btn,2041,78.03,Bhutan,Asia
btn,2042,78.2,Bhutan,Asia
btn,2043,78.37,Bhutan,Asia
btn,2044,78.53,Bhutan,Asia
btn,2045,78.7,Bhutan,Asia
btn,2046,78.86,Bhutan,Asia
btn,2047,79.02,Bhutan,Asia
btn,2048,79.18,Bhutan,Asia
btn,2049,79.34,Bhutan,Asia
btn,2050,79.49,Bhutan,Asia
btn,2051,79.65,Bhutan,Asia
btn,2052,79.8,Bhutan,Asia
btn,2053,79.96,Bhutan,Asia
btn,2054,80.11,Bhutan,Asia
btn,2055,80.25,Bhutan,Asia
btn,2056,80.4,Bhutan,Asia
btn,2057,80.55,Bhutan,Asia
btn,2058,80.7,Bhutan,Asia
btn,2059,80.85,Bhutan,Asia
btn,2060,81,Bhutan,Asia
btn,2061,81.14,Bhutan,Asia
btn,2062,81.29,Bhutan,Asia
btn,2063,81.44,Bhutan,Asia
btn,2064,81.59,Bhutan,Asia
btn,2065,81.73,Bhutan,Asia
btn,2066,81.88,Bhutan,Asia
btn,2067,82.02,Bhutan,Asia
btn,2068,82.16,Bhutan,Asia
btn,2069,82.3,Bhutan,Asia
btn,2070,82.45,Bhutan,Asia
btn,2071,82.59,Bhutan,Asia
btn,2072,82.72,Bhutan,Asia
btn,2073,82.86,Bhutan,Asia
btn,2074,83,Bhutan,Asia
btn,2075,83.14,Bhutan,Asia
btn,2076,83.28,Bhutan,Asia
btn,2077,83.41,Bhutan,Asia
btn,2078,83.55,Bhutan,Asia
btn,2079,83.69,Bhutan,Asia
btn,2080,83.83,Bhutan,Asia
btn,2081,83.96,Bhutan,Asia
btn,2082,84.1,Bhutan,Asia
btn,2083,84.23,Bhutan,Asia
btn,2084,84.36,Bhutan,Asia
btn,2085,84.49,Bhutan,Asia
btn,2086,84.62,Bhutan,Asia
btn,2087,84.74,Bhutan,Asia
btn,2088,84.87,Bhutan,Asia
btn,2089,84.99,Bhutan,Asia
btn,2090,85.11,Bhutan,Asia
btn,2091,85.23,Bhutan,Asia
btn,2092,85.35,Bhutan,Asia
btn,2093,85.47,Bhutan,Asia
btn,2094,85.59,Bhutan,Asia
btn,2095,85.71,Bhutan,Asia
btn,2096,85.83,Bhutan,Asia
btn,2097,85.95,Bhutan,Asia
btn,2098,86.06,Bhutan,Asia
btn,2099,86.18,Bhutan,Asia
btn,2100,86.3,Bhutan,Asia
bol,1800,33,Bolivia,South America
bol,1801,33,Bolivia,South America
bol,1802,33,Bolivia,South America
bol,1803,33,Bolivia,South America
bol,1804,33,Bolivia,South America
bol,1805,33,Bolivia,South America
bol,1806,33,Bolivia,South America
bol,1807,33,Bolivia,South America
bol,1808,33,Bolivia,South America
bol,1809,33,Bolivia,South America
bol,1810,33,Bolivia,South America
bol,1811,33,Bolivia,South America
bol,1812,33,Bolivia,South America
bol,1813,33,Bolivia,South America
bol,1814,33,Bolivia,South America
bol,1815,33,Bolivia,South America
bol,1816,33,Bolivia,South America
bol,1817,33,Bolivia,South America
bol,1818,33,Bolivia,South America
bol,1819,33,Bolivia,South America
bol,1820,33,Bolivia,South America
bol,1821,33,Bolivia,South America
bol,1822,33,Bolivia,South America
bol,1823,33,Bolivia,South America
bol,1824,33,Bolivia,South America
bol,1825,33,Bolivia,South America
bol,1826,33,Bolivia,South America
bol,1827,33,Bolivia,South America
bol,1828,33,Bolivia,South America
bol,1829,33,Bolivia,South America
bol,1830,33,Bolivia,South America
bol,1831,33,Bolivia,South America
bol,1832,33,Bolivia,South America
bol,1833,33,Bolivia,South America
bol,1834,33,Bolivia,South America
bol,1835,33,Bolivia,South America
bol,1836,33,Bolivia,South America
bol,1837,33,Bolivia,South America
bol,1838,33,Bolivia,South America
bol,1839,33,Bolivia,South America
bol,1840,33,Bolivia,South America
bol,1841,33,Bolivia,South America
bol,1842,33,Bolivia,South America
bol,1843,33,Bolivia,South America
bol,1844,33,Bolivia,South America
bol,1845,33,Bolivia,South America
bol,1846,33,Bolivia,South America
bol,1847,33,Bolivia,South America
bol,1848,33,Bolivia,South America
bol,1849,33,Bolivia,South America
bol,1850,33,Bolivia,South America
bol,1851,33,Bolivia,South America
bol,1852,33,Bolivia,South America
bol,1853,33,Bolivia,South America
bol,1854,33,Bolivia,South America
bol,1855,33,Bolivia,South America
bol,1856,33,Bolivia,South America
bol,1857,33,Bolivia,South America
bol,1858,33,Bolivia,South America
bol,1859,33,Bolivia,South America
bol,1860,33,Bolivia,South America
bol,1861,33,Bolivia,South America
bol,1862,33,Bolivia,South America
bol,1863,33,Bolivia,South America
bol,1864,33,Bolivia,South America
bol,1865,33,Bolivia,South America
bol,1866,33,Bolivia,South America
bol,1867,33,Bolivia,South America
bol,1868,33,Bolivia,South America
bol,1869,33,Bolivia,South America
bol,1870,33,Bolivia,South America
bol,1871,32.96,Bolivia,South America
bol,1872,32.93,Bolivia,South America
bol,1873,32.89,Bolivia,South America
bol,1874,32.86,Bolivia,South America
bol,1875,32.82,Bolivia,South America
bol,1876,32.79,Bolivia,South America
bol,1877,32.75,Bolivia,South America
bol,1878,32.72,Bolivia,South America
bol,1879,32.68,Bolivia,South America
bol,1880,32.65,Bolivia,South America
bol,1881,32.61,Bolivia,South America
bol,1882,32.58,Bolivia,South America
bol,1883,32.54,Bolivia,South America
bol,1884,32.5,Bolivia,South America
bol,1885,32.47,Bolivia,South America
bol,1886,32.43,Bolivia,South America
bol,1887,32.4,Bolivia,South America
bol,1888,32.36,Bolivia,South America
bol,1889,32.33,Bolivia,South America
bol,1890,32.29,Bolivia,South America
bol,1891,32.26,Bolivia,South America
bol,1892,32.22,Bolivia,South America
bol,1893,32.19,Bolivia,South America
bol,1894,32.15,Bolivia,South America
bol,1895,32.11,Bolivia,South America
bol,1896,32.08,Bolivia,South America
bol,1897,32.04,Bolivia,South America
bol,1898,32.01,Bolivia,South America
bol,1899,31.97,Bolivia,South America
bol,1900,31.94,Bolivia,South America
bol,1901,31.9,Bolivia,South America
bol,1902,31.87,Bolivia,South America
bol,1903,31.83,Bolivia,South America
bol,1904,31.8,Bolivia,South America
bol,1905,31.76,Bolivia,South America
bol,1906,31.73,Bolivia,South America
bol,1907,31.69,Bolivia,South America
bol,1908,31.65,Bolivia,South America
bol,1909,31.62,Bolivia,South America
bol,1910,31.58,Bolivia,South America
bol,1911,31.55,Bolivia,South America
bol,1912,31.51,Bolivia,South America
bol,1913,31.48,Bolivia,South America
bol,1914,31.44,Bolivia,South America
bol,1915,31.41,Bolivia,South America
bol,1916,31.37,Bolivia,South America
bol,1917,31.34,Bolivia,South America
bol,1918,27.67,Bolivia,South America
bol,1919,31.27,Bolivia,South America
bol,1920,31.23,Bolivia,South America
bol,1921,31.19,Bolivia,South America
bol,1922,31.16,Bolivia,South America
bol,1923,31.12,Bolivia,South America
bol,1924,31.09,Bolivia,South America
bol,1925,31.05,Bolivia,South America
bol,1926,31.02,Bolivia,South America
bol,1927,30.98,Bolivia,South America
bol,1928,30.95,Bolivia,South America
bol,1929,30.91,Bolivia,South America
bol,1930,30.88,Bolivia,South America
bol,1931,30.84,Bolivia,South America
bol,1932,30.8,Bolivia,South America
bol,1933,30.77,Bolivia,South America
bol,1934,30.73,Bolivia,South America
bol,1935,30.7,Bolivia,South America
bol,1936,30.66,Bolivia,South America
bol,1937,30.63,Bolivia,South America
bol,1938,30.59,Bolivia,South America
bol,1939,30.56,Bolivia,South America
bol,1940,30.52,Bolivia,South America
bol,1941,31.12,Bolivia,South America
bol,1942,31.71,Bolivia,South America
bol,1943,32.31,Bolivia,South America
bol,1944,32.9,Bolivia,South America
bol,1945,33.49,Bolivia,South America
bol,1946,34.08,Bolivia,South America
bol,1947,34.67,Bolivia,South America
bol,1948,35.26,Bolivia,South America
bol,1949,35.84,Bolivia,South America
bol,1950,36.42,Bolivia,South America
bol,1951,37.07,Bolivia,South America
bol,1952,37.23,Bolivia,South America
bol,1953,38.68,Bolivia,South America
bol,1954,39.6,Bolivia,South America
bol,1955,40.53,Bolivia,South America
bol,1956,41.17,Bolivia,South America
bol,1957,41.75,Bolivia,South America
bol,1958,42.29,Bolivia,South America
bol,1959,42.65,Bolivia,South America
bol,1960,43,Bolivia,South America
bol,1961,43.26,Bolivia,South America
bol,1962,43.85,Bolivia,South America
bol,1963,44.8,Bolivia,South America
bol,1964,45.54,Bolivia,South America
bol,1965,46.17,Bolivia,South America
bol,1966,47.03,Bolivia,South America
bol,1967,47.86,Bolivia,South America
bol,1968,48.6,Bolivia,South America
bol,1969,49.38,Bolivia,South America
bol,1970,50.09,Bolivia,South America
bol,1971,50.76,Bolivia,South America
bol,1972,51.44,Bolivia,South America
bol,1973,52.18,Bolivia,South America
bol,1974,52.92,Bolivia,South America
bol,1975,53.66,Bolivia,South America
bol,1976,54.31,Bolivia,South America
bol,1977,54.86,Bolivia,South America
bol,1978,55.41,Bolivia,South America
bol,1979,56.1,Bolivia,South America
bol,1980,56.76,Bolivia,South America
bol,1981,57.25,Bolivia,South America
bol,1982,57.61,Bolivia,South America
bol,1983,57.77,Bolivia,South America
bol,1984,58.54,Bolivia,South America
bol,1985,59.14,Bolivia,South America
bol,1986,59.72,Bolivia,South America
bol,1987,60.13,Bolivia,South America
bol,1988,60.5,Bolivia,South America
bol,1989,61.08,Bolivia,South America
bol,1990,61.69,Bolivia,South America
bol,1991,62.05,Bolivia,South America
bol,1992,62.46,Bolivia,South America
bol,1993,62.94,Bolivia,South America
bol,1994,63.57,Bolivia,South America
bol,1995,64.02,Bolivia,South America
bol,1996,64.57,Bolivia,South America
bol,1997,64.98,Bolivia,South America
bol,1998,65.49,Bolivia,South America
bol,1999,66.01,Bolivia,South America
bol,2000,66.53,Bolivia,South America
bol,2001,67.16,Bolivia,South America
bol,2002,67.59,Bolivia,South America
bol,2003,68.09,Bolivia,South America
bol,2004,68.58,Bolivia,South America
bol,2005,68.97,Bolivia,South America
bol,2006,69.31,Bolivia,South America
bol,2007,69.56,Bolivia,South America
bol,2008,69.8,Bolivia,South America
bol,2009,70.08,Bolivia,South America
bol,2010,70.3,Bolivia,South America
bol,2011,70.5,Bolivia,South America
bol,2012,70.73,Bolivia,South America
bol,2013,70.9,Bolivia,South America
bol,2014,71.09,Bolivia,South America
bol,2015,71.3,Bolivia,South America
bol,2016,71.49,Bolivia,South America
bol,2017,71.65,Bolivia,South America
bol,2018,71.84,Bolivia,South America
bol,2019,72.01,Bolivia,South America
bol,2020,69.83,Bolivia,South America
bol,2021,72.52,Bolivia,South America
bol,2022,72.76,Bolivia,South America
bol,2023,72.99,Bolivia,South America
bol,2024,73.21,Bolivia,South America
bol,2025,73.44,Bolivia,South America
bol,2026,73.66,Bolivia,South America
bol,2027,73.87,Bolivia,South America
bol,2028,74.09,Bolivia,South America
bol,2029,74.29,Bolivia,South America
bol,2030,74.5,Bolivia,South America
bol,2031,74.69,Bolivia,South America
bol,2032,74.89,Bolivia,South America
bol,2033,75.08,Bolivia,South America
bol,2034,75.27,Bolivia,South America
bol,2035,75.46,Bolivia,South America
bol,2036,75.65,Bolivia,South America
bol,2037,75.83,Bolivia,South America
bol,2038,76.01,Bolivia,South America
bol,2039,76.19,Bolivia,South America
bol,2040,76.36,Bolivia,South America
bol,2041,76.54,Bolivia,South America
bol,2042,76.71,Bolivia,South America
bol,2043,76.88,Bolivia,South America
bol,2044,77.05,Bolivia,South America
bol,2045,77.22,Bolivia,South America
bol,2046,77.39,Bolivia,South America
bol,2047,77.55,Bolivia,South America
bol,2048,77.71,Bolivia,South America
bol,2049,77.88,Bolivia,South America
bol,2050,78.04,Bolivia,South America
bol,2051,78.2,Bolivia,South America
bol,2052,78.36,Bolivia,South America
bol,2053,78.52,Bolivia,South America
bol,2054,78.68,Bolivia,South America
bol,2055,78.83,Bolivia,South America
bol,2056,78.99,Bolivia,South America
bol,2057,79.14,Bolivia,South America
bol,2058,79.3,Bolivia,South America
bol,2059,79.45,Bolivia,South America
bol,2060,79.6,Bolivia,South America
bol,2061,79.75,Bolivia,South America
bol,2062,79.91,Bolivia,South America
bol,2063,80.06,Bolivia,South America
bol,2064,80.21,Bolivia,South America
bol,2065,80.36,Bolivia,South America
bol,2066,80.5,Bolivia,South America
bol,2067,80.65,Bolivia,South America
bol,2068,80.8,Bolivia,South America
bol,2069,80.95,Bolivia,South America
bol,2070,81.1,Bolivia,South America
bol,2071,81.25,Bolivia,South America
bol,2072,81.4,Bolivia,South America
bol,2073,81.55,Bolivia,South America
bol,2074,81.69,Bolivia,South America
bol,2075,81.84,Bolivia,South America
bol,2076,81.99,Bolivia,South America
bol,2077,82.14,Bolivia,South America
bol,2078,82.28,Bolivia,South America
bol,2079,82.42,Bolivia,South America
bol,2080,82.57,Bolivia,South America
bol,2081,82.71,Bolivia,South America
bol,2082,82.85,Bolivia,South America
bol,2083,82.99,Bolivia,South America
bol,2084,83.12,Bolivia,South America
bol,2085,83.26,Bolivia,South America
bol,2086,83.39,Bolivia,South America
bol,2087,83.52,Bolivia,South America
bol,2088,83.65,Bolivia,South America
bol,2089,83.77,Bolivia,South America
bol,2090,83.9,Bolivia,South America
bol,2091,84.02,Bolivia,South America
bol,2092,84.14,Bolivia,South America
bol,2093,84.26,Bolivia,South America
bol,2094,84.38,Bolivia,South America
bol,2095,84.49,Bolivia,South America
bol,2096,84.61,Bolivia,South America
bol,2097,84.72,Bolivia,South America
bol,2098,84.84,Bolivia,South America
bol,2099,84.95,Bolivia,South America
bol,2100,85.06,Bolivia,South America
bih,1800,35.1,Bosnia and Herzegovina,Europe
bih,1801,35.1,Bosnia and Herzegovina,Europe
bih,1802,35.1,Bosnia and Herzegovina,Europe
bih,1803,35.1,Bosnia and Herzegovina,Europe
bih,1804,35.1,Bosnia and Herzegovina,Europe
bih,1805,35.1,Bosnia and Herzegovina,Europe
bih,1806,35.1,Bosnia and Herzegovina,Europe
bih,1807,35.1,Bosnia and Herzegovina,Europe
bih,1808,35.1,Bosnia and Herzegovina,Europe
bih,1809,35.1,Bosnia and Herzegovina,Europe
bih,1810,35.1,Bosnia and Herzegovina,Europe
bih,1811,35.1,Bosnia and Herzegovina,Europe
bih,1812,35.1,Bosnia and Herzegovina,Europe
bih,1813,35.1,Bosnia and Herzegovina,Europe
bih,1814,35.1,Bosnia and Herzegovina,Europe
bih,1815,35.1,Bosnia and Herzegovina,Europe
bih,1816,35.1,Bosnia and Herzegovina,Europe
bih,1817,35.1,Bosnia and Herzegovina,Europe
bih,1818,35.1,Bosnia and Herzegovina,Europe
bih,1819,35.1,Bosnia and Herzegovina,Europe
bih,1820,35.1,Bosnia and Herzegovina,Europe
bih,1821,35.1,Bosnia and Herzegovina,Europe
bih,1822,35.1,Bosnia and Herzegovina,Europe
bih,1823,35.1,Bosnia and Herzegovina,Europe
bih,1824,35.1,Bosnia and Herzegovina,Europe
bih,1825,35.1,Bosnia and Herzegovina,Europe
bih,1826,35.1,Bosnia and Herzegovina,Europe
bih,1827,35.1,Bosnia and Herzegovina,Europe
bih,1828,35.1,Bosnia and Herzegovina,Europe
bih,1829,35.1,Bosnia and Herzegovina,Europe
bih,1830,35.1,Bosnia and Herzegovina,Europe
bih,1831,35.1,Bosnia and Herzegovina,Europe
bih,1832,35.1,Bosnia and Herzegovina,Europe
bih,1833,35.1,Bosnia and Herzegovina,Europe
bih,1834,35.1,Bosnia and Herzegovina,Europe
bih,1835,35.1,Bosnia and Herzegovina,Europe
bih,1836,35.1,Bosnia and Herzegovina,Europe
bih,1837,35.1,Bosnia and Herzegovina,Europe
bih,1838,35.1,Bosnia and Herzegovina,Europe
bih,1839,35.1,Bosnia and Herzegovina,Europe
bih,1840,35.1,Bosnia and Herzegovina,Europe
bih,1841,35.1,Bosnia and Herzegovina,Europe
bih,1842,35.1,Bosnia and Herzegovina,Europe
bih,1843,35.1,Bosnia and Herzegovina,Europe
bih,1844,35.1,Bosnia and Herzegovina,Europe
bih,1845,35.1,Bosnia and Herzegovina,Europe
bih,1846,35.1,Bosnia and Herzegovina,Europe
bih,1847,35.1,Bosnia and Herzegovina,Europe
bih,1848,35.1,Bosnia and Herzegovina,Europe
bih,1849,35.1,Bosnia and Herzegovina,Europe
bih,1850,35.1,Bosnia and Herzegovina,Europe
bih,1851,35.1,Bosnia and Herzegovina,Europe
bih,1852,35.1,Bosnia and Herzegovina,Europe
bih,1853,35.1,Bosnia and Herzegovina,Europe
bih,1854,35.1,Bosnia and Herzegovina,Europe
bih,1855,35.1,Bosnia and Herzegovina,Europe
bih,1856,35.1,Bosnia and Herzegovina,Europe
bih,1857,35.1,Bosnia and Herzegovina,Europe
bih,1858,35.1,Bosnia and Herzegovina,Europe
bih,1859,35.1,Bosnia and Herzegovina,Europe
bih,1860,35.1,Bosnia and Herzegovina,Europe
bih,1861,35.1,Bosnia and Herzegovina,Europe
bih,1862,35.1,Bosnia and Herzegovina,Europe
bih,1863,35.1,Bosnia and Herzegovina,Europe
bih,1864,35.1,Bosnia and Herzegovina,Europe
bih,1865,35.1,Bosnia and Herzegovina,Europe
bih,1866,35.1,Bosnia and Herzegovina,Europe
bih,1867,35.1,Bosnia and Herzegovina,Europe
bih,1868,35.1,Bosnia and Herzegovina,Europe
bih,1869,35.1,Bosnia and Herzegovina,Europe
bih,1870,35.1,Bosnia and Herzegovina,Europe
bih,1871,35.1,Bosnia and Herzegovina,Europe
bih,1872,35.09,Bosnia and Herzegovina,Europe
bih,1873,35.09,Bosnia and Herzegovina,Europe
bih,1874,35.09,Bosnia and Herzegovina,Europe
bih,1875,35.08,Bosnia and Herzegovina,Europe
bih,1876,35.08,Bosnia and Herzegovina,Europe
bih,1877,35.08,Bosnia and Herzegovina,Europe
bih,1878,35.08,Bosnia and Herzegovina,Europe
bih,1879,35.07,Bosnia and Herzegovina,Europe
bih,1880,35.07,Bosnia and Herzegovina,Europe
bih,1881,35.07,Bosnia and Herzegovina,Europe
bih,1882,35.06,Bosnia and Herzegovina,Europe
bih,1883,35.06,Bosnia and Herzegovina,Europe
bih,1884,35.06,Bosnia and Herzegovina,Europe
bih,1885,35.05,Bosnia and Herzegovina,Europe
bih,1886,35.05,Bosnia and Herzegovina,Europe
bih,1887,35.05,Bosnia and Herzegovina,Europe
bih,1888,35.04,Bosnia and Herzegovina,Europe
bih,1889,35.04,Bosnia and Herzegovina,Europe
bih,1890,35.04,Bosnia and Herzegovina,Europe
bih,1891,35.04,Bosnia and Herzegovina,Europe
bih,1892,35.03,Bosnia and Herzegovina,Europe
bih,1893,35.03,Bosnia and Herzegovina,Europe
bih,1894,35.03,Bosnia and Herzegovina,Europe
bih,1895,35.02,Bosnia and Herzegovina,Europe
bih,1896,35.02,Bosnia and Herzegovina,Europe
bih,1897,35.02,Bosnia and Herzegovina,Europe
bih,1898,35.01,Bosnia and Herzegovina,Europe
bih,1899,35.01,Bosnia and Herzegovina,Europe
bih,1900,35.01,Bosnia and Herzegovina,Europe
bih,1901,35,Bosnia and Herzegovina,Europe
bih,1902,35,Bosnia and Herzegovina,Europe
bih,1903,35,Bosnia and Herzegovina,Europe
bih,1904,35,Bosnia and Herzegovina,Europe
bih,1905,34.99,Bosnia and Herzegovina,Europe
bih,1906,34.99,Bosnia and Herzegovina,Europe
bih,1907,34.99,Bosnia and Herzegovina,Europe
bih,1908,34.98,Bosnia and Herzegovina,Europe
bih,1909,34.98,Bosnia and Herzegovina,Europe
bih,1910,34.98,Bosnia and Herzegovina,Europe
bih,1911,34.97,Bosnia and Herzegovina,Europe
bih,1912,34.97,Bosnia and Herzegovina,Europe
bih,1913,34.97,Bosnia and Herzegovina,Europe
bih,1914,34.97,Bosnia and Herzegovina,Europe
bih,1915,34.96,Bosnia and Herzegovina,Europe
bih,1916,34.96,Bosnia and Herzegovina,Europe
bih,1917,34.96,Bosnia and Herzegovina,Europe
bih,1918,19.18,Bosnia and Herzegovina,Europe
bih,1919,34.95,Bosnia and Herzegovina,Europe
bih,1920,34.95,Bosnia and Herzegovina,Europe
bih,1921,35.49,Bosnia and Herzegovina,Europe
bih,1922,36.02,Bosnia and Herzegovina,Europe
bih,1923,36.56,Bosnia and Herzegovina,Europe
bih,1924,37.1,Bosnia and Herzegovina,Europe
bih,1925,37.64,Bosnia and Herzegovina,Europe
bih,1926,38.18,Bosnia and Herzegovina,Europe
bih,1927,38.71,Bosnia and Herzegovina,Europe
bih,1928,39.25,Bosnia and Herzegovina,Europe
bih,1929,39.79,Bosnia and Herzegovina,Europe
bih,1930,40.33,Bosnia and Herzegovina,Europe
bih,1931,40.87,Bosnia and Herzegovina,Europe
bih,1932,41.4,Bosnia and Herzegovina,Europe
bih,1933,41.94,Bosnia and Herzegovina,Europe
bih,1934,42.48,Bosnia and Herzegovina,Europe
bih,1935,43.02,Bosnia and Herzegovina,Europe
bih,1936,43.55,Bosnia and Herzegovina,Europe
bih,1937,44.09,Bosnia and Herzegovina,Europe
bih,1938,44.63,Bosnia and Herzegovina,Europe
bih,1939,45.16,Bosnia and Herzegovina,Europe
bih,1940,45.7,Bosnia and Herzegovina,Europe
bih,1941,31.17,Bosnia and Herzegovina,Europe
bih,1942,27.35,Bosnia and Herzegovina,Europe
bih,1943,23.66,Bosnia and Herzegovina,Europe
bih,1944,21.64,Bosnia and Herzegovina,Europe
bih,1945,25.74,Bosnia and Herzegovina,Europe
bih,1946,40.73,Bosnia and Herzegovina,Europe
bih,1947,48.67,Bosnia and Herzegovina,Europe
bih,1948,49.66,Bosnia and Herzegovina,Europe
bih,1949,50.35,Bosnia and Herzegovina,Europe
bih,1950,51.06,Bosnia and Herzegovina,Europe
bih,1951,49.18,Bosnia and Herzegovina,Europe
bih,1952,53.67,Bosnia and Herzegovina,Europe
bih,1953,53.64,Bosnia and Herzegovina,Europe
bih,1954,56.59,Bosnia and Herzegovina,Europe
bih,1955,55.53,Bosnia and Herzegovina,Europe
bih,1956,57.13,Bosnia and Herzegovina,Europe
bih,1957,57.52,Bosnia and Herzegovina,Europe
bih,1958,61.17,Bosnia and Herzegovina,Europe
bih,1959,60.71,Bosnia and Herzegovina,Europe
bih,1960,61.27,Bosnia and Herzegovina,Europe
bih,1961,63,Bosnia and Herzegovina,Europe
bih,1962,62.22,Bosnia and Herzegovina,Europe
bih,1963,63.53,Bosnia and Herzegovina,Europe
bih,1964,63.36,Bosnia and Herzegovina,Europe
bih,1965,64.15,Bosnia and Herzegovina,Europe
bih,1966,65.83,Bosnia and Herzegovina,Europe
bih,1967,65.29,Bosnia and Herzegovina,Europe
bih,1968,65.52,Bosnia and Herzegovina,Europe
bih,1969,65.05,Bosnia and Herzegovina,Europe
bih,1970,65.92,Bosnia and Herzegovina,Europe
bih,1971,66.58,Bosnia and Herzegovina,Europe
bih,1972,66.73,Bosnia and Herzegovina,Europe
bih,1973,67.6,Bosnia and Herzegovina,Europe
bih,1974,68.14,Bosnia and Herzegovina,Europe
bih,1975,68.31,Bosnia and Herzegovina,Europe
bih,1976,68.94,Bosnia and Herzegovina,Europe
bih,1977,69.22,Bosnia and Herzegovina,Europe
bih,1978,69.23,Bosnia and Herzegovina,Europe
bih,1979,69.54,Bosnia and Herzegovina,Europe
bih,1980,69.74,Bosnia and Herzegovina,Europe
bih,1981,69.9,Bosnia and Herzegovina,Europe
bih,1982,69.98,Bosnia and Herzegovina,Europe
bih,1983,69.62,Bosnia and Herzegovina,Europe
bih,1984,70.2,Bosnia and Herzegovina,Europe
bih,1985,71.42,Bosnia and Herzegovina,Europe
bih,1986,71.87,Bosnia and Herzegovina,Europe
bih,1987,72.03,Bosnia and Herzegovina,Europe
bih,1988,72.23,Bosnia and Herzegovina,Europe
bih,1989,72.34,Bosnia and Herzegovina,Europe
bih,1990,73.21,Bosnia and Herzegovina,Europe
bih,1991,72.52,Bosnia and Herzegovina,Europe
bih,1992,68.07,Bosnia and Herzegovina,Europe
bih,1993,69.04,Bosnia and Herzegovina,Europe
bih,1994,70.69,Bosnia and Herzegovina,Europe
bih,1995,66.2,Bosnia and Herzegovina,Europe
bih,1996,73.51,Bosnia and Herzegovina,Europe
bih,1997,73.94,Bosnia and Herzegovina,Europe
bih,1998,74.92,Bosnia and Herzegovina,Europe
bih,1999,75.41,Bosnia and Herzegovina,Europe
bih,2000,75.46,Bosnia and Herzegovina,Europe
bih,2001,75.25,Bosnia and Herzegovina,Europe
bih,2002,75.06,Bosnia and Herzegovina,Europe
bih,2003,75.28,Bosnia and Herzegovina,Europe
bih,2004,75.47,Bosnia and Herzegovina,Europe
bih,2005,75.29,Bosnia and Herzegovina,Europe
bih,2006,75.56,Bosnia and Herzegovina,Europe
bih,2007,75.26,Bosnia and Herzegovina,Europe
bih,2008,75.9,Bosnia and Herzegovina,Europe
bih,2009,76.08,Bosnia and Herzegovina,Europe
bih,2010,76.31,Bosnia and Herzegovina,Europe
bih,2011,76.43,Bosnia and Herzegovina,Europe
bih,2012,76.66,Bosnia and Herzegovina,Europe
bih,2013,76.64,Bosnia and Herzegovina,Europe
bih,2014,76.67,Bosnia and Herzegovina,Europe
bih,2015,76.47,Bosnia and Herzegovina,Europe
bih,2016,76.66,Bosnia and Herzegovina,Europe
bih,2017,76.83,Bosnia and Herzegovina,Europe
bih,2018,76.87,Bosnia and Herzegovina,Europe
bih,2019,76.96,Bosnia and Herzegovina,Europe
bih,2020,75.36,Bosnia and Herzegovina,Europe
bih,2021,77.25,Bosnia and Herzegovina,Europe
bih,2022,77.4,Bosnia and Herzegovina,Europe
bih,2023,77.56,Bosnia and Herzegovina,Europe
bih,2024,77.71,Bosnia and Herzegovina,Europe
bih,2025,77.86,Bosnia and Herzegovina,Europe
bih,2026,78.01,Bosnia and Herzegovina,Europe
bih,2027,78.16,Bosnia and Herzegovina,Europe
bih,2028,78.31,Bosnia and Herzegovina,Europe
bih,2029,78.45,Bosnia and Herzegovina,Europe
bih,2030,78.6,Bosnia and Herzegovina,Europe
bih,2031,78.75,Bosnia and Herzegovina,Europe
bih,2032,78.9,Bosnia and Herzegovina,Europe
bih,2033,79.05,Bosnia and Herzegovina,Europe
bih,2034,79.19,Bosnia and Herzegovina,Europe
bih,2035,79.34,Bosnia and Herzegovina,Europe
bih,2036,79.49,Bosnia and Herzegovina,Europe
bih,2037,79.64,Bosnia and Herzegovina,Europe
bih,2038,79.78,Bosnia and Herzegovina,Europe
bih,2039,79.93,Bosnia and Herzegovina,Europe
bih,2040,80.08,Bosnia and Herzegovina,Europe
bih,2041,80.23,Bosnia and Herzegovina,Europe
bih,2042,80.38,Bosnia and Herzegovina,Europe
bih,2043,80.53,Bosnia and Herzegovina,Europe
bih,2044,80.67,Bosnia and Herzegovina,Europe
bih,2045,80.82,Bosnia and Herzegovina,Europe
bih,2046,80.97,Bosnia and Herzegovina,Europe
bih,2047,81.11,Bosnia and Herzegovina,Europe
bih,2048,81.26,Bosnia and Herzegovina,Europe
bih,2049,81.41,Bosnia and Herzegovina,Europe
bih,2050,81.55,Bosnia and Herzegovina,Europe
bih,2051,81.7,Bosnia and Herzegovina,Europe
bih,2052,81.84,Bosnia and Herzegovina,Europe
bih,2053,81.99,Bosnia and Herzegovina,Europe
bih,2054,82.13,Bosnia and Herzegovina,Europe
bih,2055,82.27,Bosnia and Herzegovina,Europe
bih,2056,82.41,Bosnia and Herzegovina,Europe
bih,2057,82.55,Bosnia and Herzegovina,Europe
bih,2058,82.68,Bosnia and Herzegovina,Europe
bih,2059,82.82,Bosnia and Herzegovina,Europe
bih,2060,82.95,Bosnia and Herzegovina,Europe
bih,2061,83.09,Bosnia and Herzegovina,Europe
bih,2062,83.22,Bosnia and Herzegovina,Europe
bih,2063,83.35,Bosnia and Herzegovina,Europe
bih,2064,83.47,Bosnia and Herzegovina,Europe
bih,2065,83.6,Bosnia and Herzegovina,Europe
bih,2066,83.72,Bosnia and Herzegovina,Europe
bih,2067,83.84,Bosnia and Herzegovina,Europe
bih,2068,83.96,Bosnia and Herzegovina,Europe
bih,2069,84.08,Bosnia and Herzegovina,Europe
bih,2070,84.2,Bosnia and Herzegovina,Europe
bih,2071,84.31,Bosnia and Herzegovina,Europe
bih,2072,84.42,Bosnia and Herzegovina,Europe
bih,2073,84.54,Bosnia and Herzegovina,Europe
bih,2074,84.65,Bosnia and Herzegovina,Europe
bih,2075,84.76,Bosnia and Herzegovina,Europe
bih,2076,84.87,Bosnia and Herzegovina,Europe
bih,2077,84.97,Bosnia and Herzegovina,Europe
bih,2078,85.08,Bosnia and Herzegovina,Europe
bih,2079,85.19,Bosnia and Herzegovina,Europe
bih,2080,85.29,Bosnia and Herzegovina,Europe
bih,2081,85.39,Bosnia and Herzegovina,Europe
bih,2082,85.5,Bosnia and Herzegovina,Europe
bih,2083,85.6,Bosnia and Herzegovina,Europe
bih,2084,85.7,Bosnia and Herzegovina,Europe
bih,2085,85.81,Bosnia and Herzegovina,Europe
bih,2086,85.91,Bosnia and Herzegovina,Europe
bih,2087,86.01,Bosnia and Herzegovina,Europe
bih,2088,86.12,Bosnia and Herzegovina,Europe
bih,2089,86.22,Bosnia and Herzegovina,Europe
bih,2090,86.32,Bosnia and Herzegovina,Europe
bih,2091,86.43,Bosnia and Herzegovina,Europe
bih,2092,86.53,Bosnia and Herzegovina,Europe
bih,2093,86.64,Bosnia and Herzegovina,Europe
bih,2094,86.74,Bosnia and Herzegovina,Europe
bih,2095,86.84,Bosnia and Herzegovina,Europe
bih,2096,86.94,Bosnia and Herzegovina,Europe
bih,2097,87.05,Bosnia and Herzegovina,Europe
bih,2098,87.15,Bosnia and Herzegovina,Europe
bih,2099,87.25,Bosnia and Herzegovina,Europe
bih,2100,87.35,Bosnia and Herzegovina,Europe
bwa,1800,33.6,Botswana,Africa
bwa,1801,33.6,Botswana,Africa
bwa,1802,33.6,Botswana,Africa
bwa,1803,33.6,Botswana,Africa
bwa,1804,33.6,Botswana,Africa
bwa,1805,33.6,Botswana,Africa
bwa,1806,33.6,Botswana,Africa
bwa,1807,33.6,Botswana,Africa
bwa,1808,33.6,Botswana,Africa
bwa,1809,33.6,Botswana,Africa
bwa,1810,33.6,Botswana,Africa
bwa,1811,33.6,Botswana,Africa
bwa,1812,33.6,Botswana,Africa
bwa,1813,33.6,Botswana,Africa
bwa,1814,33.6,Botswana,Africa
bwa,1815,33.6,Botswana,Africa
bwa,1816,33.6,Botswana,Africa
bwa,1817,33.6,Botswana,Africa
bwa,1818,33.6,Botswana,Africa
bwa,1819,33.6,Botswana,Africa
bwa,1820,33.6,Botswana,Africa
bwa,1821,33.6,Botswana,Africa
bwa,1822,33.6,Botswana,Africa
bwa,1823,33.6,Botswana,Africa
bwa,1824,33.6,Botswana,Africa
bwa,1825,33.6,Botswana,Africa
bwa,1826,33.6,Botswana,Africa
bwa,1827,33.6,Botswana,Africa
bwa,1828,33.6,Botswana,Africa
bwa,1829,33.6,Botswana,Africa
bwa,1830,33.6,Botswana,Africa
bwa,1831,33.6,Botswana,Africa
bwa,1832,33.6,Botswana,Africa
bwa,1833,33.6,Botswana,Africa
bwa,1834,33.6,Botswana,Africa
bwa,1835,33.6,Botswana,Africa
bwa,1836,33.6,Botswana,Africa
bwa,1837,33.6,Botswana,Africa
bwa,1838,33.6,Botswana,Africa
bwa,1839,33.6,Botswana,Africa
bwa,1840,33.6,Botswana,Africa
bwa,1841,33.6,Botswana,Africa
bwa,1842,33.6,Botswana,Africa
bwa,1843,33.6,Botswana,Africa
bwa,1844,33.6,Botswana,Africa
bwa,1845,33.6,Botswana,Africa
bwa,1846,33.6,Botswana,Africa
bwa,1847,33.6,Botswana,Africa
bwa,1848,33.6,Botswana,Africa
bwa,1849,33.6,Botswana,Africa
bwa,1850,33.6,Botswana,Africa
bwa,1851,33.6,Botswana,Africa
bwa,1852,33.6,Botswana,Africa
bwa,1853,33.6,Botswana,Africa
bwa,1854,33.6,Botswana,Africa
bwa,1855,33.6,Botswana,Africa
bwa,1856,33.6,Botswana,Africa
bwa,1857,33.6,Botswana,Africa
bwa,1858,33.6,Botswana,Africa
bwa,1859,33.6,Botswana,Africa
bwa,1860,33.6,Botswana,Africa
bwa,1861,33.6,Botswana,Africa
bwa,1862,33.6,Botswana,Africa
bwa,1863,33.6,Botswana,Africa
bwa,1864,33.6,Botswana,Africa
bwa,1865,33.6,Botswana,Africa
bwa,1866,33.6,Botswana,Africa
bwa,1867,33.6,Botswana,Africa
bwa,1868,33.6,Botswana,Africa
bwa,1869,33.6,Botswana,Africa
bwa,1870,33.6,Botswana,Africa
bwa,1871,33.66,Botswana,Africa
bwa,1872,33.72,Botswana,Africa
bwa,1873,33.78,Botswana,Africa
bwa,1874,33.85,Botswana,Africa
bwa,1875,33.91,Botswana,Africa
bwa,1876,33.97,Botswana,Africa
bwa,1877,34.03,Botswana,Africa
bwa,1878,34.09,Botswana,Africa
bwa,1879,34.15,Botswana,Africa
bwa,1880,34.21,Botswana,Africa
bwa,1881,34.27,Botswana,Africa
bwa,1882,34.34,Botswana,Africa
bwa,1883,34.4,Botswana,Africa
bwa,1884,34.46,Botswana,Africa
bwa,1885,34.52,Botswana,Africa
bwa,1886,34.58,Botswana,Africa
bwa,1887,34.64,Botswana,Africa
bwa,1888,34.7,Botswana,Africa
bwa,1889,34.77,Botswana,Africa
bwa,1890,34.83,Botswana,Africa
bwa,1891,34.89,Botswana,Africa
bwa,1892,34.95,Botswana,Africa
bwa,1893,35.01,Botswana,Africa
bwa,1894,35.07,Botswana,Africa
bwa,1895,35.13,Botswana,Africa
bwa,1896,35.2,Botswana,Africa
bwa,1897,35.26,Botswana,Africa
bwa,1898,35.32,Botswana,Africa
bwa,1899,35.38,Botswana,Africa
bwa,1900,35.44,Botswana,Africa
bwa,1901,35.5,Botswana,Africa
bwa,1902,35.56,Botswana,Africa
bwa,1903,35.62,Botswana,Africa
bwa,1904,35.69,Botswana,Africa
bwa,1905,35.75,Botswana,Africa
bwa,1906,35.81,Botswana,Africa
bwa,1907,35.87,Botswana,Africa
bwa,1908,35.93,Botswana,Africa
bwa,1909,35.99,Botswana,Africa
bwa,1910,36.05,Botswana,Africa
bwa,1911,36.12,Botswana,Africa
bwa,1912,36.18,Botswana,Africa
bwa,1913,36.24,Botswana,Africa
bwa,1914,36.3,Botswana,Africa
bwa,1915,36.36,Botswana,Africa
bwa,1916,36.42,Botswana,Africa
bwa,1917,36.48,Botswana,Africa
bwa,1918,11.86,Botswana,Africa
bwa,1919,36.61,Botswana,Africa
bwa,1920,36.67,Botswana,Africa
bwa,1921,36.73,Botswana,Africa
bwa,1922,36.79,Botswana,Africa
bwa,1923,36.85,Botswana,Africa
bwa,1924,36.91,Botswana,Africa
bwa,1925,36.97,Botswana,Africa
bwa,1926,37.04,Botswana,Africa
bwa,1927,37.1,Botswana,Africa
bwa,1928,37.16,Botswana,Africa
bwa,1929,37.22,Botswana,Africa
bwa,1930,37.28,Botswana,Africa
bwa,1931,37.34,Botswana,Africa
bwa,1932,37.4,Botswana,Africa
bwa,1933,37.47,Botswana,Africa
bwa,1934,37.53,Botswana,Africa
bwa,1935,37.59,Botswana,Africa
bwa,1936,37.65,Botswana,Africa
bwa,1937,37.71,Botswana,Africa
bwa,1938,37.77,Botswana,Africa
bwa,1939,37.83,Botswana,Africa
bwa,1940,37.89,Botswana,Africa
bwa,1941,37.96,Botswana,Africa
bwa,1942,38.02,Botswana,Africa
bwa,1943,38.08,Botswana,Africa
bwa,1944,38.14,Botswana,Africa
bwa,1945,38.2,Botswana,Africa
bwa,1946,41.28,Botswana,Africa
bwa,1947,44.36,Botswana,Africa
bwa,1948,47.45,Botswana,Africa
bwa,1949,50.56,Botswana,Africa
bwa,1950,53.67,Botswana,Africa
bwa,1951,53.75,Botswana,Africa
bwa,1952,53.8,Botswana,Africa
bwa,1953,53.88,Botswana,Africa
bwa,1954,53.93,Botswana,Africa
bwa,1955,53.98,Botswana,Africa
bwa,1956,54.05,Botswana,Africa
bwa,1957,54.11,Botswana,Africa
bwa,1958,54.19,Botswana,Africa
bwa,1959,54.27,Botswana,Africa
bwa,1960,54.36,Botswana,Africa
bwa,1961,54.46,Botswana,Africa
bwa,1962,54.61,Botswana,Africa
bwa,1963,54.79,Botswana,Africa
bwa,1964,54.99,Botswana,Africa
bwa,1965,55.08,Botswana,Africa
bwa,1966,55.27,Botswana,Africa
bwa,1967,55.46,Botswana,Africa
bwa,1968,55.75,Botswana,Africa
bwa,1969,56.08,Botswana,Africa
bwa,1970,56.49,Botswana,Africa
bwa,1971,56.98,Botswana,Africa
bwa,1972,57.54,Botswana,Africa
bwa,1973,58.12,Botswana,Africa
bwa,1974,58.63,Botswana,Africa
bwa,1975,59.14,Botswana,Africa
bwa,1976,59.57,Botswana,Africa
bwa,1977,59.92,Botswana,Africa
bwa,1978,60.29,Botswana,Africa
bwa,1979,60.59,Botswana,Africa
bwa,1980,60.98,Botswana,Africa
bwa,1981,61.31,Botswana,Africa
bwa,1982,61.63,Botswana,Africa
bwa,1983,61.95,Botswana,Africa
bwa,1984,62.23,Botswana,Africa
bwa,1985,62.49,Botswana,Africa
bwa,1986,62.64,Botswana,Africa
bwa,1987,62.67,Botswana,Africa
bwa,1988,62.17,Botswana,Africa
bwa,1989,62.13,Botswana,Africa
bwa,1990,61.32,Botswana,Africa
bwa,1991,60.2,Botswana,Africa
bwa,1992,58.61,Botswana,Africa
bwa,1993,56.67,Botswana,Africa
bwa,1994,54.58,Botswana,Africa
bwa,1995,52.5,Botswana,Africa
bwa,1996,50.65,Botswana,Africa
bwa,1997,49.02,Botswana,Africa
bwa,1998,47.57,Botswana,Africa
bwa,1999,46.43,Botswana,Africa
bwa,2000,45.52,Botswana,Africa
bwa,2001,44.99,Botswana,Africa
bwa,2002,44.94,Botswana,Africa
bwa,2003,45.69,Botswana,Africa
bwa,2004,47.52,Botswana,Africa
bwa,2005,49.93,Botswana,Africa
bwa,2006,51.39,Botswana,Africa
bwa,2007,53.41,Botswana,Africa
bwa,2008,54.67,Botswana,Africa
bwa,2009,56.06,Botswana,Africa
bwa,2010,56.98,Botswana,Africa
bwa,2011,57.75,Botswana,Africa
bwa,2012,58.62,Botswana,Africa
bwa,2013,59.43,Botswana,Africa
bwa,2014,60.09,Botswana,Africa
bwa,2015,60.62,Botswana,Africa
bwa,2016,61.22,Botswana,Africa
bwa,2017,61.51,Botswana,Africa
bwa,2018,61.84,Botswana,Africa
bwa,2019,62.25,Botswana,Africa
bwa,2020,61.65,Botswana,Africa
bwa,2021,62.53,Botswana,Africa
bwa,2022,62.6,Botswana,Africa
bwa,2023,62.66,Botswana,Africa
bwa,2024,62.73,Botswana,Africa
bwa,2025,62.82,Botswana,Africa
bwa,2026,62.93,Botswana,Africa
bwa,2027,63.06,Botswana,Africa
bwa,2028,63.18,Botswana,Africa
bwa,2029,63.3,Botswana,Africa
bwa,2030,63.42,Botswana,Africa
bwa,2031,63.54,Botswana,Africa
bwa,2032,63.65,Botswana,Africa
bwa,2033,63.77,Botswana,Africa
bwa,2034,63.88,Botswana,Africa
bwa,2035,63.99,Botswana,Africa
bwa,2036,64.1,Botswana,Africa
bwa,2037,64.21,Botswana,Africa
bwa,2038,64.32,Botswana,Africa
bwa,2039,64.43,Botswana,Africa
bwa,2040,64.55,Botswana,Africa
bwa,2041,64.66,Botswana,Africa
bwa,2042,64.77,Botswana,Africa
bwa,2043,64.88,Botswana,Africa
bwa,2044,64.99,Botswana,Africa
bwa,2045,65.1,Botswana,Africa
bwa,2046,65.21,Botswana,Africa
bwa,2047,65.32,Botswana,Africa
bwa,2048,65.43,Botswana,Africa
bwa,2049,65.54,Botswana,Africa
bwa,2050,65.65,Botswana,Africa
bwa,2051,65.76,Botswana,Africa
bwa,2052,65.88,Botswana,Africa
bwa,2053,65.99,Botswana,Africa
bwa,2054,66.1,Botswana,Africa
bwa,2055,66.21,Botswana,Africa
bwa,2056,66.32,Botswana,Africa
bwa,2057,66.43,Botswana,Africa
bwa,2058,66.54,Botswana,Africa
bwa,2059,66.66,Botswana,Africa
bwa,2060,66.77,Botswana,Africa
bwa,2061,66.89,Botswana,Africa
bwa,2062,67,Botswana,Africa
bwa,2063,67.12,Botswana,Africa
bwa,2064,67.23,Botswana,Africa
bwa,2065,67.34,Botswana,Africa
bwa,2066,67.45,Botswana,Africa
bwa,2067,67.57,Botswana,Africa
bwa,2068,67.68,Botswana,Africa
bwa,2069,67.79,Botswana,Africa
bwa,2070,67.9,Botswana,Africa
bwa,2071,68.02,Botswana,Africa
bwa,2072,68.14,Botswana,Africa
bwa,2073,68.25,Botswana,Africa
bwa,2074,68.37,Botswana,Africa
bwa,2075,68.49,Botswana,Africa
bwa,2076,68.61,Botswana,Africa
bwa,2077,68.73,Botswana,Africa
bwa,2078,68.85,Botswana,Africa
bwa,2079,68.97,Botswana,Africa
bwa,2080,69.09,Botswana,Africa
bwa,2081,69.21,Botswana,Africa
bwa,2082,69.33,Botswana,Africa
bwa,2083,69.45,Botswana,Africa
bwa,2084,69.57,Botswana,Africa
bwa,2085,69.7,Botswana,Africa
bwa,2086,69.82,Botswana,Africa
bwa,2087,69.94,Botswana,Africa
bwa,2088,70.07,Botswana,Africa
bwa,2089,70.19,Botswana,Africa
bwa,2090,70.32,Botswana,Africa
bwa,2091,70.45,Botswana,Africa
bwa,2092,70.57,Botswana,Africa
bwa,2093,70.7,Botswana,Africa
bwa,2094,70.82,Botswana,Africa
bwa,2095,70.95,Botswana,Africa
bwa,2096,71.08,Botswana,Africa
bwa,2097,71.21,Botswana,Africa
bwa,2098,71.33,Botswana,Africa
bwa,2099,71.46,Botswana,Africa
bwa,2100,71.59,Botswana,Africa
bra,1800,32,Brazil,South America
bra,1801,32,Brazil,South America
bra,1802,32,Brazil,South America
bra,1803,32,Brazil,South America
bra,1804,32,Brazil,South America
bra,1805,32,Brazil,South America
bra,1806,32,Brazil,South America
bra,1807,32,Brazil,South America
bra,1808,32,Brazil,South America
bra,1809,32,Brazil,South America
bra,1810,32,Brazil,South America
bra,1811,32,Brazil,South America
bra,1812,32,Brazil,South America
bra,1813,32,Brazil,South America
bra,1814,32,Brazil,South America
bra,1815,32,Brazil,South America
bra,1816,32,Brazil,South America
bra,1817,32,Brazil,South America
bra,1818,32,Brazil,South America
bra,1819,32,Brazil,South America
bra,1820,32,Brazil,South America
bra,1821,32,Brazil,South America
bra,1822,32,Brazil,South America
bra,1823,32,Brazil,South America
bra,1824,32,Brazil,South America
bra,1825,32,Brazil,South America
bra,1826,31.99,Brazil,South America
bra,1827,31.99,Brazil,South America
bra,1828,31.99,Brazil,South America
bra,1829,31.99,Brazil,South America
bra,1830,31.99,Brazil,South America
bra,1831,31.99,Brazil,South America
bra,1832,31.99,Brazil,South America
bra,1833,31.99,Brazil,South America
bra,1834,31.99,Brazil,South America
bra,1835,31.99,Brazil,South America
bra,1836,31.99,Brazil,South America
bra,1837,31.99,Brazil,South America
bra,1838,31.99,Brazil,South America
bra,1839,31.99,Brazil,South America
bra,1840,31.99,Brazil,South America
bra,1841,31.99,Brazil,South America
bra,1842,31.99,Brazil,South America
bra,1843,31.99,Brazil,South America
bra,1844,31.99,Brazil,South America
bra,1845,31.99,Brazil,South America
bra,1846,31.99,Brazil,South America
bra,1847,31.99,Brazil,South America
bra,1848,31.99,Brazil,South America
bra,1849,31.99,Brazil,South America
bra,1850,31.99,Brazil,South America
bra,1851,31.99,Brazil,South America
bra,1852,31.99,Brazil,South America
bra,1853,31.99,Brazil,South America
bra,1854,31.99,Brazil,South America
bra,1855,31.99,Brazil,South America
bra,1856,31.99,Brazil,South America
bra,1857,31.99,Brazil,South America
bra,1858,31.99,Brazil,South America
bra,1859,31.99,Brazil,South America
bra,1860,31.99,Brazil,South America
bra,1861,31.99,Brazil,South America
bra,1862,31.99,Brazil,South America
bra,1863,31.99,Brazil,South America
bra,1864,31.99,Brazil,South America
bra,1865,31.99,Brazil,South America
bra,1866,31.99,Brazil,South America
bra,1867,31.99,Brazil,South America
bra,1868,31.99,Brazil,South America
bra,1869,31.99,Brazil,South America
bra,1870,31.99,Brazil,South America
bra,1871,31.97,Brazil,South America
bra,1872,31.95,Brazil,South America
bra,1873,31.93,Brazil,South America
bra,1874,31.91,Brazil,South America
bra,1875,31.89,Brazil,South America
bra,1876,31.87,Brazil,South America
bra,1877,31.85,Brazil,South America
bra,1878,31.83,Brazil,South America
bra,1879,31.81,Brazil,South America
bra,1880,31.79,Brazil,South America
bra,1881,31.77,Brazil,South America
bra,1882,31.75,Brazil,South America
bra,1883,31.73,Brazil,South America
bra,1884,31.71,Brazil,South America
bra,1885,31.69,Brazil,South America
bra,1886,31.67,Brazil,South America
bra,1887,31.65,Brazil,South America
bra,1888,31.63,Brazil,South America
bra,1889,31.61,Brazil,South America
bra,1890,31.59,Brazil,South America
bra,1891,31.57,Brazil,South America
bra,1892,31.55,Brazil,South America
bra,1893,31.53,Brazil,South America
bra,1894,31.51,Brazil,South America
bra,1895,31.49,Brazil,South America
bra,1896,31.47,Brazil,South America
bra,1897,31.45,Brazil,South America
bra,1898,31.43,Brazil,South America
bra,1899,31.41,Brazil,South America
bra,1900,31.39,Brazil,South America
bra,1901,31.37,Brazil,South America
bra,1902,31.35,Brazil,South America
bra,1903,31.33,Brazil,South America
bra,1904,31.31,Brazil,South America
bra,1905,31.29,Brazil,South America
bra,1906,31.27,Brazil,South America
bra,1907,31.25,Brazil,South America
bra,1908,31.23,Brazil,South America
bra,1909,31.21,Brazil,South America
bra,1910,31.19,Brazil,South America
bra,1911,31.17,Brazil,South America
bra,1912,31.15,Brazil,South America
bra,1913,31.13,Brazil,South America
bra,1914,31.11,Brazil,South America
bra,1915,31.09,Brazil,South America
bra,1916,31.07,Brazil,South America
bra,1917,31.05,Brazil,South America
bra,1918,26.18,Brazil,South America
bra,1919,31.01,Brazil,South America
bra,1920,30.99,Brazil,South America
bra,1921,30.97,Brazil,South America
bra,1922,30.95,Brazil,South America
bra,1923,30.94,Brazil,South America
bra,1924,30.92,Brazil,South America
bra,1925,30.9,Brazil,South America
bra,1926,30.88,Brazil,South America
bra,1927,30.87,Brazil,South America
bra,1928,30.85,Brazil,South America
bra,1929,30.83,Brazil,South America
bra,1930,30.81,Brazil,South America
bra,1931,31.24,Brazil,South America
bra,1932,31.67,Brazil,South America
bra,1933,32.09,Brazil,South America
bra,1934,32.52,Brazil,South America
bra,1935,32.94,Brazil,South America
bra,1936,33.37,Brazil,South America
bra,1937,33.79,Brazil,South America
bra,1938,34.21,Brazil,South America
bra,1939,34.64,Brazil,South America
bra,1940,35.06,Brazil,South America
bra,1941,36.12,Brazil,South America
bra,1942,37.17,Brazil,South America
bra,1943,38.23,Brazil,South America
bra,1944,39.29,Brazil,South America
bra,1945,40.34,Brazil,South America
bra,1946,41.79,Brazil,South America
bra,1947,43.24,Brazil,South America
bra,1948,44.68,Brazil,South America
bra,1949,46.13,Brazil,South America
bra,1950,47.57,Brazil,South America
bra,1951,48.05,Brazil,South America
bra,1952,48.53,Brazil,South America
bra,1953,48.98,Brazil,South America
bra,1954,49.46,Brazil,South America
bra,1955,49.94,Brazil,South America
bra,1956,50.42,Brazil,South America
bra,1957,50.89,Brazil,South America
bra,1958,51.4,Brazil,South America
bra,1959,51.92,Brazil,South America
bra,1960,52.44,Brazil,South America
bra,1961,52.97,Brazil,South America
bra,1962,53.53,Brazil,South America
bra,1963,53.99,Brazil,South America
bra,1964,54.43,Brazil,South America
bra,1965,54.83,Brazil,South America
bra,1966,55.19,Brazil,South America
bra,1967,55.59,Brazil,South America
bra,1968,56.07,Brazil,South America
bra,1969,56.52,Brazil,South America
bra,1970,56.94,Brazil,South America
bra,1971,57.45,Brazil,South America
bra,1972,58.03,Brazil,South America
bra,1973,58.57,Brazil,South America
bra,1974,59.16,Brazil,South America
bra,1975,59.78,Brazil,South America
bra,1976,60.39,Brazil,South America
bra,1977,61.07,Brazil,South America
bra,1978,61.72,Brazil,South America
bra,1979,62.27,Brazil,South America
bra,1980,62.74,Brazil,South America
bra,1981,63.3,Brazil,South America
bra,1982,63.87,Brazil,South America
bra,1983,64.06,Brazil,South America
bra,1984,64.21,Brazil,South America
bra,1985,64.61,Brazil,South America
bra,1986,65.06,Brazil,South America
bra,1987,65.65,Brazil,South America
bra,1988,66.07,Brazil,South America
bra,1989,66.72,Brazil,South America
bra,1990,67.29,Brazil,South America
bra,1991,67.92,Brazil,South America
bra,1992,68.34,Brazil,South America
bra,1993,68.43,Brazil,South America
bra,1994,68.81,Brazil,South America
bra,1995,69.17,Brazil,South America
bra,1996,69.52,Brazil,South America
bra,1997,70.08,Brazil,South America
bra,1998,70.4,Brazil,South America
bra,1999,70.79,Brazil,South America
bra,2000,71.18,Brazil,South America
bra,2001,71.49,Brazil,South America
bra,2002,71.76,Brazil,South America
bra,2003,72.03,Brazil,South America
bra,2004,72.31,Brazil,South America
bra,2005,72.81,Brazil,South America
bra,2006,73.06,Brazil,South America
bra,2007,73.31,Brazil,South America
bra,2008,73.5,Brazil,South America
bra,2009,73.66,Brazil,South America
bra,2010,73.85,Brazil,South America
bra,2011,74.01,Brazil,South America
bra,2012,74.34,Brazil,South America
bra,2013,74.55,Brazil,South America
bra,2014,74.83,Brazil,South America
bra,2015,75.03,Brazil,South America
bra,2016,75.05,Brazil,South America
bra,2017,75.44,Brazil,South America
bra,2018,75.69,Brazil,South America
bra,2019,75.85,Brazil,South America
bra,2020,73.58,Brazil,South America
bra,2021,76.25,Brazil,South America
bra,2022,76.44,Brazil,South America
bra,2023,76.64,Brazil,South America
bra,2024,76.83,Brazil,South America
bra,2025,77.02,Brazil,South America
bra,2026,77.22,Brazil,South America
bra,2027,77.41,Brazil,South America
bra,2028,77.61,Brazil,South America
bra,2029,77.8,Brazil,South America
bra,2030,77.99,Brazil,South America
bra,2031,78.18,Brazil,South America
bra,2032,78.37,Brazil,South America
bra,2033,78.56,Brazil,South America
bra,2034,78.75,Brazil,South America
bra,2035,78.93,Brazil,South America
bra,2036,79.11,Brazil,South America
bra,2037,79.3,Brazil,South America
bra,2038,79.48,Brazil,South America
bra,2039,79.66,Brazil,South America
bra,2040,79.84,Brazil,South America
bra,2041,80.03,Brazil,South America
bra,2042,80.21,Brazil,South America
bra,2043,80.39,Brazil,South America
bra,2044,80.57,Brazil,South America
bra,2045,80.75,Brazil,South America
bra,2046,80.92,Brazil,South America
bra,2047,81.1,Brazil,South America
bra,2048,81.28,Brazil,South America
bra,2049,81.45,Brazil,South America
bra,2050,81.62,Brazil,South America
bra,2051,81.79,Brazil,South America
bra,2052,81.95,Brazil,South America
bra,2053,82.12,Brazil,South America
bra,2054,82.28,Brazil,South America
bra,2055,82.44,Brazil,South America
bra,2056,82.59,Brazil,South America
bra,2057,82.74,Brazil,South America
bra,2058,82.89,Brazil,South America
bra,2059,83.04,Brazil,South America
bra,2060,83.18,Brazil,South America
bra,2061,83.32,Brazil,South America
bra,2062,83.46,Brazil,South America
bra,2063,83.59,Brazil,South America
bra,2064,83.73,Brazil,South America
bra,2065,83.86,Brazil,South America
bra,2066,84,Brazil,South America
bra,2067,84.13,Brazil,South America
bra,2068,84.25,Brazil,South America
bra,2069,84.38,Brazil,South America
bra,2070,84.51,Brazil,South America
bra,2071,84.63,Brazil,South America
bra,2072,84.75,Brazil,South America
bra,2073,84.87,Brazil,South America
bra,2074,84.99,Brazil,South America
bra,2075,85.11,Brazil,South America
bra,2076,85.23,Brazil,South America
bra,2077,85.35,Brazil,South America
bra,2078,85.47,Brazil,South America
bra,2079,85.59,Brazil,South America
bra,2080,85.71,Brazil,South America
bra,2081,85.82,Brazil,South America
bra,2082,85.94,Brazil,South America
bra,2083,86.05,Brazil,South America
bra,2084,86.17,Brazil,South America
bra,2085,86.28,Brazil,South America
bra,2086,86.39,Brazil,South America
bra,2087,86.5,Brazil,South America
bra,2088,86.61,Brazil,South America
bra,2089,86.72,Brazil,South America
bra,2090,86.83,Brazil,South America
bra,2091,86.94,Brazil,South America
bra,2092,87.05,Brazil,South America
bra,2093,87.16,Brazil,South America
bra,2094,87.27,Brazil,South America
bra,2095,87.38,Brazil,South America
bra,2096,87.5,Brazil,South America
bra,2097,87.61,Brazil,South America
bra,2098,87.72,Brazil,South America
bra,2099,87.84,Brazil,South America
bra,2100,87.95,Brazil,South America
brn,1800,29.2,Brunei,Asia
brn,1801,29.2,Brunei,Asia
brn,1802,29.2,Brunei,Asia
brn,1803,29.2,Brunei,Asia
brn,1804,29.2,Brunei,Asia
brn,1805,29.2,Brunei,Asia
brn,1806,29.2,Brunei,Asia
brn,1807,29.2,Brunei,Asia
brn,1808,29.2,Brunei,Asia
brn,1809,29.2,Brunei,Asia
brn,1810,29.2,Brunei,Asia
brn,1811,29.2,Brunei,Asia
brn,1812,29.2,Brunei,Asia
brn,1813,29.2,Brunei,Asia
brn,1814,29.2,Brunei,Asia
brn,1815,29.2,Brunei,Asia
brn,1816,29.2,Brunei,Asia
brn,1817,29.2,Brunei,Asia
brn,1818,29.2,Brunei,Asia
brn,1819,29.2,Brunei,Asia
brn,1820,29.2,Brunei,Asia
brn,1821,29.2,Brunei,Asia
brn,1822,29.2,Brunei,Asia
brn,1823,29.2,Brunei,Asia
brn,1824,29.2,Brunei,Asia
brn,1825,29.2,Brunei,Asia
brn,1826,29.2,Brunei,Asia
brn,1827,29.2,Brunei,Asia
brn,1828,29.2,Brunei,Asia
brn,1829,29.2,Brunei,Asia
brn,1830,29.2,Brunei,Asia
brn,1831,29.2,Brunei,Asia
brn,1832,29.2,Brunei,Asia
brn,1833,29.2,Brunei,Asia
brn,1834,29.2,Brunei,Asia
brn,1835,29.2,Brunei,Asia
brn,1836,29.2,Brunei,Asia
brn,1837,29.2,Brunei,Asia
brn,1838,29.2,Brunei,Asia
brn,1839,29.2,Brunei,Asia
brn,1840,29.2,Brunei,Asia
brn,1841,29.2,Brunei,Asia
brn,1842,29.2,Brunei,Asia
brn,1843,29.2,Brunei,Asia
brn,1844,29.2,Brunei,Asia
brn,1845,29.2,Brunei,Asia
brn,1846,29.2,Brunei,Asia
brn,1847,29.2,Brunei,Asia
brn,1848,29.2,Brunei,Asia
brn,1849,29.2,Brunei,Asia
brn,1850,29.2,Brunei,Asia
brn,1851,29.2,Brunei,Asia
brn,1852,29.2,Brunei,Asia
brn,1853,29.2,Brunei,Asia
brn,1854,29.2,Brunei,Asia
brn,1855,29.2,Brunei,Asia
brn,1856,29.2,Brunei,Asia
brn,1857,29.2,Brunei,Asia
brn,1858,29.2,Brunei,Asia
brn,1859,29.2,Brunei,Asia
brn,1860,29.2,Brunei,Asia
brn,1861,29.2,Brunei,Asia
brn,1862,29.2,Brunei,Asia
brn,1863,29.2,Brunei,Asia
brn,1864,29.2,Brunei,Asia
brn,1865,29.2,Brunei,Asia
brn,1866,29.2,Brunei,Asia
brn,1867,29.2,Brunei,Asia
brn,1868,29.2,Brunei,Asia
brn,1869,29.2,Brunei,Asia
brn,1870,29.2,Brunei,Asia
brn,1871,29.17,Brunei,Asia
brn,1872,29.14,Brunei,Asia
brn,1873,29.1,Brunei,Asia
brn,1874,29.07,Brunei,Asia
brn,1875,29.04,Brunei,Asia
brn,1876,29.01,Brunei,Asia
brn,1877,28.98,Brunei,Asia
brn,1878,28.95,Brunei,Asia
brn,1879,28.91,Brunei,Asia
brn,1880,28.88,Brunei,Asia
brn,1881,28.85,Brunei,Asia
brn,1882,28.82,Brunei,Asia
brn,1883,28.79,Brunei,Asia
brn,1884,28.76,Brunei,Asia
brn,1885,28.72,Brunei,Asia
brn,1886,28.69,Brunei,Asia
brn,1887,28.66,Brunei,Asia
brn,1888,28.63,Brunei,Asia
brn,1889,28.6,Brunei,Asia
brn,1890,28.56,Brunei,Asia
brn,1891,28.53,Brunei,Asia
brn,1892,28.5,Brunei,Asia
brn,1893,28.47,Brunei,Asia
brn,1894,28.44,Brunei,Asia
brn,1895,28.41,Brunei,Asia
brn,1896,28.37,Brunei,Asia
brn,1897,28.34,Brunei,Asia
brn,1898,28.31,Brunei,Asia
brn,1899,28.28,Brunei,Asia
brn,1900,28.25,Brunei,Asia
brn,1901,28.21,Brunei,Asia
brn,1902,28.18,Brunei,Asia
brn,1903,28.15,Brunei,Asia
brn,1904,28.12,Brunei,Asia
brn,1905,28.09,Brunei,Asia
brn,1906,28.06,Brunei,Asia
brn,1907,28.02,Brunei,Asia
brn,1908,27.99,Brunei,Asia
brn,1909,27.96,Brunei,Asia
brn,1910,27.93,Brunei,Asia
brn,1911,27.9,Brunei,Asia
brn,1912,28.54,Brunei,Asia
brn,1913,29.17,Brunei,Asia
brn,1914,29.81,Brunei,Asia
brn,1915,30.45,Brunei,Asia
brn,1916,31.08,Brunei,Asia
brn,1917,31.71,Brunei,Asia
brn,1918,26.26,Brunei,Asia
brn,1919,32.97,Brunei,Asia
brn,1920,33.6,Brunei,Asia
brn,1921,34.22,Brunei,Asia
brn,1922,34.85,Brunei,Asia
brn,1923,35.47,Brunei,Asia
brn,1924,36.09,Brunei,Asia
brn,1925,36.71,Brunei,Asia
brn,1926,37.33,Brunei,Asia
brn,1927,37.94,Brunei,Asia
brn,1928,38.56,Brunei,Asia
brn,1929,39.17,Brunei,Asia
brn,1930,39.78,Brunei,Asia
brn,1931,40.39,Brunei,Asia
brn,1932,41,Brunei,Asia
brn,1933,41.61,Brunei,Asia
brn,1934,42.22,Brunei,Asia
brn,1935,42.82,Brunei,Asia
brn,1936,43.42,Brunei,Asia
brn,1937,44.02,Brunei,Asia
brn,1938,44.62,Brunei,Asia
brn,1939,45.22,Brunei,Asia
brn,1940,45.82,Brunei,Asia
brn,1941,46.41,Brunei,Asia
brn,1942,47.01,Brunei,Asia
brn,1943,47.6,Brunei,Asia
brn,1944,48.19,Brunei,Asia
brn,1945,48.78,Brunei,Asia
brn,1946,49.37,Brunei,Asia
brn,1947,49.95,Brunei,Asia
brn,1948,50.54,Brunei,Asia
brn,1949,51.12,Brunei,Asia
brn,1950,51.7,Brunei,Asia
brn,1951,52.57,Brunei,Asia
brn,1952,52.27,Brunei,Asia
brn,1953,52.64,Brunei,Asia
brn,1954,53.04,Brunei,Asia
brn,1955,52.86,Brunei,Asia
brn,1956,52.56,Brunei,Asia
brn,1957,52.46,Brunei,Asia
brn,1958,53.61,Brunei,Asia
brn,1959,54.47,Brunei,Asia
brn,1960,55.8,Brunei,Asia
brn,1961,57.27,Brunei,Asia
brn,1962,57.66,Brunei,Asia
brn,1963,59.54,Brunei,Asia
brn,1964,60.65,Brunei,Asia
brn,1965,61.91,Brunei,Asia
brn,1966,62.92,Brunei,Asia
brn,1967,63.05,Brunei,Asia
brn,1968,62.25,Brunei,Asia
brn,1969,62.53,Brunei,Asia
brn,1970,63.04,Brunei,Asia
brn,1971,63.56,Brunei,Asia
brn,1972,64.08,Brunei,Asia
brn,1973,64.67,Brunei,Asia
brn,1974,65.39,Brunei,Asia
brn,1975,65.74,Brunei,Asia
brn,1976,66.25,Brunei,Asia
brn,1977,66.43,Brunei,Asia
brn,1978,66.7,Brunei,Asia
brn,1979,67.1,Brunei,Asia
brn,1980,67.51,Brunei,Asia
brn,1981,67.87,Brunei,Asia
brn,1982,68.04,Brunei,Asia
brn,1983,68.23,Brunei,Asia
brn,1984,68.37,Brunei,Asia
brn,1985,68.52,Brunei,Asia
brn,1986,68.62,Brunei,Asia
brn,1987,68.91,Brunei,Asia
brn,1988,69.23,Brunei,Asia
brn,1989,69.27,Brunei,Asia
brn,1990,69.38,Brunei,Asia
brn,1991,69.7,Brunei,Asia
brn,1992,70.04,Brunei,Asia
brn,1993,70.39,Brunei,Asia
brn,1994,71,Brunei,Asia
brn,1995,71.45,Brunei,Asia
brn,1996,71.96,Brunei,Asia
brn,1997,72.07,Brunei,Asia
brn,1998,72.21,Brunei,Asia
brn,1999,72.35,Brunei,Asia
brn,2000,72.52,Brunei,Asia
brn,2001,72.85,Brunei,Asia
brn,2002,72.94,Brunei,Asia
brn,2003,72.89,Brunei,Asia
brn,2004,72.94,Brunei,Asia
brn,2005,73.03,Brunei,Asia
brn,2006,73.2,Brunei,Asia
brn,2007,73.48,Brunei,Asia
brn,2008,73.8,Brunei,Asia
brn,2009,73.83,Brunei,Asia
brn,2010,73.83,Brunei,Asia
brn,2011,73.93,Brunei,Asia
brn,2012,74.01,Brunei,Asia
brn,2013,73.92,Brunei,Asia
brn,2014,73.96,Brunei,Asia
brn,2015,73.98,Brunei,Asia
brn,2016,74.06,Brunei,Asia
brn,2017,74.12,Brunei,Asia
brn,2018,74.21,Brunei,Asia
brn,2019,74.36,Brunei,Asia
brn,2020,74.43,Brunei,Asia
brn,2021,74.63,Brunei,Asia
brn,2022,74.76,Brunei,Asia
brn,2023,74.9,Brunei,Asia
brn,2024,75.03,Brunei,Asia
brn,2025,75.17,Brunei,Asia
brn,2026,75.3,Brunei,Asia
brn,2027,75.44,Brunei,Asia
brn,2028,75.57,Brunei,Asia
brn,2029,75.7,Brunei,Asia
brn,2030,75.84,Brunei,Asia
brn,2031,75.97,Brunei,Asia
brn,2032,76.1,Brunei,Asia
brn,2033,76.23,Brunei,Asia
brn,2034,76.36,Brunei,Asia
brn,2035,76.49,Brunei,Asia
brn,2036,76.62,Brunei,Asia
brn,2037,76.75,Brunei,Asia
brn,2038,76.88,Brunei,Asia
brn,2039,77.01,Brunei,Asia
brn,2040,77.14,Brunei,Asia
brn,2041,77.27,Brunei,Asia
brn,2042,77.4,Brunei,Asia
brn,2043,77.53,Brunei,Asia
brn,2044,77.66,Brunei,Asia
brn,2045,77.78,Brunei,Asia
brn,2046,77.91,Brunei,Asia
brn,2047,78.04,Brunei,Asia
brn,2048,78.17,Brunei,Asia
brn,2049,78.3,Brunei,Asia
brn,2050,78.43,Brunei,Asia
brn,2051,78.56,Brunei,Asia
brn,2052,78.69,Brunei,Asia
brn,2053,78.82,Brunei,Asia
brn,2054,78.95,Brunei,Asia
brn,2055,79.08,Brunei,Asia
brn,2056,79.21,Brunei,Asia
brn,2057,79.34,Brunei,Asia
brn,2058,79.47,Brunei,Asia
brn,2059,79.6,Brunei,Asia
brn,2060,79.73,Brunei,Asia
brn,2061,79.85,Brunei,Asia
brn,2062,79.98,Brunei,Asia
brn,2063,80.11,Brunei,Asia
brn,2064,80.24,Brunei,Asia
brn,2065,80.37,Brunei,Asia
brn,2066,80.49,Brunei,Asia
brn,2067,80.62,Brunei,Asia
brn,2068,80.75,Brunei,Asia
brn,2069,80.88,Brunei,Asia
brn,2070,81.01,Brunei,Asia
brn,2071,81.13,Brunei,Asia
brn,2072,81.26,Brunei,Asia
brn,2073,81.38,Brunei,Asia
brn,2074,81.51,Brunei,Asia
brn,2075,81.63,Brunei,Asia
brn,2076,81.75,Brunei,Asia
brn,2077,81.87,Brunei,Asia
brn,2078,81.98,Brunei,Asia
brn,2079,82.1,Brunei,Asia
brn,2080,82.21,Brunei,Asia
brn,2081,82.33,Brunei,Asia
brn,2082,82.44,Brunei,Asia
brn,2083,82.55,Brunei,Asia
brn,2084,82.66,Brunei,Asia
brn,2085,82.77,Brunei,Asia
brn,2086,82.88,Brunei,Asia
brn,2087,82.99,Brunei,Asia
brn,2088,83.1,Brunei,Asia
brn,2089,83.2,Brunei,Asia
brn,2090,83.31,Brunei,Asia
brn,2091,83.41,Brunei,Asia
brn,2092,83.51,Brunei,Asia
brn,2093,83.61,Brunei,Asia
brn,2094,83.71,Brunei,Asia
brn,2095,83.81,Brunei,Asia
brn,2096,83.91,Brunei,Asia
brn,2097,84.01,Brunei,Asia
brn,2098,84.1,Brunei,Asia
brn,2099,84.2,Brunei,Asia
brn,2100,84.29,Brunei,Asia
bgr,1800,35.8,Bulgaria,Europe
bgr,1801,35.84,Bulgaria,Europe
bgr,1802,35.89,Bulgaria,Europe
bgr,1803,35.93,Bulgaria,Europe
bgr,1804,35.98,Bulgaria,Europe
bgr,1805,36.02,Bulgaria,Europe
bgr,1806,36.06,Bulgaria,Europe
bgr,1807,36.11,Bulgaria,Europe
bgr,1808,36.15,Bulgaria,Europe
bgr,1809,36.2,Bulgaria,Europe
bgr,1810,36.24,Bulgaria,Europe
bgr,1811,36.28,Bulgaria,Europe
bgr,1812,36.33,Bulgaria,Europe
bgr,1813,36.37,Bulgaria,Europe
bgr,1814,36.42,Bulgaria,Europe
bgr,1815,36.46,Bulgaria,Europe
bgr,1816,36.5,Bulgaria,Europe
bgr,1817,36.55,Bulgaria,Europe
bgr,1818,36.59,Bulgaria,Europe
bgr,1819,36.64,Bulgaria,Europe
bgr,1820,36.68,Bulgaria,Europe
bgr,1821,36.72,Bulgaria,Europe
bgr,1822,36.77,Bulgaria,Europe
bgr,1823,36.81,Bulgaria,Europe
bgr,1824,36.86,Bulgaria,Europe
bgr,1825,36.9,Bulgaria,Europe
bgr,1826,36.94,Bulgaria,Europe
bgr,1827,36.99,Bulgaria,Europe
bgr,1828,37.03,Bulgaria,Europe
bgr,1829,37.08,Bulgaria,Europe
bgr,1830,37.12,Bulgaria,Europe
bgr,1831,37.16,Bulgaria,Europe
bgr,1832,37.21,Bulgaria,Europe
bgr,1833,37.25,Bulgaria,Europe
bgr,1834,37.3,Bulgaria,Europe
bgr,1835,37.34,Bulgaria,Europe
bgr,1836,37.38,Bulgaria,Europe
bgr,1837,37.43,Bulgaria,Europe
bgr,1838,37.47,Bulgaria,Europe
bgr,1839,37.52,Bulgaria,Europe
bgr,1840,37.56,Bulgaria,Europe
bgr,1841,37.6,Bulgaria,Europe
bgr,1842,37.65,Bulgaria,Europe
bgr,1843,37.69,Bulgaria,Europe
bgr,1844,37.74,Bulgaria,Europe
bgr,1845,37.78,Bulgaria,Europe
bgr,1846,37.82,Bulgaria,Europe
bgr,1847,37.87,Bulgaria,Europe
bgr,1848,37.91,Bulgaria,Europe
bgr,1849,37.96,Bulgaria,Europe
bgr,1850,38,Bulgaria,Europe
bgr,1851,38.04,Bulgaria,Europe
bgr,1852,38.09,Bulgaria,Europe
bgr,1853,38.13,Bulgaria,Europe
bgr,1854,38.18,Bulgaria,Europe
bgr,1855,38.22,Bulgaria,Europe
bgr,1856,38.26,Bulgaria,Europe
bgr,1857,38.31,Bulgaria,Europe
bgr,1858,38.35,Bulgaria,Europe
bgr,1859,38.4,Bulgaria,Europe
bgr,1860,38.44,Bulgaria,Europe
bgr,1861,38.48,Bulgaria,Europe
bgr,1862,38.53,Bulgaria,Europe
bgr,1863,38.57,Bulgaria,Europe
bgr,1864,38.62,Bulgaria,Europe
bgr,1865,38.66,Bulgaria,Europe
bgr,1866,38.7,Bulgaria,Europe
bgr,1867,38.75,Bulgaria,Europe
bgr,1868,38.79,Bulgaria,Europe
bgr,1869,38.84,Bulgaria,Europe
bgr,1870,38.88,Bulgaria,Europe
bgr,1871,38.92,Bulgaria,Europe
bgr,1872,38.96,Bulgaria,Europe
bgr,1873,39,Bulgaria,Europe
bgr,1874,39.04,Bulgaria,Europe
bgr,1875,39.09,Bulgaria,Europe
bgr,1876,39.13,Bulgaria,Europe
bgr,1877,39.17,Bulgaria,Europe
bgr,1878,39.21,Bulgaria,Europe
bgr,1879,39.25,Bulgaria,Europe
bgr,1880,39.29,Bulgaria,Europe
bgr,1881,39.33,Bulgaria,Europe
bgr,1882,39.37,Bulgaria,Europe
bgr,1883,39.42,Bulgaria,Europe
bgr,1884,39.46,Bulgaria,Europe
bgr,1885,39.5,Bulgaria,Europe
bgr,1886,39.54,Bulgaria,Europe
bgr,1887,39.58,Bulgaria,Europe
bgr,1888,39.62,Bulgaria,Europe
bgr,1889,39.66,Bulgaria,Europe
bgr,1890,39.7,Bulgaria,Europe
bgr,1891,39.74,Bulgaria,Europe
bgr,1892,39.79,Bulgaria,Europe
bgr,1893,39.83,Bulgaria,Europe
bgr,1894,39.87,Bulgaria,Europe
bgr,1895,39.91,Bulgaria,Europe
bgr,1896,39.95,Bulgaria,Europe
bgr,1897,39.99,Bulgaria,Europe
bgr,1898,40.03,Bulgaria,Europe
bgr,1899,40.07,Bulgaria,Europe
bgr,1900,40.11,Bulgaria,Europe
bgr,1901,41.26,Bulgaria,Europe
bgr,1902,42.4,Bulgaria,Europe
bgr,1903,42.67,Bulgaria,Europe
bgr,1904,42.93,Bulgaria,Europe
bgr,1905,43.19,Bulgaria,Europe
bgr,1906,43.26,Bulgaria,Europe
bgr,1907,43.33,Bulgaria,Europe
bgr,1908,43.4,Bulgaria,Europe
bgr,1909,43.47,Bulgaria,Europe
bgr,1910,43.54,Bulgaria,Europe
bgr,1911,43.61,Bulgaria,Europe
bgr,1912,43.67,Bulgaria,Europe
bgr,1913,43.74,Bulgaria,Europe
bgr,1914,43.81,Bulgaria,Europe
bgr,1915,43.88,Bulgaria,Europe
bgr,1916,43.95,Bulgaria,Europe
bgr,1917,44.02,Bulgaria,Europe
bgr,1918,33.6,Bulgaria,Europe
bgr,1919,44.16,Bulgaria,Europe
bgr,1920,44.23,Bulgaria,Europe
bgr,1921,44.29,Bulgaria,Europe
bgr,1922,44.36,Bulgaria,Europe
bgr,1923,44.43,Bulgaria,Europe
bgr,1924,44.66,Bulgaria,Europe
bgr,1925,44.89,Bulgaria,Europe
bgr,1926,45.12,Bulgaria,Europe
bgr,1927,45.86,Bulgaria,Europe
bgr,1928,46.61,Bulgaria,Europe
bgr,1929,47.35,Bulgaria,Europe
bgr,1930,48.09,Bulgaria,Europe
bgr,1931,48.59,Bulgaria,Europe
bgr,1932,49.08,Bulgaria,Europe
bgr,1933,49.58,Bulgaria,Europe
bgr,1934,50.07,Bulgaria,Europe
bgr,1935,50.56,Bulgaria,Europe
bgr,1936,51.06,Bulgaria,Europe
bgr,1937,51.55,Bulgaria,Europe
bgr,1938,51.78,Bulgaria,Europe
bgr,1939,52,Bulgaria,Europe
bgr,1940,52.22,Bulgaria,Europe
bgr,1941,52.45,Bulgaria,Europe
bgr,1942,51.73,Bulgaria,Europe
bgr,1943,51.23,Bulgaria,Europe
bgr,1944,49.74,Bulgaria,Europe
bgr,1945,51.72,Bulgaria,Europe
bgr,1946,53.31,Bulgaria,Europe
bgr,1947,53.78,Bulgaria,Europe
bgr,1948,55.48,Bulgaria,Europe
bgr,1949,57.59,Bulgaria,Europe
bgr,1950,61.04,Bulgaria,Europe
bgr,1951,60.2,Bulgaria,Europe
bgr,1952,60.07,Bulgaria,Europe
bgr,1953,64.04,Bulgaria,Europe
bgr,1954,64.57,Bulgaria,Europe
bgr,1955,64.92,Bulgaria,Europe
bgr,1956,65.67,Bulgaria,Europe
bgr,1957,66.82,Bulgaria,Europe
bgr,1958,68.69,Bulgaria,Europe
bgr,1959,67.17,Bulgaria,Europe
bgr,1960,69.39,Bulgaria,Europe
bgr,1961,70.28,Bulgaria,Europe
bgr,1962,70,Bulgaria,Europe
bgr,1963,70.55,Bulgaria,Europe
bgr,1964,71.34,Bulgaria,Europe
bgr,1965,71.52,Bulgaria,Europe
bgr,1966,71.36,Bulgaria,Europe
bgr,1967,70.94,Bulgaria,Europe
bgr,1968,71.38,Bulgaria,Europe
bgr,1969,70.72,Bulgaria,Europe
bgr,1970,71.47,Bulgaria,Europe
bgr,1971,71,Bulgaria,Europe
bgr,1972,71.14,Bulgaria,Europe
bgr,1973,71.51,Bulgaria,Europe
bgr,1974,71.28,Bulgaria,Europe
bgr,1975,71.26,Bulgaria,Europe
bgr,1976,71.42,Bulgaria,Europe
bgr,1977,70.95,Bulgaria,Europe
bgr,1978,71.16,Bulgaria,Europe
bgr,1979,71.14,Bulgaria,Europe
bgr,1980,71.22,Bulgaria,Europe
bgr,1981,71.31,Bulgaria,Europe
bgr,1982,70.96,Bulgaria,Europe
bgr,1983,70.88,Bulgaria,Europe
bgr,1984,70.55,Bulgaria,Europe
bgr,1985,70.36,Bulgaria,Europe
bgr,1986,70.38,Bulgaria,Europe
bgr,1987,70.29,Bulgaria,Europe
bgr,1988,70.09,Bulgaria,Europe
bgr,1989,70.08,Bulgaria,Europe
bgr,1990,70.08,Bulgaria,Europe
bgr,1991,70.12,Bulgaria,Europe
bgr,1992,69.85,Bulgaria,Europe
bgr,1993,69.72,Bulgaria,Europe
bgr,1994,69.3,Bulgaria,Europe
bgr,1995,69.42,Bulgaria,Europe
bgr,1996,69.31,Bulgaria,Europe
bgr,1997,68.91,Bulgaria,Europe
bgr,1998,69.44,Bulgaria,Europe
bgr,1999,69.96,Bulgaria,Europe
bgr,2000,70.16,Bulgaria,Europe
bgr,2001,70.43,Bulgaria,Europe
bgr,2002,70.71,Bulgaria,Europe
bgr,2003,70.93,Bulgaria,Europe
bgr,2004,71.05,Bulgaria,Europe
bgr,2005,71.12,Bulgaria,Europe
bgr,2006,71.21,Bulgaria,Europe
bgr,2007,71.55,Bulgaria,Europe
bgr,2008,71.87,Bulgaria,Europe
bgr,2009,72.11,Bulgaria,Europe
bgr,2010,72.34,Bulgaria,Europe
bgr,2011,72.65,Bulgaria,Europe
bgr,2012,73,Bulgaria,Europe
bgr,2013,73.27,Bulgaria,Europe
bgr,2014,73.04,Bulgaria,Europe
bgr,2015,73.24,Bulgaria,Europe
bgr,2016,73.31,Bulgaria,Europe
bgr,2017,73.34,Bulgaria,Europe
bgr,2018,73.3,Bulgaria,Europe
bgr,2019,73.35,Bulgaria,Europe
bgr,2020,71.85,Bulgaria,Europe
bgr,2021,73.59,Bulgaria,Europe
bgr,2022,73.72,Bulgaria,Europe
bgr,2023,73.85,Bulgaria,Europe
bgr,2024,73.98,Bulgaria,Europe
bgr,2025,74.1,Bulgaria,Europe
bgr,2026,74.23,Bulgaria,Europe
bgr,2027,74.36,Bulgaria,Europe
bgr,2028,74.48,Bulgaria,Europe
bgr,2029,74.61,Bulgaria,Europe
bgr,2030,74.73,Bulgaria,Europe
bgr,2031,74.86,Bulgaria,Europe
bgr,2032,74.98,Bulgaria,Europe
bgr,2033,75.11,Bulgaria,Europe
bgr,2034,75.24,Bulgaria,Europe
bgr,2035,75.36,Bulgaria,Europe
bgr,2036,75.49,Bulgaria,Europe
bgr,2037,75.62,Bulgaria,Europe
bgr,2038,75.74,Bulgaria,Europe
bgr,2039,75.87,Bulgaria,Europe
bgr,2040,76,Bulgaria,Europe
bgr,2041,76.13,Bulgaria,Europe
bgr,2042,76.26,Bulgaria,Europe
bgr,2043,76.39,Bulgaria,Europe
bgr,2044,76.52,Bulgaria,Europe
bgr,2045,76.65,Bulgaria,Europe
bgr,2046,76.78,Bulgaria,Europe
bgr,2047,76.91,Bulgaria,Europe
bgr,2048,77.04,Bulgaria,Europe
bgr,2049,77.17,Bulgaria,Europe
bgr,2050,77.31,Bulgaria,Europe
bgr,2051,77.44,Bulgaria,Europe
bgr,2052,77.57,Bulgaria,Europe
bgr,2053,77.7,Bulgaria,Europe
bgr,2054,77.83,Bulgaria,Europe
bgr,2055,77.97,Bulgaria,Europe
bgr,2056,78.1,Bulgaria,Europe
bgr,2057,78.23,Bulgaria,Europe
bgr,2058,78.36,Bulgaria,Europe
bgr,2059,78.49,Bulgaria,Europe
bgr,2060,78.63,Bulgaria,Europe
bgr,2061,78.76,Bulgaria,Europe
bgr,2062,78.89,Bulgaria,Europe
bgr,2063,79.02,Bulgaria,Europe
bgr,2064,79.15,Bulgaria,Europe
bgr,2065,79.28,Bulgaria,Europe
bgr,2066,79.42,Bulgaria,Europe
bgr,2067,79.55,Bulgaria,Europe
bgr,2068,79.68,Bulgaria,Europe
bgr,2069,79.81,Bulgaria,Europe
bgr,2070,79.93,Bulgaria,Europe
bgr,2071,80.06,Bulgaria,Europe
bgr,2072,80.19,Bulgaria,Europe
bgr,2073,80.31,Bulgaria,Europe
bgr,2074,80.44,Bulgaria,Europe
bgr,2075,80.56,Bulgaria,Europe
bgr,2076,80.68,Bulgaria,Europe
bgr,2077,80.8,Bulgaria,Europe
bgr,2078,80.92,Bulgaria,Europe
bgr,2079,81.04,Bulgaria,Europe
bgr,2080,81.16,Bulgaria,Europe
bgr,2081,81.27,Bulgaria,Europe
bgr,2082,81.38,Bulgaria,Europe
bgr,2083,81.5,Bulgaria,Europe
bgr,2084,81.61,Bulgaria,Europe
bgr,2085,81.72,Bulgaria,Europe
bgr,2086,81.83,Bulgaria,Europe
bgr,2087,81.93,Bulgaria,Europe
bgr,2088,82.04,Bulgaria,Europe
bgr,2089,82.15,Bulgaria,Europe
bgr,2090,82.25,Bulgaria,Europe
bgr,2091,82.36,Bulgaria,Europe
bgr,2092,82.46,Bulgaria,Europe
bgr,2093,82.56,Bulgaria,Europe
bgr,2094,82.66,Bulgaria,Europe
bgr,2095,82.76,Bulgaria,Europe
bgr,2096,82.86,Bulgaria,Europe
bgr,2097,82.96,Bulgaria,Europe
bgr,2098,83.06,Bulgaria,Europe
bgr,2099,83.16,Bulgaria,Europe
bgr,2100,83.25,Bulgaria,Europe
bfa,1800,29.2,Burkina Faso,Africa
bfa,1801,29.2,Burkina Faso,Africa
bfa,1802,29.2,Burkina Faso,Africa
bfa,1803,29.2,Burkina Faso,Africa
bfa,1804,29.2,Burkina Faso,Africa
bfa,1805,29.2,Burkina Faso,Africa
bfa,1806,29.2,Burkina Faso,Africa
bfa,1807,29.2,Burkina Faso,Africa
bfa,1808,29.2,Burkina Faso,Africa
bfa,1809,29.2,Burkina Faso,Africa
bfa,1810,29.2,Burkina Faso,Africa
bfa,1811,29.2,Burkina Faso,Africa
bfa,1812,29.2,Burkina Faso,Africa
bfa,1813,29.2,Burkina Faso,Africa
bfa,1814,29.2,Burkina Faso,Africa
bfa,1815,29.2,Burkina Faso,Africa
bfa,1816,29.2,Burkina Faso,Africa
bfa,1817,29.2,Burkina Faso,Africa
bfa,1818,29.2,Burkina Faso,Africa
bfa,1819,29.2,Burkina Faso,Africa
bfa,1820,29.2,Burkina Faso,Africa
bfa,1821,29.2,Burkina Faso,Africa
bfa,1822,29.2,Burkina Faso,Africa
bfa,1823,29.2,Burkina Faso,Africa
bfa,1824,29.2,Burkina Faso,Africa
bfa,1825,29.2,Burkina Faso,Africa
bfa,1826,29.2,Burkina Faso,Africa
bfa,1827,29.2,Burkina Faso,Africa
bfa,1828,29.2,Burkina Faso,Africa
bfa,1829,29.2,Burkina Faso,Africa
bfa,1830,29.2,Burkina Faso,Africa
bfa,1831,29.2,Burkina Faso,Africa
bfa,1832,29.2,Burkina Faso,Africa
bfa,1833,29.2,Burkina Faso,Africa
bfa,1834,29.2,Burkina Faso,Africa
bfa,1835,29.2,Burkina Faso,Africa
bfa,1836,29.2,Burkina Faso,Africa
bfa,1837,29.2,Burkina Faso,Africa
bfa,1838,29.2,Burkina Faso,Africa
bfa,1839,29.2,Burkina Faso,Africa
bfa,1840,29.2,Burkina Faso,Africa
bfa,1841,29.2,Burkina Faso,Africa
bfa,1842,29.2,Burkina Faso,Africa
bfa,1843,29.2,Burkina Faso,Africa
bfa,1844,29.2,Burkina Faso,Africa
bfa,1845,29.2,Burkina Faso,Africa
bfa,1846,29.2,Burkina Faso,Africa
bfa,1847,29.2,Burkina Faso,Africa
bfa,1848,29.2,Burkina Faso,Africa
bfa,1849,29.2,Burkina Faso,Africa
bfa,1850,29.2,Burkina Faso,Africa
bfa,1851,29.2,Burkina Faso,Africa
bfa,1852,29.2,Burkina Faso,Africa
bfa,1853,29.2,Burkina Faso,Africa
bfa,1854,29.2,Burkina Faso,Africa
bfa,1855,29.2,Burkina Faso,Africa
bfa,1856,29.2,Burkina Faso,Africa
bfa,1857,29.2,Burkina Faso,Africa
bfa,1858,29.2,Burkina Faso,Africa
bfa,1859,29.2,Burkina Faso,Africa
bfa,1860,29.2,Burkina Faso,Africa
bfa,1861,29.2,Burkina Faso,Africa
bfa,1862,29.2,Burkina Faso,Africa
bfa,1863,29.2,Burkina Faso,Africa
bfa,1864,29.2,Burkina Faso,Africa
bfa,1865,29.2,Burkina Faso,Africa
bfa,1866,29.2,Burkina Faso,Africa
bfa,1867,29.2,Burkina Faso,Africa
bfa,1868,29.2,Burkina Faso,Africa
bfa,1869,29.2,Burkina Faso,Africa
bfa,1870,29.2,Burkina Faso,Africa
bfa,1871,29.27,Burkina Faso,Africa
bfa,1872,29.35,Burkina Faso,Africa
bfa,1873,29.42,Burkina Faso,Africa
bfa,1874,29.5,Burkina Faso,Africa
bfa,1875,29.57,Burkina Faso,Africa
bfa,1876,29.64,Burkina Faso,Africa
bfa,1877,29.72,Burkina Faso,Africa
bfa,1878,29.79,Burkina Faso,Africa
bfa,1879,29.87,Burkina Faso,Africa
bfa,1880,29.94,Burkina Faso,Africa
bfa,1881,30.01,Burkina Faso,Africa
bfa,1882,30.09,Burkina Faso,Africa
bfa,1883,30.16,Burkina Faso,Africa
bfa,1884,30.24,Burkina Faso,Africa
bfa,1885,30.31,Burkina Faso,Africa
bfa,1886,30.38,Burkina Faso,Africa
bfa,1887,30.46,Burkina Faso,Africa
bfa,1888,30.53,Burkina Faso,Africa
bfa,1889,30.61,Burkina Faso,Africa
bfa,1890,30.68,Burkina Faso,Africa
bfa,1891,30.75,Burkina Faso,Africa
bfa,1892,30.83,Burkina Faso,Africa
bfa,1893,30.9,Burkina Faso,Africa
bfa,1894,30.98,Burkina Faso,Africa
bfa,1895,31.05,Burkina Faso,Africa
bfa,1896,31.12,Burkina Faso,Africa
bfa,1897,31.2,Burkina Faso,Africa
bfa,1898,31.27,Burkina Faso,Africa
bfa,1899,31.35,Burkina Faso,Africa
bfa,1900,31.42,Burkina Faso,Africa
bfa,1901,31.49,Burkina Faso,Africa
bfa,1902,31.57,Burkina Faso,Africa
bfa,1903,31.64,Burkina Faso,Africa
bfa,1904,31.72,Burkina Faso,Africa
bfa,1905,31.79,Burkina Faso,Africa
bfa,1906,31.87,Burkina Faso,Africa
bfa,1907,31.94,Burkina Faso,Africa
bfa,1908,32.01,Burkina Faso,Africa
bfa,1909,32.09,Burkina Faso,Africa
bfa,1910,32.16,Burkina Faso,Africa
bfa,1911,32.24,Burkina Faso,Africa
bfa,1912,32.31,Burkina Faso,Africa
bfa,1913,32.38,Burkina Faso,Africa
bfa,1914,32.46,Burkina Faso,Africa
bfa,1915,32.53,Burkina Faso,Africa
bfa,1916,32.61,Burkina Faso,Africa
bfa,1917,32.68,Burkina Faso,Africa
bfa,1918,12.67,Burkina Faso,Africa
bfa,1919,32.83,Burkina Faso,Africa
bfa,1920,32.9,Burkina Faso,Africa
bfa,1921,32.98,Burkina Faso,Africa
bfa,1922,33.05,Burkina Faso,Africa
bfa,1923,33.12,Burkina Faso,Africa
bfa,1924,33.2,Burkina Faso,Africa
bfa,1925,33.27,Burkina Faso,Africa
bfa,1926,33.35,Burkina Faso,Africa
bfa,1927,33.42,Burkina Faso,Africa
bfa,1928,33.49,Burkina Faso,Africa
bfa,1929,33.57,Burkina Faso,Africa
bfa,1930,33.64,Burkina Faso,Africa
bfa,1931,33.72,Burkina Faso,Africa
bfa,1932,33.79,Burkina Faso,Africa
bfa,1933,33.86,Burkina Faso,Africa
bfa,1934,33.94,Burkina Faso,Africa
bfa,1935,34.01,Burkina Faso,Africa
bfa,1936,34.09,Burkina Faso,Africa
bfa,1937,34.16,Burkina Faso,Africa
bfa,1938,34.23,Burkina Faso,Africa
bfa,1939,34.31,Burkina Faso,Africa
bfa,1940,34.38,Burkina Faso,Africa
bfa,1941,34.46,Burkina Faso,Africa
bfa,1942,34.53,Burkina Faso,Africa
bfa,1943,34.6,Burkina Faso,Africa
bfa,1944,34.68,Burkina Faso,Africa
bfa,1945,34.75,Burkina Faso,Africa
bfa,1946,35.01,Burkina Faso,Africa
bfa,1947,35.27,Burkina Faso,Africa
bfa,1948,35.54,Burkina Faso,Africa
bfa,1949,35.8,Burkina Faso,Africa
bfa,1950,36.06,Burkina Faso,Africa
bfa,1951,36.41,Burkina Faso,Africa
bfa,1952,36.73,Burkina Faso,Africa
bfa,1953,37.07,Burkina Faso,Africa
bfa,1954,37.39,Burkina Faso,Africa
bfa,1955,37.72,Burkina Faso,Africa
bfa,1956,38.06,Burkina Faso,Africa
bfa,1957,38.4,Burkina Faso,Africa
bfa,1958,38.74,Burkina Faso,Africa
bfa,1959,39.11,Burkina Faso,Africa
bfa,1960,39.54,Burkina Faso,Africa
bfa,1961,39.87,Burkina Faso,Africa
bfa,1962,40.42,Burkina Faso,Africa
bfa,1963,40.91,Burkina Faso,Africa
bfa,1964,41.42,Burkina Faso,Africa
bfa,1965,41.95,Burkina Faso,Africa
bfa,1966,42.51,Burkina Faso,Africa
bfa,1967,42.8,Burkina Faso,Africa
bfa,1968,43.22,Burkina Faso,Africa
bfa,1969,43.57,Burkina Faso,Africa
bfa,1970,44.06,Burkina Faso,Africa
bfa,1971,44.25,Burkina Faso,Africa
bfa,1972,44.77,Burkina Faso,Africa
bfa,1973,45.05,Burkina Faso,Africa
bfa,1974,45.5,Burkina Faso,Africa
bfa,1975,46.04,Burkina Faso,Africa
bfa,1976,46.48,Burkina Faso,Africa
bfa,1977,46.9,Burkina Faso,Africa
bfa,1978,47.47,Burkina Faso,Africa
bfa,1979,48.03,Burkina Faso,Africa
bfa,1980,48.64,Burkina Faso,Africa
bfa,1981,48.86,Burkina Faso,Africa
bfa,1982,49.5,Burkina Faso,Africa
bfa,1983,49.86,Burkina Faso,Africa
bfa,1984,50.25,Burkina Faso,Africa
bfa,1985,50.64,Burkina Faso,Africa
bfa,1986,50.87,Burkina Faso,Africa
bfa,1987,50.93,Burkina Faso,Africa
bfa,1988,50.81,Burkina Faso,Africa
bfa,1989,50.86,Burkina Faso,Africa
bfa,1990,50.67,Burkina Faso,Africa
bfa,1991,50.62,Burkina Faso,Africa
bfa,1992,50.51,Burkina Faso,Africa
bfa,1993,50.53,Burkina Faso,Africa
bfa,1994,50.57,Burkina Faso,Africa
bfa,1995,50.66,Burkina Faso,Africa
bfa,1996,49.95,Burkina Faso,Africa
bfa,1997,50.76,Burkina Faso,Africa
bfa,1998,51.63,Burkina Faso,Africa
bfa,1999,52.08,Burkina Faso,Africa
bfa,2000,52.48,Burkina Faso,Africa
bfa,2001,52.88,Burkina Faso,Africa
bfa,2002,53.42,Burkina Faso,Africa
bfa,2003,54,Burkina Faso,Africa
bfa,2004,54.63,Burkina Faso,Africa
bfa,2005,55.3,Burkina Faso,Africa
bfa,2006,55.98,Burkina Faso,Africa
bfa,2007,56.49,Burkina Faso,Africa
bfa,2008,57.13,Burkina Faso,Africa
bfa,2009,57.57,Burkina Faso,Africa
bfa,2010,57.94,Burkina Faso,Africa
bfa,2011,58.31,Burkina Faso,Africa
bfa,2012,58.6,Burkina Faso,Africa
bfa,2013,58.94,Burkina Faso,Africa
bfa,2014,59.43,Burkina Faso,Africa
bfa,2015,59.9,Burkina Faso,Africa
bfa,2016,60.34,Burkina Faso,Africa
bfa,2017,60.83,Burkina Faso,Africa
bfa,2018,61.29,Burkina Faso,Africa
bfa,2019,61.67,Burkina Faso,Africa
bfa,2020,61.81,Burkina Faso,Africa
bfa,2021,62.48,Burkina Faso,Africa
bfa,2022,62.88,Burkina Faso,Africa
bfa,2023,63.27,Burkina Faso,Africa
bfa,2024,63.65,Burkina Faso,Africa
bfa,2025,64.02,Burkina Faso,Africa
bfa,2026,64.38,Burkina Faso,Africa
bfa,2027,64.73,Burkina Faso,Africa
bfa,2028,65.07,Burkina Faso,Africa
bfa,2029,65.39,Burkina Faso,Africa
bfa,2030,65.71,Burkina Faso,Africa
bfa,2031,66.02,Burkina Faso,Africa
bfa,2032,66.31,Burkina Faso,Africa
bfa,2033,66.6,Burkina Faso,Africa
bfa,2034,66.88,Burkina Faso,Africa
bfa,2035,67.14,Burkina Faso,Africa
bfa,2036,67.41,Burkina Faso,Africa
bfa,2037,67.66,Burkina Faso,Africa
bfa,2038,67.9,Burkina Faso,Africa
bfa,2039,68.14,Burkina Faso,Africa
bfa,2040,68.37,Burkina Faso,Africa
bfa,2041,68.6,Burkina Faso,Africa
bfa,2042,68.81,Burkina Faso,Africa
bfa,2043,69.02,Burkina Faso,Africa
bfa,2044,69.23,Burkina Faso,Africa
bfa,2045,69.43,Burkina Faso,Africa
bfa,2046,69.62,Burkina Faso,Africa
bfa,2047,69.81,Burkina Faso,Africa
bfa,2048,69.99,Burkina Faso,Africa
bfa,2049,70.17,Burkina Faso,Africa
bfa,2050,70.35,Burkina Faso,Africa
bfa,2051,70.52,Burkina Faso,Africa
bfa,2052,70.69,Burkina Faso,Africa
bfa,2053,70.86,Burkina Faso,Africa
bfa,2054,71.02,Burkina Faso,Africa
bfa,2055,71.18,Burkina Faso,Africa
bfa,2056,71.34,Burkina Faso,Africa
bfa,2057,71.5,Burkina Faso,Africa
bfa,2058,71.65,Burkina Faso,Africa
bfa,2059,71.81,Burkina Faso,Africa
bfa,2060,71.96,Burkina Faso,Africa
bfa,2061,72.11,Burkina Faso,Africa
bfa,2062,72.26,Burkina Faso,Africa
bfa,2063,72.4,Burkina Faso,Africa
bfa,2064,72.54,Burkina Faso,Africa
bfa,2065,72.68,Burkina Faso,Africa
bfa,2066,72.82,Burkina Faso,Africa
bfa,2067,72.96,Burkina Faso,Africa
bfa,2068,73.09,Burkina Faso,Africa
bfa,2069,73.23,Burkina Faso,Africa
bfa,2070,73.37,Burkina Faso,Africa
bfa,2071,73.51,Burkina Faso,Africa
bfa,2072,73.65,Burkina Faso,Africa
bfa,2073,73.79,Burkina Faso,Africa
bfa,2074,73.92,Burkina Faso,Africa
bfa,2075,74.06,Burkina Faso,Africa
bfa,2076,74.19,Burkina Faso,Africa
bfa,2077,74.32,Burkina Faso,Africa
bfa,2078,74.45,Burkina Faso,Africa
bfa,2079,74.58,Burkina Faso,Africa
bfa,2080,74.71,Burkina Faso,Africa
bfa,2081,74.84,Burkina Faso,Africa
bfa,2082,74.97,Burkina Faso,Africa
bfa,2083,75.1,Burkina Faso,Africa
bfa,2084,75.24,Burkina Faso,Africa
bfa,2085,75.37,Burkina Faso,Africa
bfa,2086,75.5,Burkina Faso,Africa
bfa,2087,75.63,Burkina Faso,Africa
bfa,2088,75.76,Burkina Faso,Africa
bfa,2089,75.89,Burkina Faso,Africa
bfa,2090,76.03,Burkina Faso,Africa
bfa,2091,76.16,Burkina Faso,Africa
bfa,2092,76.29,Burkina Faso,Africa
bfa,2093,76.42,Burkina Faso,Africa
bfa,2094,76.56,Burkina Faso,Africa
bfa,2095,76.69,Burkina Faso,Africa
bfa,2096,76.82,Burkina Faso,Africa
bfa,2097,76.95,Burkina Faso,Africa
bfa,2098,77.08,Burkina Faso,Africa
bfa,2099,77.2,Burkina Faso,Africa
bfa,2100,77.33,Burkina Faso,Africa
bdi,1800,31.5,Burundi,Africa
bdi,1801,31.5,Burundi,Africa
bdi,1802,31.5,Burundi,Africa
bdi,1803,31.5,Burundi,Africa
bdi,1804,31.5,Burundi,Africa
bdi,1805,31.5,Burundi,Africa
bdi,1806,31.5,Burundi,Africa
bdi,1807,31.5,Burundi,Africa
bdi,1808,31.5,Burundi,Africa
bdi,1809,31.5,Burundi,Africa
bdi,1810,31.5,Burundi,Africa
bdi,1811,31.5,Burundi,Africa
bdi,1812,31.5,Burundi,Africa
bdi,1813,31.5,Burundi,Africa
bdi,1814,31.5,Burundi,Africa
bdi,1815,31.5,Burundi,Africa
bdi,1816,31.5,Burundi,Africa
bdi,1817,31.5,Burundi,Africa
bdi,1818,31.5,Burundi,Africa
bdi,1819,31.5,Burundi,Africa
bdi,1820,31.5,Burundi,Africa
bdi,1821,31.5,Burundi,Africa
bdi,1822,31.5,Burundi,Africa
bdi,1823,31.5,Burundi,Africa
bdi,1824,31.5,Burundi,Africa
bdi,1825,31.5,Burundi,Africa
bdi,1826,31.5,Burundi,Africa
bdi,1827,31.5,Burundi,Africa
bdi,1828,31.5,Burundi,Africa
bdi,1829,31.5,Burundi,Africa
bdi,1830,31.5,Burundi,Africa
bdi,1831,31.5,Burundi,Africa
bdi,1832,31.5,Burundi,Africa
bdi,1833,31.5,Burundi,Africa
bdi,1834,31.5,Burundi,Africa
bdi,1835,31.5,Burundi,Africa
bdi,1836,31.5,Burundi,Africa
bdi,1837,31.5,Burundi,Africa
bdi,1838,31.5,Burundi,Africa
bdi,1839,31.5,Burundi,Africa
bdi,1840,31.5,Burundi,Africa
bdi,1841,31.5,Burundi,Africa
bdi,1842,31.5,Burundi,Africa
bdi,1843,31.5,Burundi,Africa
bdi,1844,31.5,Burundi,Africa
bdi,1845,31.5,Burundi,Africa
bdi,1846,31.5,Burundi,Africa
bdi,1847,31.5,Burundi,Africa
bdi,1848,31.5,Burundi,Africa
bdi,1849,31.5,Burundi,Africa
bdi,1850,31.5,Burundi,Africa
bdi,1851,31.5,Burundi,Africa
bdi,1852,31.5,Burundi,Africa
bdi,1853,31.5,Burundi,Africa
bdi,1854,31.5,Burundi,Africa
bdi,1855,31.5,Burundi,Africa
bdi,1856,31.5,Burundi,Africa
bdi,1857,31.5,Burundi,Africa
bdi,1858,31.5,Burundi,Africa
bdi,1859,31.5,Burundi,Africa
bdi,1860,31.5,Burundi,Africa
bdi,1861,31.5,Burundi,Africa
bdi,1862,31.5,Burundi,Africa
bdi,1863,31.5,Burundi,Africa
bdi,1864,31.5,Burundi,Africa
bdi,1865,31.5,Burundi,Africa
bdi,1866,31.5,Burundi,Africa
bdi,1867,31.5,Burundi,Africa
bdi,1868,31.5,Burundi,Africa
bdi,1869,31.5,Burundi,Africa
bdi,1870,31.5,Burundi,Africa
bdi,1871,31.52,Burundi,Africa
bdi,1872,31.54,Burundi,Africa
bdi,1873,31.55,Burundi,Africa
bdi,1874,31.57,Burundi,Africa
bdi,1875,31.59,Burundi,Africa
bdi,1876,31.61,Burundi,Africa
bdi,1877,31.63,Burundi,Africa
bdi,1878,31.65,Burundi,Africa
bdi,1879,31.66,Burundi,Africa
bdi,1880,31.68,Burundi,Africa
bdi,1881,31.7,Burundi,Africa
bdi,1882,31.72,Burundi,Africa
bdi,1883,31.74,Burundi,Africa
bdi,1884,31.75,Burundi,Africa
bdi,1885,31.77,Burundi,Africa
bdi,1886,31.79,Burundi,Africa
bdi,1887,31.81,Burundi,Africa
bdi,1888,31.83,Burundi,Africa
bdi,1889,31.85,Burundi,Africa
bdi,1890,31.86,Burundi,Africa
bdi,1891,31.88,Burundi,Africa
bdi,1892,31.9,Burundi,Africa
bdi,1893,31.92,Burundi,Africa
bdi,1894,31.94,Burundi,Africa
bdi,1895,31.95,Burundi,Africa
bdi,1896,31.97,Burundi,Africa
bdi,1897,31.99,Burundi,Africa
bdi,1898,32.01,Burundi,Africa
bdi,1899,32.03,Burundi,Africa
bdi,1900,32.05,Burundi,Africa
bdi,1901,32.06,Burundi,Africa
bdi,1902,32.08,Burundi,Africa
bdi,1903,32.1,Burundi,Africa
bdi,1904,32.12,Burundi,Africa
bdi,1905,32.14,Burundi,Africa
bdi,1906,32.15,Burundi,Africa
bdi,1907,32.17,Burundi,Africa
bdi,1908,32.19,Burundi,Africa
bdi,1909,32.21,Burundi,Africa
bdi,1910,32.23,Burundi,Africa
bdi,1911,32.25,Burundi,Africa
bdi,1912,32.26,Burundi,Africa
bdi,1913,32.28,Burundi,Africa
bdi,1914,32.3,Burundi,Africa
bdi,1915,32.32,Burundi,Africa
bdi,1916,32.34,Burundi,Africa
bdi,1917,32.35,Burundi,Africa
bdi,1918,12.52,Burundi,Africa
bdi,1919,32.39,Burundi,Africa
bdi,1920,32.41,Burundi,Africa
bdi,1921,28.82,Burundi,Africa
bdi,1922,25.24,Burundi,Africa
bdi,1923,32.46,Burundi,Africa
bdi,1924,32.48,Burundi,Africa
bdi,1925,28.89,Burundi,Africa
bdi,1926,26.84,Burundi,Africa
bdi,1927,25.31,Burundi,Africa
bdi,1928,26.87,Burundi,Africa
bdi,1929,26.89,Burundi,Africa
bdi,1930,32.59,Burundi,Africa
bdi,1931,32.61,Burundi,Africa
bdi,1932,32.63,Burundi,Africa
bdi,1933,32.65,Burundi,Africa
bdi,1934,32.66,Burundi,Africa
bdi,1935,32.68,Burundi,Africa
bdi,1936,32.7,Burundi,Africa
bdi,1937,32.72,Burundi,Africa
bdi,1938,32.74,Burundi,Africa
bdi,1939,32.75,Burundi,Africa
bdi,1940,32.77,Burundi,Africa
bdi,1941,32.79,Burundi,Africa
bdi,1942,32.81,Burundi,Africa
bdi,1943,31.37,Burundi,Africa
bdi,1944,18.25,Burundi,Africa
bdi,1945,32.86,Burundi,Africa
bdi,1946,34.33,Burundi,Africa
bdi,1947,35.79,Burundi,Africa
bdi,1948,37.26,Burundi,Africa
bdi,1949,38.73,Burundi,Africa
bdi,1950,40.2,Burundi,Africa
bdi,1951,40.51,Burundi,Africa
bdi,1952,40.75,Burundi,Africa
bdi,1953,41,Burundi,Africa
bdi,1954,41.47,Burundi,Africa
bdi,1955,41.87,Burundi,Africa
bdi,1956,42.24,Burundi,Africa
bdi,1957,42.6,Burundi,Africa
bdi,1958,43.06,Burundi,Africa
bdi,1959,43.5,Burundi,Africa
bdi,1960,43.92,Burundi,Africa
bdi,1961,44.16,Burundi,Africa
bdi,1962,44.43,Burundi,Africa
bdi,1963,44.72,Burundi,Africa
bdi,1964,45.04,Burundi,Africa
bdi,1965,45.31,Burundi,Africa
bdi,1966,45.4,Burundi,Africa
bdi,1967,45.57,Burundi,Africa
bdi,1968,45.7,Burundi,Africa
bdi,1969,45.72,Burundi,Africa
bdi,1970,45.96,Burundi,Africa
bdi,1971,46.17,Burundi,Africa
bdi,1972,17.15,Burundi,Africa
bdi,1973,46.77,Burundi,Africa
bdi,1974,47.01,Burundi,Africa
bdi,1975,47.19,Burundi,Africa
bdi,1976,47.44,Burundi,Africa
bdi,1977,47.78,Burundi,Africa
bdi,1978,48.07,Burundi,Africa
bdi,1979,48.33,Burundi,Africa
bdi,1980,48.49,Burundi,Africa
bdi,1981,48.74,Burundi,Africa
bdi,1982,48.93,Burundi,Africa
bdi,1983,49.11,Burundi,Africa
bdi,1984,49.24,Burundi,Africa
bdi,1985,49.33,Burundi,Africa
bdi,1986,49.43,Burundi,Africa
bdi,1987,49.43,Burundi,Africa
bdi,1988,49.33,Burundi,Africa
bdi,1989,49.04,Burundi,Africa
bdi,1990,48.72,Burundi,Africa
bdi,1991,48.09,Burundi,Africa
bdi,1992,47.45,Burundi,Africa
bdi,1993,47.38,Burundi,Africa
bdi,1994,43.92,Burundi,Africa
bdi,1995,43.35,Burundi,Africa
bdi,1996,43,Burundi,Africa
bdi,1997,43.01,Burundi,Africa
bdi,1998,43.86,Burundi,Africa
bdi,1999,44.34,Burundi,Africa
bdi,2000,44.69,Burundi,Africa
bdi,2001,45.79,Burundi,Africa
bdi,2002,46.86,Burundi,Africa
bdi,2003,47.87,Burundi,Africa
bdi,2004,49.18,Burundi,Africa
bdi,2005,50.3,Burundi,Africa
bdi,2006,54.54,Burundi,Africa
bdi,2007,55.74,Burundi,Africa
bdi,2008,56.8,Burundi,Africa
bdi,2009,57.71,Burundi,Africa
bdi,2010,58.55,Burundi,Africa
bdi,2011,59.35,Burundi,Africa
bdi,2012,60.17,Burundi,Africa
bdi,2013,60.84,Burundi,Africa
bdi,2014,61.39,Burundi,Africa
bdi,2015,61.75,Burundi,Africa
bdi,2016,62.37,Burundi,Africa
bdi,2017,62.95,Burundi,Africa
bdi,2018,63.4,Burundi,Africa
bdi,2019,63.83,Burundi,Africa
bdi,2020,63.96,Burundi,Africa
bdi,2021,64.52,Burundi,Africa
bdi,2022,64.86,Burundi,Africa
bdi,2023,65.19,Burundi,Africa
bdi,2024,65.52,Burundi,Africa
bdi,2025,65.84,Burundi,Africa
bdi,2026,66.17,Burundi,Africa
bdi,2027,66.48,Burundi,Africa
bdi,2028,66.79,Burundi,Africa
bdi,2029,67.1,Burundi,Africa
bdi,2030,67.4,Burundi,Africa
bdi,2031,67.69,Burundi,Africa
bdi,2032,67.98,Burundi,Africa
bdi,2033,68.25,Burundi,Africa
bdi,2034,68.53,Burundi,Africa
bdi,2035,68.79,Burundi,Africa
bdi,2036,69.06,Burundi,Africa
bdi,2037,69.31,Burundi,Africa
bdi,2038,69.57,Burundi,Africa
bdi,2039,69.81,Burundi,Africa
bdi,2040,70.06,Burundi,Africa
bdi,2041,70.3,Burundi,Africa
bdi,2042,70.53,Burundi,Africa
bdi,2043,70.76,Burundi,Africa
bdi,2044,70.99,Burundi,Africa
bdi,2045,71.21,Burundi,Africa
bdi,2046,71.42,Burundi,Africa
bdi,2047,71.63,Burundi,Africa
bdi,2048,71.84,Burundi,Africa
bdi,2049,72.04,Burundi,Africa
bdi,2050,72.24,Burundi,Africa
bdi,2051,72.43,Burundi,Africa
bdi,2052,72.62,Burundi,Africa
bdi,2053,72.81,Burundi,Africa
bdi,2054,72.99,Burundi,Africa
bdi,2055,73.17,Burundi,Africa
bdi,2056,73.35,Burundi,Africa
bdi,2057,73.52,Burundi,Africa
bdi,2058,73.7,Burundi,Africa
bdi,2059,73.87,Burundi,Africa
bdi,2060,74.04,Burundi,Africa
bdi,2061,74.21,Burundi,Africa
bdi,2062,74.38,Burundi,Africa
bdi,2063,74.54,Burundi,Africa
bdi,2064,74.7,Burundi,Africa
bdi,2065,74.86,Burundi,Africa
bdi,2066,75.02,Burundi,Africa
bdi,2067,75.17,Burundi,Africa
bdi,2068,75.33,Burundi,Africa
bdi,2069,75.48,Burundi,Africa
bdi,2070,75.64,Burundi,Africa
bdi,2071,75.79,Burundi,Africa
bdi,2072,75.95,Burundi,Africa
bdi,2073,76.1,Burundi,Africa
bdi,2074,76.25,Burundi,Africa
bdi,2075,76.4,Burundi,Africa
bdi,2076,76.55,Burundi,Africa
bdi,2077,76.7,Burundi,Africa
bdi,2078,76.85,Burundi,Africa
bdi,2079,77,Burundi,Africa
bdi,2080,77.15,Burundi,Africa
bdi,2081,77.3,Burundi,Africa
bdi,2082,77.45,Burundi,Africa
bdi,2083,77.6,Burundi,Africa
bdi,2084,77.74,Burundi,Africa
bdi,2085,77.89,Burundi,Africa
bdi,2086,78.04,Burundi,Africa
bdi,2087,78.19,Burundi,Africa
bdi,2088,78.33,Burundi,Africa
bdi,2089,78.48,Burundi,Africa
bdi,2090,78.63,Burundi,Africa
bdi,2091,78.77,Burundi,Africa
bdi,2092,78.92,Burundi,Africa
bdi,2093,79.06,Burundi,Africa
bdi,2094,79.21,Burundi,Africa
bdi,2095,79.36,Burundi,Africa
bdi,2096,79.51,Burundi,Africa
bdi,2097,79.66,Burundi,Africa
bdi,2098,79.81,Burundi,Africa
bdi,2099,79.96,Burundi,Africa
bdi,2100,80.11,Burundi,Africa
khm,1800,35,Cambodia,Asia
khm,1801,35,Cambodia,Asia
khm,1802,35,Cambodia,Asia
khm,1803,35,Cambodia,Asia
khm,1804,35,Cambodia,Asia
khm,1805,35,Cambodia,Asia
khm,1806,35,Cambodia,Asia
khm,1807,35,Cambodia,Asia
khm,1808,35,Cambodia,Asia
khm,1809,35,Cambodia,Asia
khm,1810,35,Cambodia,Asia
khm,1811,35,Cambodia,Asia
khm,1812,35,Cambodia,Asia
khm,1813,35,Cambodia,Asia
khm,1814,35,Cambodia,Asia
khm,1815,35,Cambodia,Asia
khm,1816,35,Cambodia,Asia
khm,1817,35,Cambodia,Asia
khm,1818,35,Cambodia,Asia
khm,1819,35,Cambodia,Asia
khm,1820,35,Cambodia,Asia
khm,1821,35,Cambodia,Asia
khm,1822,35,Cambodia,Asia
khm,1823,35,Cambodia,Asia
khm,1824,35,Cambodia,Asia
khm,1825,35,Cambodia,Asia
khm,1826,35,Cambodia,Asia
khm,1827,35,Cambodia,Asia
khm,1828,35,Cambodia,Asia
khm,1829,35,Cambodia,Asia
khm,1830,35,Cambodia,Asia
khm,1831,35,Cambodia,Asia
khm,1832,35,Cambodia,Asia
khm,1833,35,Cambodia,Asia
khm,1834,35,Cambodia,Asia
khm,1835,35,Cambodia,Asia
khm,1836,35,Cambodia,Asia
khm,1837,35,Cambodia,Asia
khm,1838,35,Cambodia,Asia
khm,1839,35,Cambodia,Asia
khm,1840,35,Cambodia,Asia
khm,1841,35,Cambodia,Asia
khm,1842,35,Cambodia,Asia
khm,1843,35,Cambodia,Asia
khm,1844,35,Cambodia,Asia
khm,1845,35,Cambodia,Asia
khm,1846,35,Cambodia,Asia
khm,1847,35,Cambodia,Asia
khm,1848,35,Cambodia,Asia
khm,1849,35,Cambodia,Asia
khm,1850,35,Cambodia,Asia
khm,1851,35,Cambodia,Asia
khm,1852,35,Cambodia,Asia
khm,1853,35,Cambodia,Asia
khm,1854,35,Cambodia,Asia
khm,1855,35,Cambodia,Asia
khm,1856,35,Cambodia,Asia
khm,1857,35,Cambodia,Asia
khm,1858,35,Cambodia,Asia
khm,1859,35,Cambodia,Asia
khm,1860,35,Cambodia,Asia
khm,1861,35,Cambodia,Asia
khm,1862,35,Cambodia,Asia
khm,1863,35,Cambodia,Asia
khm,1864,35,Cambodia,Asia
khm,1865,35,Cambodia,Asia
khm,1866,35,Cambodia,Asia
khm,1867,35,Cambodia,Asia
khm,1868,35,Cambodia,Asia
khm,1869,35,Cambodia,Asia
khm,1870,35,Cambodia,Asia
khm,1871,35.07,Cambodia,Asia
khm,1872,35.14,Cambodia,Asia
khm,1873,35.21,Cambodia,Asia
khm,1874,35.28,Cambodia,Asia
khm,1875,35.35,Cambodia,Asia
khm,1876,35.42,Cambodia,Asia
khm,1877,35.49,Cambodia,Asia
khm,1878,35.56,Cambodia,Asia
khm,1879,35.64,Cambodia,Asia
khm,1880,35.71,Cambodia,Asia
khm,1881,35.78,Cambodia,Asia
khm,1882,35.85,Cambodia,Asia
khm,1883,35.92,Cambodia,Asia
khm,1884,35.99,Cambodia,Asia
khm,1885,36.06,Cambodia,Asia
khm,1886,36.13,Cambodia,Asia
khm,1887,36.2,Cambodia,Asia
khm,1888,36.27,Cambodia,Asia
khm,1889,36.34,Cambodia,Asia
khm,1890,36.41,Cambodia,Asia
khm,1891,36.48,Cambodia,Asia
khm,1892,36.55,Cambodia,Asia
khm,1893,36.62,Cambodia,Asia
khm,1894,36.69,Cambodia,Asia
khm,1895,36.76,Cambodia,Asia
khm,1896,36.84,Cambodia,Asia
khm,1897,36.91,Cambodia,Asia
khm,1898,36.98,Cambodia,Asia
khm,1899,37.05,Cambodia,Asia
khm,1900,37.12,Cambodia,Asia
khm,1901,37.19,Cambodia,Asia
khm,1902,37.26,Cambodia,Asia
khm,1903,37.33,Cambodia,Asia
khm,1904,37.4,Cambodia,Asia
khm,1905,37.47,Cambodia,Asia
khm,1906,37.54,Cambodia,Asia
khm,1907,37.61,Cambodia,Asia
khm,1908,37.68,Cambodia,Asia
khm,1909,37.75,Cambodia,Asia
khm,1910,37.82,Cambodia,Asia
khm,1911,37.89,Cambodia,Asia
khm,1912,37.96,Cambodia,Asia
khm,1913,38.04,Cambodia,Asia
khm,1914,38.11,Cambodia,Asia
khm,1915,38.18,Cambodia,Asia
khm,1916,38.25,Cambodia,Asia
khm,1917,38.32,Cambodia,Asia
khm,1918,24.6,Cambodia,Asia
khm,1919,38.46,Cambodia,Asia
khm,1920,38.53,Cambodia,Asia
khm,1921,38.6,Cambodia,Asia
khm,1922,38.67,Cambodia,Asia
khm,1923,38.74,Cambodia,Asia
khm,1924,38.81,Cambodia,Asia
khm,1925,38.88,Cambodia,Asia
khm,1926,38.95,Cambodia,Asia
khm,1927,39.02,Cambodia,Asia
khm,1928,39.09,Cambodia,Asia
khm,1929,39.17,Cambodia,Asia
khm,1930,39.24,Cambodia,Asia
khm,1931,39.31,Cambodia,Asia
khm,1932,39.38,Cambodia,Asia
khm,1933,39.45,Cambodia,Asia
khm,1934,39.52,Cambodia,Asia
khm,1935,39.59,Cambodia,Asia
khm,1936,39.66,Cambodia,Asia
khm,1937,39.73,Cambodia,Asia
khm,1938,39.8,Cambodia,Asia
khm,1939,39.87,Cambodia,Asia
khm,1940,38.8,Cambodia,Asia
khm,1941,38.41,Cambodia,Asia
khm,1942,38.36,Cambodia,Asia
khm,1943,38.32,Cambodia,Asia
khm,1944,36.2,Cambodia,Asia
khm,1945,32.24,Cambodia,Asia
khm,1946,40.37,Cambodia,Asia
khm,1947,41.82,Cambodia,Asia
khm,1948,43.27,Cambodia,Asia
khm,1949,44.73,Cambodia,Asia
khm,1950,46.2,Cambodia,Asia
khm,1951,46.38,Cambodia,Asia
khm,1952,46.64,Cambodia,Asia
khm,1953,46.81,Cambodia,Asia
khm,1954,47.29,Cambodia,Asia
khm,1955,47.5,Cambodia,Asia
khm,1956,47.83,Cambodia,Asia
khm,1957,48.17,Cambodia,Asia
khm,1958,48.52,Cambodia,Asia
khm,1959,48.93,Cambodia,Asia
khm,1960,49.41,Cambodia,Asia
khm,1961,49.79,Cambodia,Asia
khm,1962,50.2,Cambodia,Asia
khm,1963,50.61,Cambodia,Asia
khm,1964,50.97,Cambodia,Asia
khm,1965,51.3,Cambodia,Asia
khm,1966,51.61,Cambodia,Asia
khm,1967,51.67,Cambodia,Asia
khm,1968,52,Cambodia,Asia
khm,1969,52.31,Cambodia,Asia
khm,1970,44.47,Cambodia,Asia
khm,1971,44.77,Cambodia,Asia
khm,1972,45.18,Cambodia,Asia
khm,1973,45.02,Cambodia,Asia
khm,1974,44.92,Cambodia,Asia
khm,1975,24.66,Cambodia,Asia
khm,1976,24.51,Cambodia,Asia
khm,1977,24.35,Cambodia,Asia
khm,1978,24.16,Cambodia,Asia
khm,1979,24.06,Cambodia,Asia
khm,1980,52.17,Cambodia,Asia
khm,1981,52.6,Cambodia,Asia
khm,1982,53.06,Cambodia,Asia
khm,1983,53.52,Cambodia,Asia
khm,1984,54,Cambodia,Asia
khm,1985,54.47,Cambodia,Asia
khm,1986,54.91,Cambodia,Asia
khm,1987,56.55,Cambodia,Asia
khm,1988,57.15,Cambodia,Asia
khm,1989,57.36,Cambodia,Asia
khm,1990,57.81,Cambodia,Asia
khm,1991,58.2,Cambodia,Asia
khm,1992,58.6,Cambodia,Asia
khm,1993,58.79,Cambodia,Asia
khm,1994,58.72,Cambodia,Asia
khm,1995,58.96,Cambodia,Asia
khm,1996,59.11,Cambodia,Asia
khm,1997,59.38,Cambodia,Asia
khm,1998,59.59,Cambodia,Asia
khm,1999,60.03,Cambodia,Asia
khm,2000,60.36,Cambodia,Asia
khm,2001,60.94,Cambodia,Asia
khm,2002,61.55,Cambodia,Asia
khm,2003,62.21,Cambodia,Asia
khm,2004,62.9,Cambodia,Asia
khm,2005,63.68,Cambodia,Asia
khm,2006,64.46,Cambodia,Asia
khm,2007,65.17,Cambodia,Asia
khm,2008,65.89,Cambodia,Asia
khm,2009,66.45,Cambodia,Asia
khm,2010,66.87,Cambodia,Asia
khm,2011,67.38,Cambodia,Asia
khm,2012,67.87,Cambodia,Asia
khm,2013,68.24,Cambodia,Asia
khm,2014,68.59,Cambodia,Asia
khm,2015,68.88,Cambodia,Asia
khm,2016,69.15,Cambodia,Asia
khm,2017,69.41,Cambodia,Asia
khm,2018,69.66,Cambodia,Asia
khm,2019,69.9,Cambodia,Asia
khm,2020,70.02,Cambodia,Asia
khm,2021,70.35,Cambodia,Asia
khm,2022,70.55,Cambodia,Asia
khm,2023,70.75,Cambodia,Asia
khm,2024,70.94,Cambodia,Asia
khm,2025,71.13,Cambodia,Asia
khm,2026,71.32,Cambodia,Asia
khm,2027,71.51,Cambodia,Asia
khm,2028,71.69,Cambodia,Asia
khm,2029,71.87,Cambodia,Asia
khm,2030,72.05,Cambodia,Asia
khm,2031,72.22,Cambodia,Asia
khm,2032,72.39,Cambodia,Asia
khm,2033,72.56,Cambodia,Asia
khm,2034,72.73,Cambodia,Asia
khm,2035,72.9,Cambodia,Asia
khm,2036,73.06,Cambodia,Asia
khm,2037,73.22,Cambodia,Asia
khm,2038,73.38,Cambodia,Asia
khm,2039,73.53,Cambodia,Asia
khm,2040,73.68,Cambodia,Asia
khm,2041,73.83,Cambodia,Asia
khm,2042,73.98,Cambodia,Asia
khm,2043,74.13,Cambodia,Asia
khm,2044,74.28,Cambodia,Asia
khm,2045,74.42,Cambodia,Asia
khm,2046,74.57,Cambodia,Asia
khm,2047,74.71,Cambodia,Asia
khm,2048,74.86,Cambodia,Asia
khm,2049,75,Cambodia,Asia
khm,2050,75.14,Cambodia,Asia
khm,2051,75.29,Cambodia,Asia
khm,2052,75.43,Cambodia,Asia
khm,2053,75.57,Cambodia,Asia
khm,2054,75.71,Cambodia,Asia
khm,2055,75.85,Cambodia,Asia
khm,2056,75.99,Cambodia,Asia
khm,2057,76.12,Cambodia,Asia
khm,2058,76.26,Cambodia,Asia
khm,2059,76.4,Cambodia,Asia
khm,2060,76.54,Cambodia,Asia
khm,2061,76.68,Cambodia,Asia
khm,2062,76.81,Cambodia,Asia
khm,2063,76.95,Cambodia,Asia
khm,2064,77.09,Cambodia,Asia
khm,2065,77.22,Cambodia,Asia
khm,2066,77.36,Cambodia,Asia
khm,2067,77.5,Cambodia,Asia
khm,2068,77.63,Cambodia,Asia
khm,2069,77.77,Cambodia,Asia
khm,2070,77.9,Cambodia,Asia
khm,2071,78.04,Cambodia,Asia
khm,2072,78.18,Cambodia,Asia
khm,2073,78.32,Cambodia,Asia
khm,2074,78.46,Cambodia,Asia
khm,2075,78.59,Cambodia,Asia
khm,2076,78.73,Cambodia,Asia
khm,2077,78.87,Cambodia,Asia
khm,2078,79.01,Cambodia,Asia
khm,2079,79.14,Cambodia,Asia
khm,2080,79.28,Cambodia,Asia
khm,2081,79.42,Cambodia,Asia
khm,2082,79.56,Cambodia,Asia
khm,2083,79.69,Cambodia,Asia
khm,2084,79.83,Cambodia,Asia
khm,2085,79.97,Cambodia,Asia
khm,2086,80.11,Cambodia,Asia
khm,2087,80.24,Cambodia,Asia
khm,2088,80.38,Cambodia,Asia
khm,2089,80.52,Cambodia,Asia
khm,2090,80.65,Cambodia,Asia
khm,2091,80.79,Cambodia,Asia
khm,2092,80.92,Cambodia,Asia
khm,2093,81.06,Cambodia,Asia
khm,2094,81.19,Cambodia,Asia
khm,2095,81.32,Cambodia,Asia
khm,2096,81.46,Cambodia,Asia
khm,2097,81.59,Cambodia,Asia
khm,2098,81.72,Cambodia,Asia
khm,2099,81.85,Cambodia,Asia
khm,2100,81.98,Cambodia,Asia
cmr,1800,28.75,Cameroon,Africa
cmr,1801,28.75,Cameroon,Africa
cmr,1802,28.75,Cameroon,Africa
cmr,1803,28.75,Cameroon,Africa
cmr,1804,28.75,Cameroon,Africa
cmr,1805,28.75,Cameroon,Africa
cmr,1806,28.75,Cameroon,Africa
cmr,1807,28.75,Cameroon,Africa
cmr,1808,28.75,Cameroon,Africa
cmr,1809,28.75,Cameroon,Africa
cmr,1810,28.75,Cameroon,Africa
cmr,1811,28.75,Cameroon,Africa
cmr,1812,28.75,Cameroon,Africa
cmr,1813,28.75,Cameroon,Africa
cmr,1814,28.75,Cameroon,Africa
cmr,1815,28.75,Cameroon,Africa
cmr,1816,28.75,Cameroon,Africa
cmr,1817,28.75,Cameroon,Africa
cmr,1818,28.75,Cameroon,Africa
cmr,1819,28.75,Cameroon,Africa
cmr,1820,28.75,Cameroon,Africa
cmr,1821,28.75,Cameroon,Africa
cmr,1822,28.75,Cameroon,Africa
cmr,1823,28.75,Cameroon,Africa
cmr,1824,28.75,Cameroon,Africa
cmr,1825,28.75,Cameroon,Africa
cmr,1826,28.75,Cameroon,Africa
cmr,1827,28.75,Cameroon,Africa
cmr,1828,28.75,Cameroon,Africa
cmr,1829,28.75,Cameroon,Africa
cmr,1830,28.75,Cameroon,Africa
cmr,1831,28.75,Cameroon,Africa
cmr,1832,28.75,Cameroon,Africa
cmr,1833,28.75,Cameroon,Africa
cmr,1834,28.75,Cameroon,Africa
cmr,1835,28.75,Cameroon,Africa
cmr,1836,28.75,Cameroon,Africa
cmr,1837,28.75,Cameroon,Africa
cmr,1838,28.75,Cameroon,Africa
cmr,1839,28.75,Cameroon,Africa
cmr,1840,28.75,Cameroon,Africa
cmr,1841,28.75,Cameroon,Africa
cmr,1842,28.75,Cameroon,Africa
cmr,1843,28.75,Cameroon,Africa
cmr,1844,28.75,Cameroon,Africa
cmr,1845,28.75,Cameroon,Africa
cmr,1846,28.75,Cameroon,Africa
cmr,1847,28.75,Cameroon,Africa
cmr,1848,28.75,Cameroon,Africa
cmr,1849,28.75,Cameroon,Africa
cmr,1850,28.75,Cameroon,Africa
cmr,1851,28.75,Cameroon,Africa
cmr,1852,28.75,Cameroon,Africa
cmr,1853,28.75,Cameroon,Africa
cmr,1854,28.75,Cameroon,Africa
cmr,1855,28.75,Cameroon,Africa
cmr,1856,28.75,Cameroon,Africa
cmr,1857,28.75,Cameroon,Africa
cmr,1858,28.75,Cameroon,Africa
cmr,1859,28.75,Cameroon,Africa
cmr,1860,28.75,Cameroon,Africa
cmr,1861,28.75,Cameroon,Africa
cmr,1862,28.75,Cameroon,Africa
cmr,1863,28.75,Cameroon,Africa
cmr,1864,28.75,Cameroon,Africa
cmr,1865,28.75,Cameroon,Africa
cmr,1866,28.75,Cameroon,Africa
cmr,1867,28.75,Cameroon,Africa
cmr,1868,28.75,Cameroon,Africa
cmr,1869,28.75,Cameroon,Africa
cmr,1870,28.75,Cameroon,Africa
cmr,1871,28.79,Cameroon,Africa
cmr,1872,28.84,Cameroon,Africa
cmr,1873,28.88,Cameroon,Africa
cmr,1874,28.92,Cameroon,Africa
cmr,1875,28.96,Cameroon,Africa
cmr,1876,29.01,Cameroon,Africa
cmr,1877,29.05,Cameroon,Africa
cmr,1878,29.09,Cameroon,Africa
cmr,1879,29.14,Cameroon,Africa
cmr,1880,29.18,Cameroon,Africa
cmr,1881,29.22,Cameroon,Africa
cmr,1882,29.26,Cameroon,Africa
cmr,1883,29.31,Cameroon,Africa
cmr,1884,29.35,Cameroon,Africa
cmr,1885,29.39,Cameroon,Africa
cmr,1886,29.44,Cameroon,Africa
cmr,1887,29.48,Cameroon,Africa
cmr,1888,29.52,Cameroon,Africa
cmr,1889,29.57,Cameroon,Africa
cmr,1890,29.61,Cameroon,Africa
cmr,1891,29.65,Cameroon,Africa
cmr,1892,29.69,Cameroon,Africa
cmr,1893,29.74,Cameroon,Africa
cmr,1894,29.78,Cameroon,Africa
cmr,1895,29.82,Cameroon,Africa
cmr,1896,29.87,Cameroon,Africa
cmr,1897,29.91,Cameroon,Africa
cmr,1898,29.95,Cameroon,Africa
cmr,1899,29.99,Cameroon,Africa
cmr,1900,30.04,Cameroon,Africa
cmr,1901,30.08,Cameroon,Africa
cmr,1902,30.12,Cameroon,Africa
cmr,1903,30.17,Cameroon,Africa
cmr,1904,30.21,Cameroon,Africa
cmr,1905,30.25,Cameroon,Africa
cmr,1906,30.29,Cameroon,Africa
cmr,1907,30.34,Cameroon,Africa
cmr,1908,30.38,Cameroon,Africa
cmr,1909,30.42,Cameroon,Africa
cmr,1910,30.47,Cameroon,Africa
cmr,1911,30.51,Cameroon,Africa
cmr,1912,30.55,Cameroon,Africa
cmr,1913,30.59,Cameroon,Africa
cmr,1914,30.64,Cameroon,Africa
cmr,1915,30.68,Cameroon,Africa
cmr,1916,30.72,Cameroon,Africa
cmr,1917,30.77,Cameroon,Africa
cmr,1918,6.07,Cameroon,Africa
cmr,1919,30.85,Cameroon,Africa
cmr,1920,30.89,Cameroon,Africa
cmr,1921,30.94,Cameroon,Africa
cmr,1922,30.98,Cameroon,Africa
cmr,1923,31.02,Cameroon,Africa
cmr,1924,31.07,Cameroon,Africa
cmr,1925,31.11,Cameroon,Africa
cmr,1926,31.15,Cameroon,Africa
cmr,1927,31.2,Cameroon,Africa
cmr,1928,31.24,Cameroon,Africa
cmr,1929,31.28,Cameroon,Africa
cmr,1930,31.32,Cameroon,Africa
cmr,1931,31.37,Cameroon,Africa
cmr,1932,31.41,Cameroon,Africa
cmr,1933,31.45,Cameroon,Africa
cmr,1934,31.5,Cameroon,Africa
cmr,1935,31.54,Cameroon,Africa
cmr,1936,31.58,Cameroon,Africa
cmr,1937,31.62,Cameroon,Africa
cmr,1938,31.67,Cameroon,Africa
cmr,1939,31.71,Cameroon,Africa
cmr,1940,31.75,Cameroon,Africa
cmr,1941,31.8,Cameroon,Africa
cmr,1942,31.84,Cameroon,Africa
cmr,1943,31.88,Cameroon,Africa
cmr,1944,31.92,Cameroon,Africa
cmr,1945,31.97,Cameroon,Africa
cmr,1946,34.04,Cameroon,Africa
cmr,1947,36.12,Cameroon,Africa
cmr,1948,38.2,Cameroon,Africa
cmr,1949,40.29,Cameroon,Africa
cmr,1950,42.39,Cameroon,Africa
cmr,1951,42.42,Cameroon,Africa
cmr,1952,42.91,Cameroon,Africa
cmr,1953,43.81,Cameroon,Africa
cmr,1954,44.44,Cameroon,Africa
cmr,1955,45.06,Cameroon,Africa
cmr,1956,45.62,Cameroon,Africa
cmr,1957,45.06,Cameroon,Africa
cmr,1958,45.55,Cameroon,Africa
cmr,1959,46.05,Cameroon,Africa
cmr,1960,27.54,Cameroon,Africa
cmr,1961,26.43,Cameroon,Africa
cmr,1962,48.48,Cameroon,Africa
cmr,1963,48.82,Cameroon,Africa
cmr,1964,49.18,Cameroon,Africa
cmr,1965,49.55,Cameroon,Africa
cmr,1966,49.94,Cameroon,Africa
cmr,1967,50.27,Cameroon,Africa
cmr,1968,50.66,Cameroon,Africa
cmr,1969,51.11,Cameroon,Africa
cmr,1970,51.54,Cameroon,Africa
cmr,1971,51.95,Cameroon,Africa
cmr,1972,52.46,Cameroon,Africa
cmr,1973,52.83,Cameroon,Africa
cmr,1974,53.22,Cameroon,Africa
cmr,1975,53.56,Cameroon,Africa
cmr,1976,53.84,Cameroon,Africa
cmr,1977,54.19,Cameroon,Africa
cmr,1978,54.59,Cameroon,Africa
cmr,1979,55.01,Cameroon,Africa
cmr,1980,55.39,Cameroon,Africa
cmr,1981,55.79,Cameroon,Africa
cmr,1982,56.3,Cameroon,Africa
cmr,1983,56.79,Cameroon,Africa
cmr,1984,57.12,Cameroon,Africa
cmr,1985,57.71,Cameroon,Africa
cmr,1986,57.75,Cameroon,Africa
cmr,1987,58.35,Cameroon,Africa
cmr,1988,58.5,Cameroon,Africa
cmr,1989,58.53,Cameroon,Africa
cmr,1990,58.43,Cameroon,Africa
cmr,1991,58.2,Cameroon,Africa
cmr,1992,57.78,Cameroon,Africa
cmr,1993,57.37,Cameroon,Africa
cmr,1994,57.1,Cameroon,Africa
cmr,1995,56.64,Cameroon,Africa
cmr,1996,56.22,Cameroon,Africa
cmr,1997,55.69,Cameroon,Africa
cmr,1998,55.16,Cameroon,Africa
cmr,1999,54.82,Cameroon,Africa
cmr,2000,54.47,Cameroon,Africa
cmr,2001,54.3,Cameroon,Africa
cmr,2002,54.23,Cameroon,Africa
cmr,2003,54.27,Cameroon,Africa
cmr,2004,54.58,Cameroon,Africa
cmr,2005,54.99,Cameroon,Africa
cmr,2006,55.41,Cameroon,Africa
cmr,2007,55.91,Cameroon,Africa
cmr,2008,56.56,Cameroon,Africa
cmr,2009,57.18,Cameroon,Africa
cmr,2010,57.7,Cameroon,Africa
cmr,2011,58.17,Cameroon,Africa
cmr,2012,58.76,Cameroon,Africa
cmr,2013,59.15,Cameroon,Africa
cmr,2014,59.47,Cameroon,Africa
cmr,2015,60.05,Cameroon,Africa
cmr,2016,60.93,Cameroon,Africa
cmr,2017,61.85,Cameroon,Africa
cmr,2018,62.62,Cameroon,Africa
cmr,2019,63.35,Cameroon,Africa
cmr,2020,63.46,Cameroon,Africa
cmr,2021,64.03,Cameroon,Africa
cmr,2022,64.34,Cameroon,Africa
cmr,2023,64.64,Cameroon,Africa
cmr,2024,64.94,Cameroon,Africa
cmr,2025,65.24,Cameroon,Africa
cmr,2026,65.55,Cameroon,Africa
cmr,2027,65.85,Cameroon,Africa
cmr,2028,66.15,Cameroon,Africa
cmr,2029,66.44,Cameroon,Africa
cmr,2030,66.72,Cameroon,Africa
cmr,2031,67,Cameroon,Africa
cmr,2032,67.28,Cameroon,Africa
cmr,2033,67.55,Cameroon,Africa
cmr,2034,67.82,Cameroon,Africa
cmr,2035,68.09,Cameroon,Africa
cmr,2036,68.34,Cameroon,Africa
cmr,2037,68.6,Cameroon,Africa
cmr,2038,68.84,Cameroon,Africa
cmr,2039,69.09,Cameroon,Africa
cmr,2040,69.32,Cameroon,Africa
cmr,2041,69.55,Cameroon,Africa
cmr,2042,69.78,Cameroon,Africa
cmr,2043,70,Cameroon,Africa
cmr,2044,70.22,Cameroon,Africa
cmr,2045,70.44,Cameroon,Africa
cmr,2046,70.65,Cameroon,Africa
cmr,2047,70.86,Cameroon,Africa
cmr,2048,71.06,Cameroon,Africa
cmr,2049,71.26,Cameroon,Africa
cmr,2050,71.45,Cameroon,Africa
cmr,2051,71.64,Cameroon,Africa
cmr,2052,71.83,Cameroon,Africa
cmr,2053,72.02,Cameroon,Africa
cmr,2054,72.2,Cameroon,Africa
cmr,2055,72.38,Cameroon,Africa
cmr,2056,72.56,Cameroon,Africa
cmr,2057,72.74,Cameroon,Africa
cmr,2058,72.91,Cameroon,Africa
cmr,2059,73.08,Cameroon,Africa
cmr,2060,73.25,Cameroon,Africa
cmr,2061,73.41,Cameroon,Africa
cmr,2062,73.58,Cameroon,Africa
cmr,2063,73.74,Cameroon,Africa
cmr,2064,73.9,Cameroon,Africa
cmr,2065,74.05,Cameroon,Africa
cmr,2066,74.21,Cameroon,Africa
cmr,2067,74.36,Cameroon,Africa
cmr,2068,74.51,Cameroon,Africa
cmr,2069,74.67,Cameroon,Africa
cmr,2070,74.82,Cameroon,Africa
cmr,2071,74.96,Cameroon,Africa
cmr,2072,75.11,Cameroon,Africa
cmr,2073,75.26,Cameroon,Africa
cmr,2074,75.4,Cameroon,Africa
cmr,2075,75.54,Cameroon,Africa
cmr,2076,75.68,Cameroon,Africa
cmr,2077,75.82,Cameroon,Africa
cmr,2078,75.96,Cameroon,Africa
cmr,2079,76.09,Cameroon,Africa
cmr,2080,76.23,Cameroon,Africa
cmr,2081,76.36,Cameroon,Africa
cmr,2082,76.49,Cameroon,Africa
cmr,2083,76.62,Cameroon,Africa
cmr,2084,76.76,Cameroon,Africa
cmr,2085,76.89,Cameroon,Africa
cmr,2086,77.03,Cameroon,Africa
cmr,2087,77.16,Cameroon,Africa
cmr,2088,77.3,Cameroon,Africa
cmr,2089,77.43,Cameroon,Africa
cmr,2090,77.57,Cameroon,Africa
cmr,2091,77.71,Cameroon,Africa
cmr,2092,77.84,Cameroon,Africa
cmr,2093,77.98,Cameroon,Africa
cmr,2094,78.11,Cameroon,Africa
cmr,2095,78.24,Cameroon,Africa
cmr,2096,78.37,Cameroon,Africa
cmr,2097,78.5,Cameroon,Africa
cmr,2098,78.63,Cameroon,Africa
cmr,2099,78.75,Cameroon,Africa
cmr,2100,78.88,Cameroon,Africa
can,1800,39,Canada,North America
can,1801,39,Canada,North America
can,1802,39,Canada,North America
can,1803,39,Canada,North America
can,1804,39.01,Canada,North America
can,1805,39.01,Canada,North America
can,1806,39.01,Canada,North America
can,1807,39.01,Canada,North America
can,1808,39.01,Canada,North America
can,1809,39.01,Canada,North America
can,1810,39.01,Canada,North America
can,1811,39.02,Canada,North America
can,1812,39.02,Canada,North America
can,1813,39.02,Canada,North America
can,1814,39.02,Canada,North America
can,1815,39.02,Canada,North America
can,1816,39.02,Canada,North America
can,1817,39.03,Canada,North America
can,1818,39.03,Canada,North America
can,1819,39.03,Canada,North America
can,1820,39.03,Canada,North America
can,1821,39.03,Canada,North America
can,1822,39.03,Canada,North America
can,1823,39.03,Canada,North America
can,1824,39.04,Canada,North America
can,1825,39.04,Canada,North America
can,1826,39.04,Canada,North America
can,1827,39.04,Canada,North America
can,1828,39.04,Canada,North America
can,1829,39.04,Canada,North America
can,1830,39.04,Canada,North America
can,1831,39.05,Canada,North America
can,1832,39.17,Canada,North America
can,1833,39.3,Canada,North America
can,1834,39.43,Canada,North America
can,1835,39.55,Canada,North America
can,1836,39.68,Canada,North America
can,1837,39.81,Canada,North America
can,1838,39.94,Canada,North America
can,1839,40.06,Canada,North America
can,1840,40.19,Canada,North America
can,1841,40.32,Canada,North America
can,1842,40.39,Canada,North America
can,1843,40.47,Canada,North America
can,1844,40.54,Canada,North America
can,1845,40.61,Canada,North America
can,1846,40.69,Canada,North America
can,1847,40.76,Canada,North America
can,1848,40.84,Canada,North America
can,1849,40.91,Canada,North America
can,1850,40.99,Canada,North America
can,1851,41.06,Canada,North America
can,1852,41.11,Canada,North America
can,1853,41.17,Canada,North America
can,1854,41.22,Canada,North America
can,1855,41.27,Canada,North America
can,1856,41.33,Canada,North America
can,1857,41.38,Canada,North America
can,1858,41.43,Canada,North America
can,1859,41.49,Canada,North America
can,1860,41.54,Canada,North America
can,1861,41.6,Canada,North America
can,1862,41.69,Canada,North America
can,1863,41.79,Canada,North America
can,1864,41.88,Canada,North America
can,1865,41.98,Canada,North America
can,1866,42.08,Canada,North America
can,1867,42.17,Canada,North America
can,1868,42.27,Canada,North America
can,1869,42.36,Canada,North America
can,1870,42.46,Canada,North America
can,1871,42.56,Canada,North America
can,1872,42.78,Canada,North America
can,1873,43,Canada,North America
can,1874,43.22,Canada,North America
can,1875,43.43,Canada,North America
can,1876,43.65,Canada,North America
can,1877,43.87,Canada,North America
can,1878,44.09,Canada,North America
can,1879,44.31,Canada,North America
can,1880,44.53,Canada,North America
can,1881,44.75,Canada,North America
can,1882,44.8,Canada,North America
can,1883,44.84,Canada,North America
can,1884,44.89,Canada,North America
can,1885,44.94,Canada,North America
can,1886,44.98,Canada,North America
can,1887,45.03,Canada,North America
can,1888,45.07,Canada,North America
can,1889,45.12,Canada,North America
can,1890,45.17,Canada,North America
can,1891,45.21,Canada,North America
can,1892,45.56,Canada,North America
can,1893,45.91,Canada,North America
can,1894,46.26,Canada,North America
can,1895,46.61,Canada,North America
can,1896,46.95,Canada,North America
can,1897,47.3,Canada,North America
can,1898,47.65,Canada,North America
can,1899,48,Canada,North America
can,1900,48.35,Canada,North America
can,1901,48.7,Canada,North America
can,1902,49.09,Canada,North America
can,1903,49.48,Canada,North America
can,1904,49.87,Canada,North America
can,1905,50.26,Canada,North America
can,1906,50.65,Canada,North America
can,1907,51.04,Canada,North America
can,1908,51.43,Canada,North America
can,1909,51.82,Canada,North America
can,1910,52.21,Canada,North America
can,1911,52.6,Canada,North America
can,1912,53.05,Canada,North America
can,1913,53.51,Canada,North America
can,1914,53.96,Canada,North America
can,1915,54.41,Canada,North America
can,1916,54.87,Canada,North America
can,1917,55.32,Canada,North America
can,1918,47.26,Canada,North America
can,1919,56.23,Canada,North America
can,1920,56.69,Canada,North America
can,1921,57.14,Canada,North America
can,1922,57.14,Canada,North America
can,1923,57.14,Canada,North America
can,1924,58.96,Canada,North America
can,1925,59.44,Canada,North America
can,1926,58.12,Canada,North America
can,1927,58.82,Canada,North America
can,1928,58.71,Canada,North America
can,1929,58.11,Canada,North America
can,1930,59.1,Canada,North America
can,1931,60.51,Canada,North America
can,1932,61.59,Canada,North America
can,1933,62.52,Canada,North America
can,1934,62.93,Canada,North America
can,1935,62.66,Canada,North America
can,1936,62.89,Canada,North America
can,1937,61.52,Canada,North America
can,1938,63.49,Canada,North America
can,1939,63.92,Canada,North America
can,1940,64.19,Canada,North America
can,1941,63.95,Canada,North America
can,1942,64.89,Canada,North America
can,1943,64.8,Canada,North America
can,1944,65.55,Canada,North America
can,1945,66.53,Canada,North America
can,1946,66.74,Canada,North America
can,1947,66.99,Canada,North America
can,1948,67.55,Canada,North America
can,1949,67.87,Canada,North America
can,1950,68.5,Canada,North America
can,1951,68.8,Canada,North America
can,1952,69.03,Canada,North America
can,1953,69.46,Canada,North America
can,1954,70.12,Canada,North America
can,1955,70.33,Canada,North America
can,1956,70.34,Canada,North America
can,1957,70.38,Canada,North America
can,1958,70.72,Canada,North America
can,1959,70.89,Canada,North America
can,1960,71.15,Canada,North America
can,1961,71.34,Canada,North America
can,1962,71.39,Canada,North America
can,1963,71.48,Canada,North America
can,1964,71.75,Canada,North America
can,1965,71.9,Canada,North America
can,1966,72.03,Canada,North America
can,1967,72.21,Canada,North America
can,1968,72.41,Canada,North America
can,1969,72.58,Canada,North America
can,1970,72.76,Canada,North America
can,1971,72.97,Canada,North America
can,1972,73,Canada,North America
can,1973,73.18,Canada,North America
can,1974,73.38,Canada,North America
can,1975,73.63,Canada,North America
can,1976,74.03,Canada,North America
can,1977,74.28,Canada,North America
can,1978,74.61,Canada,North America
can,1979,74.91,Canada,North America
can,1980,75.21,Canada,North America
can,1981,75.52,Canada,North America
can,1982,75.81,Canada,North America
can,1983,76.09,Canada,North America
can,1984,76.35,Canada,North America
can,1985,76.38,Canada,North America
can,1986,76.6,Canada,North America
can,1987,76.8,Canada,North America
can,1988,76.98,Canada,North America
can,1989,77.16,Canada,North America
can,1990,77.43,Canada,North America
can,1991,77.64,Canada,North America
can,1992,77.81,Canada,North America
can,1993,77.85,Canada,North America
can,1994,78,Canada,North America
can,1995,78.12,Canada,North America
can,1996,78.37,Canada,North America
can,1997,78.62,Canada,North America
can,1998,78.83,Canada,North America
can,1999,79.07,Canada,North America
can,2000,79.36,Canada,North America
can,2001,79.6,Canada,North America
can,2002,79.79,Canada,North America
can,2003,79.98,Canada,North America
can,2004,80.24,Canada,North America
can,2005,80.43,Canada,North America
can,2006,80.74,Canada,North America
can,2007,80.9,Canada,North America
can,2008,81.11,Canada,North America
can,2009,81.39,Canada,North America
can,2010,81.64,Canada,North America
can,2011,81.89,Canada,North America
can,2012,82.01,Canada,North America
can,2013,82.12,Canada,North America
can,2014,82.15,Canada,North America
can,2015,82.26,Canada,North America
can,2016,82.29,Canada,North America
can,2017,82.36,Canada,North America
can,2018,82.19,Canada,North America
can,2019,82.18,Canada,North America
can,2020,81.49,Canada,North America
can,2021,82.46,Canada,North America
can,2022,82.62,Canada,North America
can,2023,82.78,Canada,North America
can,2024,82.93,Canada,North America
can,2025,83.09,Canada,North America
can,2026,83.24,Canada,North America
can,2027,83.39,Canada,North America
can,2028,83.53,Canada,North America
can,2029,83.68,Canada,North America
can,2030,83.82,Canada,North America
can,2031,83.96,Canada,North America
can,2032,84.09,Canada,North America
can,2033,84.22,Canada,North America
can,2034,84.35,Canada,North America
can,2035,84.47,Canada,North America
can,2036,84.6,Canada,North America
can,2037,84.72,Canada,North America
can,2038,84.84,Canada,North America
can,2039,84.96,Canada,North America
can,2040,85.07,Canada,North America
can,2041,85.19,Canada,North America
can,2042,85.31,Canada,North America
can,2043,85.42,Canada,North America
can,2044,85.54,Canada,North America
can,2045,85.65,Canada,North America
can,2046,85.76,Canada,North America
can,2047,85.87,Canada,North America
can,2048,85.99,Canada,North America
can,2049,86.1,Canada,North America
can,2050,86.21,Canada,North America
can,2051,86.32,Canada,North America
can,2052,86.43,Canada,North America
can,2053,86.54,Canada,North America
can,2054,86.65,Canada,North America
can,2055,86.76,Canada,North America
can,2056,86.86,Canada,North America
can,2057,86.97,Canada,North America
can,2058,87.08,Canada,North America
can,2059,87.19,Canada,North America
can,2060,87.3,Canada,North America
can,2061,87.41,Canada,North America
can,2062,87.52,Canada,North America
can,2063,87.63,Canada,North America
can,2064,87.73,Canada,North America
can,2065,87.84,Canada,North America
can,2066,87.95,Canada,North America
can,2067,88.06,Canada,North America
can,2068,88.17,Canada,North America
can,2069,88.27,Canada,North America
can,2070,88.38,Canada,North America
can,2071,88.49,Canada,North America
can,2072,88.59,Canada,North America
can,2073,88.7,Canada,North America
can,2074,88.81,Canada,North America
can,2075,88.91,Canada,North America
can,2076,89.02,Canada,North America
can,2077,89.13,Canada,North America
can,2078,89.24,Canada,North America
can,2079,89.34,Canada,North America
can,2080,89.45,Canada,North America
can,2081,89.56,Canada,North America
can,2082,89.66,Canada,North America
can,2083,89.77,Canada,North America
can,2084,89.88,Canada,North America
can,2085,89.98,Canada,North America
can,2086,90.09,Canada,North America
can,2087,90.19,Canada,North America
can,2088,90.3,Canada,North America
can,2089,90.41,Canada,North America
can,2090,90.51,Canada,North America
can,2091,90.62,Canada,North America
can,2092,90.72,Canada,North America
can,2093,90.83,Canada,North America
can,2094,90.94,Canada,North America
can,2095,91.04,Canada,North America
can,2096,91.15,Canada,North America
can,2097,91.26,Canada,North America
can,2098,91.37,Canada,North America
can,2099,91.48,Canada,North America
can,2100,91.59,Canada,North America
cpv,1800,33.8,Cape Verde,Africa
cpv,1801,33.8,Cape Verde,Africa
cpv,1802,33.8,Cape Verde,Africa
cpv,1803,33.8,Cape Verde,Africa
cpv,1804,33.8,Cape Verde,Africa
cpv,1805,33.8,Cape Verde,Africa
cpv,1806,33.8,Cape Verde,Africa
cpv,1807,33.8,Cape Verde,Africa
cpv,1808,33.8,Cape Verde,Africa
cpv,1809,33.8,Cape Verde,Africa
cpv,1810,33.8,Cape Verde,Africa
cpv,1811,33.8,Cape Verde,Africa
cpv,1812,33.8,Cape Verde,Africa
cpv,1813,33.8,Cape Verde,Africa
cpv,1814,33.8,Cape Verde,Africa
cpv,1815,33.8,Cape Verde,Africa
cpv,1816,33.8,Cape Verde,Africa
cpv,1817,33.8,Cape Verde,Africa
cpv,1818,33.8,Cape Verde,Africa
cpv,1819,33.8,Cape Verde,Africa
cpv,1820,33.8,Cape Verde,Africa
cpv,1821,33.8,Cape Verde,Africa
cpv,1822,33.8,Cape Verde,Africa
cpv,1823,33.8,Cape Verde,Africa
cpv,1824,33.8,Cape Verde,Africa
cpv,1825,33.8,Cape Verde,Africa
cpv,1826,33.8,Cape Verde,Africa
cpv,1827,33.8,Cape Verde,Africa
cpv,1828,33.8,Cape Verde,Africa
cpv,1829,33.8,Cape Verde,Africa
cpv,1830,33.8,Cape Verde,Africa
cpv,1831,33.8,Cape Verde,Africa
cpv,1832,33.8,Cape Verde,Africa
cpv,1833,33.8,Cape Verde,Africa
cpv,1834,33.8,Cape Verde,Africa
cpv,1835,33.8,Cape Verde,Africa
cpv,1836,33.8,Cape Verde,Africa
cpv,1837,33.8,Cape Verde,Africa
cpv,1838,33.8,Cape Verde,Africa
cpv,1839,33.8,Cape Verde,Africa
cpv,1840,33.8,Cape Verde,Africa
cpv,1841,33.8,Cape Verde,Africa
cpv,1842,33.8,Cape Verde,Africa
cpv,1843,33.8,Cape Verde,Africa
cpv,1844,33.8,Cape Verde,Africa
cpv,1845,33.8,Cape Verde,Africa
cpv,1846,33.8,Cape Verde,Africa
cpv,1847,33.8,Cape Verde,Africa
cpv,1848,33.8,Cape Verde,Africa
cpv,1849,33.8,Cape Verde,Africa
cpv,1850,33.8,Cape Verde,Africa
cpv,1851,33.8,Cape Verde,Africa
cpv,1852,33.8,Cape Verde,Africa
cpv,1853,33.8,Cape Verde,Africa
cpv,1854,33.8,Cape Verde,Africa
cpv,1855,33.8,Cape Verde,Africa
cpv,1856,33.8,Cape Verde,Africa
cpv,1857,33.8,Cape Verde,Africa
cpv,1858,33.8,Cape Verde,Africa
cpv,1859,33.8,Cape Verde,Africa
cpv,1860,33.8,Cape Verde,Africa
cpv,1861,33.8,Cape Verde,Africa
cpv,1862,33.8,Cape Verde,Africa
cpv,1863,33.8,Cape Verde,Africa
cpv,1864,33.8,Cape Verde,Africa
cpv,1865,33.8,Cape Verde,Africa
cpv,1866,33.8,Cape Verde,Africa
cpv,1867,33.8,Cape Verde,Africa
cpv,1868,33.8,Cape Verde,Africa
cpv,1869,33.8,Cape Verde,Africa
cpv,1870,33.8,Cape Verde,Africa
cpv,1871,33.87,Cape Verde,Africa
cpv,1872,33.95,Cape Verde,Africa
cpv,1873,34.02,Cape Verde,Africa
cpv,1874,34.1,Cape Verde,Africa
cpv,1875,34.17,Cape Verde,Africa
cpv,1876,34.25,Cape Verde,Africa
cpv,1877,34.32,Cape Verde,Africa
cpv,1878,34.39,Cape Verde,Africa
cpv,1879,34.47,Cape Verde,Africa
cpv,1880,34.54,Cape Verde,Africa
cpv,1881,34.62,Cape Verde,Africa
cpv,1882,34.69,Cape Verde,Africa
cpv,1883,34.77,Cape Verde,Africa
cpv,1884,34.84,Cape Verde,Africa
cpv,1885,34.91,Cape Verde,Africa
cpv,1886,34.99,Cape Verde,Africa
cpv,1887,35.06,Cape Verde,Africa
cpv,1888,35.14,Cape Verde,Africa
cpv,1889,35.21,Cape Verde,Africa
cpv,1890,35.29,Cape Verde,Africa
cpv,1891,35.36,Cape Verde,Africa
cpv,1892,35.43,Cape Verde,Africa
cpv,1893,35.51,Cape Verde,Africa
cpv,1894,35.58,Cape Verde,Africa
cpv,1895,35.66,Cape Verde,Africa
cpv,1896,35.73,Cape Verde,Africa
cpv,1897,35.81,Cape Verde,Africa
cpv,1898,35.88,Cape Verde,Africa
cpv,1899,35.95,Cape Verde,Africa
cpv,1900,36.03,Cape Verde,Africa
cpv,1901,36.1,Cape Verde,Africa
cpv,1902,36.18,Cape Verde,Africa
cpv,1903,36.25,Cape Verde,Africa
cpv,1904,36.33,Cape Verde,Africa
cpv,1905,36.4,Cape Verde,Africa
cpv,1906,36.47,Cape Verde,Africa
cpv,1907,36.55,Cape Verde,Africa
cpv,1908,36.62,Cape Verde,Africa
cpv,1909,36.7,Cape Verde,Africa
cpv,1910,36.77,Cape Verde,Africa
cpv,1911,36.85,Cape Verde,Africa
cpv,1912,36.92,Cape Verde,Africa
cpv,1913,36.99,Cape Verde,Africa
cpv,1914,37.07,Cape Verde,Africa
cpv,1915,37.14,Cape Verde,Africa
cpv,1916,37.22,Cape Verde,Africa
cpv,1917,37.29,Cape Verde,Africa
cpv,1918,14.45,Cape Verde,Africa
cpv,1919,37.44,Cape Verde,Africa
cpv,1920,37.51,Cape Verde,Africa
cpv,1921,37.59,Cape Verde,Africa
cpv,1922,37.66,Cape Verde,Africa
cpv,1923,37.74,Cape Verde,Africa
cpv,1924,37.81,Cape Verde,Africa
cpv,1925,37.89,Cape Verde,Africa
cpv,1926,37.96,Cape Verde,Africa
cpv,1927,38.03,Cape Verde,Africa
cpv,1928,38.11,Cape Verde,Africa
cpv,1929,38.18,Cape Verde,Africa
cpv,1930,38.26,Cape Verde,Africa
cpv,1931,38.33,Cape Verde,Africa
cpv,1932,38.41,Cape Verde,Africa
cpv,1933,38.48,Cape Verde,Africa
cpv,1934,38.55,Cape Verde,Africa
cpv,1935,38.63,Cape Verde,Africa
cpv,1936,39.77,Cape Verde,Africa
cpv,1937,40.92,Cape Verde,Africa
cpv,1938,42.07,Cape Verde,Africa
cpv,1939,43.23,Cape Verde,Africa
cpv,1940,44.38,Cape Verde,Africa
cpv,1941,45.55,Cape Verde,Africa
cpv,1942,46.72,Cape Verde,Africa
cpv,1943,47.89,Cape Verde,Africa
cpv,1944,49.06,Cape Verde,Africa
cpv,1945,50.24,Cape Verde,Africa
cpv,1946,51.43,Cape Verde,Africa
cpv,1947,52.62,Cape Verde,Africa
cpv,1948,53.81,Cape Verde,Africa
cpv,1949,55,Cape Verde,Africa
cpv,1950,56.2,Cape Verde,Africa
cpv,1951,56.36,Cape Verde,Africa
cpv,1952,56.56,Cape Verde,Africa
cpv,1953,56.79,Cape Verde,Africa
cpv,1954,56.91,Cape Verde,Africa
cpv,1955,57,Cape Verde,Africa
cpv,1956,57.11,Cape Verde,Africa
cpv,1957,56.35,Cape Verde,Africa
cpv,1958,56.66,Cape Verde,Africa
cpv,1959,57.1,Cape Verde,Africa
cpv,1960,56.76,Cape Verde,Africa
cpv,1961,57.53,Cape Verde,Africa
cpv,1962,58.27,Cape Verde,Africa
cpv,1963,58.97,Cape Verde,Africa
cpv,1964,59.65,Cape Verde,Africa
cpv,1965,60.19,Cape Verde,Africa
cpv,1966,60.84,Cape Verde,Africa
cpv,1967,60.32,Cape Verde,Africa
cpv,1968,59.7,Cape Verde,Africa
cpv,1969,58.08,Cape Verde,Africa
cpv,1970,58.1,Cape Verde,Africa
cpv,1971,57.36,Cape Verde,Africa
cpv,1972,59.28,Cape Verde,Africa
cpv,1973,60.34,Cape Verde,Africa
cpv,1974,61.85,Cape Verde,Africa
cpv,1975,62.6,Cape Verde,Africa
cpv,1976,63.6,Cape Verde,Africa
cpv,1977,64.55,Cape Verde,Africa
cpv,1978,65.43,Cape Verde,Africa
cpv,1979,66.31,Cape Verde,Africa
cpv,1980,66.82,Cape Verde,Africa
cpv,1981,67.12,Cape Verde,Africa
cpv,1982,66.83,Cape Verde,Africa
cpv,1983,66.87,Cape Verde,Africa
cpv,1984,66.79,Cape Verde,Africa
cpv,1985,67.57,Cape Verde,Africa
cpv,1986,67.99,Cape Verde,Africa
cpv,1987,68.43,Cape Verde,Africa
cpv,1988,69.03,Cape Verde,Africa
cpv,1989,69.44,Cape Verde,Africa
cpv,1990,69.93,Cape Verde,Africa
cpv,1991,69.8,Cape Verde,Africa
cpv,1992,69.86,Cape Verde,Africa
cpv,1993,69.82,Cape Verde,Africa
cpv,1994,69.71,Cape Verde,Africa
cpv,1995,68.74,Cape Verde,Africa
cpv,1996,69.67,Cape Verde,Africa
cpv,1997,69.48,Cape Verde,Africa
cpv,1998,69.74,Cape Verde,Africa
cpv,1999,69.74,Cape Verde,Africa
cpv,2000,70.27,Cape Verde,Africa
cpv,2001,70.58,Cape Verde,Africa
cpv,2002,70.84,Cape Verde,Africa
cpv,2003,71.15,Cape Verde,Africa
cpv,2004,71.47,Cape Verde,Africa
cpv,2005,71.83,Cape Verde,Africa
cpv,2006,72.91,Cape Verde,Africa
cpv,2007,73.18,Cape Verde,Africa
cpv,2008,73.88,Cape Verde,Africa
cpv,2009,74.09,Cape Verde,Africa
cpv,2010,74.41,Cape Verde,Africa
cpv,2011,74.51,Cape Verde,Africa
cpv,2012,74.59,Cape Verde,Africa
cpv,2013,74.85,Cape Verde,Africa
cpv,2014,74.97,Cape Verde,Africa
cpv,2015,74.86,Cape Verde,Africa
cpv,2016,74.8,Cape Verde,Africa
cpv,2017,74.83,Cape Verde,Africa
cpv,2018,73.54,Cape Verde,Africa
cpv,2019,73.74,Cape Verde,Africa
cpv,2020,73.08,Cape Verde,Africa
cpv,2021,74.11,Cape Verde,Africa
cpv,2022,74.28,Cape Verde,Africa
cpv,2023,74.44,Cape Verde,Africa
cpv,2024,74.61,Cape Verde,Africa
cpv,2025,74.78,Cape Verde,Africa
cpv,2026,74.94,Cape Verde,Africa
cpv,2027,75.11,Cape Verde,Africa
cpv,2028,75.27,Cape Verde,Africa
cpv,2029,75.44,Cape Verde,Africa
cpv,2030,75.6,Cape Verde,Africa
cpv,2031,75.76,Cape Verde,Africa
cpv,2032,75.92,Cape Verde,Africa
cpv,2033,76.08,Cape Verde,Africa
cpv,2034,76.24,Cape Verde,Africa
cpv,2035,76.4,Cape Verde,Africa
cpv,2036,76.55,Cape Verde,Africa
cpv,2037,76.71,Cape Verde,Africa
cpv,2038,76.87,Cape Verde,Africa
cpv,2039,77.03,Cape Verde,Africa
cpv,2040,77.18,Cape Verde,Africa
cpv,2041,77.34,Cape Verde,Africa
cpv,2042,77.5,Cape Verde,Africa
cpv,2043,77.65,Cape Verde,Africa
cpv,2044,77.81,Cape Verde,Africa
cpv,2045,77.97,Cape Verde,Africa
cpv,2046,78.13,Cape Verde,Africa
cpv,2047,78.29,Cape Verde,Africa
cpv,2048,78.44,Cape Verde,Africa
cpv,2049,78.6,Cape Verde,Africa
cpv,2050,78.76,Cape Verde,Africa
cpv,2051,78.92,Cape Verde,Africa
cpv,2052,79.08,Cape Verde,Africa
cpv,2053,79.24,Cape Verde,Africa
cpv,2054,79.39,Cape Verde,Africa
cpv,2055,79.55,Cape Verde,Africa
cpv,2056,79.71,Cape Verde,Africa
cpv,2057,79.87,Cape Verde,Africa
cpv,2058,80.03,Cape Verde,Africa
cpv,2059,80.19,Cape Verde,Africa
cpv,2060,80.35,Cape Verde,Africa
cpv,2061,80.51,Cape Verde,Africa
cpv,2062,80.67,Cape Verde,Africa
cpv,2063,80.83,Cape Verde,Africa
cpv,2064,80.99,Cape Verde,Africa
cpv,2065,81.16,Cape Verde,Africa
cpv,2066,81.32,Cape Verde,Africa
cpv,2067,81.48,Cape Verde,Africa
cpv,2068,81.64,Cape Verde,Africa
cpv,2069,81.8,Cape Verde,Africa
cpv,2070,81.96,Cape Verde,Africa
cpv,2071,82.12,Cape Verde,Africa
cpv,2072,82.28,Cape Verde,Africa
cpv,2073,82.43,Cape Verde,Africa
cpv,2074,82.59,Cape Verde,Africa
cpv,2075,82.74,Cape Verde,Africa
cpv,2076,82.9,Cape Verde,Africa
cpv,2077,83.05,Cape Verde,Africa
cpv,2078,83.2,Cape Verde,Africa
cpv,2079,83.34,Cape Verde,Africa
cpv,2080,83.48,Cape Verde,Africa
cpv,2081,83.63,Cape Verde,Africa
cpv,2082,83.76,Cape Verde,Africa
cpv,2083,83.9,Cape Verde,Africa
cpv,2084,84.03,Cape Verde,Africa
cpv,2085,84.16,Cape Verde,Africa
cpv,2086,84.3,Cape Verde,Africa
cpv,2087,84.42,Cape Verde,Africa
cpv,2088,84.55,Cape Verde,Africa
cpv,2089,84.68,Cape Verde,Africa
cpv,2090,84.81,Cape Verde,Africa
cpv,2091,84.93,Cape Verde,Africa
cpv,2092,85.05,Cape Verde,Africa
cpv,2093,85.18,Cape Verde,Africa
cpv,2094,85.3,Cape Verde,Africa
cpv,2095,85.42,Cape Verde,Africa
cpv,2096,85.54,Cape Verde,Africa
cpv,2097,85.66,Cape Verde,Africa
cpv,2098,85.77,Cape Verde,Africa
cpv,2099,85.89,Cape Verde,Africa
cpv,2100,86,Cape Verde,Africa
caf,1800,30,Central African Republic,Africa
caf,1801,30,Central African Republic,Africa
caf,1802,30,Central African Republic,Africa
caf,1803,30,Central African Republic,Africa
caf,1804,30,Central African Republic,Africa
caf,1805,30,Central African Republic,Africa
caf,1806,30,Central African Republic,Africa
caf,1807,30,Central African Republic,Africa
caf,1808,30,Central African Republic,Africa
caf,1809,30,Central African Republic,Africa
caf,1810,30,Central African Republic,Africa
caf,1811,30,Central African Republic,Africa
caf,1812,30,Central African Republic,Africa
caf,1813,30,Central African Republic,Africa
caf,1814,30,Central African Republic,Africa
caf,1815,30,Central African Republic,Africa
caf,1816,30,Central African Republic,Africa
caf,1817,30,Central African Republic,Africa
caf,1818,30,Central African Republic,Africa
caf,1819,30,Central African Republic,Africa
caf,1820,30,Central African Republic,Africa
caf,1821,30,Central African Republic,Africa
caf,1822,30,Central African Republic,Africa
caf,1823,30,Central African Republic,Africa
caf,1824,30,Central African Republic,Africa
caf,1825,30,Central African Republic,Africa
caf,1826,30,Central African Republic,Africa
caf,1827,30,Central African Republic,Africa
caf,1828,30,Central African Republic,Africa
caf,1829,30,Central African Republic,Africa
caf,1830,30,Central African Republic,Africa
caf,1831,30,Central African Republic,Africa
caf,1832,30,Central African Republic,Africa
caf,1833,30,Central African Republic,Africa
caf,1834,30,Central African Republic,Africa
caf,1835,30,Central African Republic,Africa
caf,1836,30,Central African Republic,Africa
caf,1837,30,Central African Republic,Africa
caf,1838,30,Central African Republic,Africa
caf,1839,30,Central African Republic,Africa
caf,1840,30,Central African Republic,Africa
caf,1841,30,Central African Republic,Africa
caf,1842,30,Central African Republic,Africa
caf,1843,30,Central African Republic,Africa
caf,1844,30,Central African Republic,Africa
caf,1845,30,Central African Republic,Africa
caf,1846,30,Central African Republic,Africa
caf,1847,30,Central African Republic,Africa
caf,1848,30,Central African Republic,Africa
caf,1849,30,Central African Republic,Africa
caf,1850,30,Central African Republic,Africa
caf,1851,30,Central African Republic,Africa
caf,1852,30,Central African Republic,Africa
caf,1853,30,Central African Republic,Africa
caf,1854,30,Central African Republic,Africa
caf,1855,30,Central African Republic,Africa
caf,1856,30,Central African Republic,Africa
caf,1857,30,Central African Republic,Africa
caf,1858,30,Central African Republic,Africa
caf,1859,30,Central African Republic,Africa
caf,1860,30,Central African Republic,Africa
caf,1861,30,Central African Republic,Africa
caf,1862,30,Central African Republic,Africa
caf,1863,30,Central African Republic,Africa
caf,1864,30,Central African Republic,Africa
caf,1865,30,Central African Republic,Africa
caf,1866,30,Central African Republic,Africa
caf,1867,30,Central African Republic,Africa
caf,1868,30,Central African Republic,Africa
caf,1869,30,Central African Republic,Africa
caf,1870,30,Central African Republic,Africa
caf,1871,30.13,Central African Republic,Africa
caf,1872,30.25,Central African Republic,Africa
caf,1873,30.38,Central African Republic,Africa
caf,1874,30.51,Central African Republic,Africa
caf,1875,30.63,Central African Republic,Africa
caf,1876,30.76,Central African Republic,Africa
caf,1877,30.89,Central African Republic,Africa
caf,1878,31.01,Central African Republic,Africa
caf,1879,31.14,Central African Republic,Africa
caf,1880,31.27,Central African Republic,Africa
caf,1881,31.39,Central African Republic,Africa
caf,1882,31.52,Central African Republic,Africa
caf,1883,31.65,Central African Republic,Africa
caf,1884,31.78,Central African Republic,Africa
caf,1885,31.9,Central African Republic,Africa
caf,1886,32.03,Central African Republic,Africa
caf,1887,32.16,Central African Republic,Africa
caf,1888,32.28,Central African Republic,Africa
caf,1889,32.41,Central African Republic,Africa
caf,1890,32.54,Central African Republic,Africa
caf,1891,32.66,Central African Republic,Africa
caf,1892,32.79,Central African Republic,Africa
caf,1893,32.92,Central African Republic,Africa
caf,1894,33.04,Central African Republic,Africa
caf,1895,33.17,Central African Republic,Africa
caf,1896,33.3,Central African Republic,Africa
caf,1897,33.42,Central African Republic,Africa
caf,1898,33.55,Central African Republic,Africa
caf,1899,33.68,Central African Republic,Africa
caf,1900,33.8,Central African Republic,Africa
caf,1901,33.93,Central African Republic,Africa
caf,1902,34.06,Central African Republic,Africa
caf,1903,34.18,Central African Republic,Africa
caf,1904,34.31,Central African Republic,Africa
caf,1905,34.44,Central African Republic,Africa
caf,1906,34.56,Central African Republic,Africa
caf,1907,34.69,Central African Republic,Africa
caf,1908,34.82,Central African Republic,Africa
caf,1909,34.95,Central African Republic,Africa
caf,1910,35.07,Central African Republic,Africa
caf,1911,35.2,Central African Republic,Africa
caf,1912,35.33,Central African Republic,Africa
caf,1913,35.45,Central African Republic,Africa
caf,1914,35.58,Central African Republic,Africa
caf,1915,35.71,Central African Republic,Africa
caf,1916,35.83,Central African Republic,Africa
caf,1917,35.96,Central African Republic,Africa
caf,1918,13.96,Central African Republic,Africa
caf,1919,36.21,Central African Republic,Africa
caf,1920,36.34,Central African Republic,Africa
caf,1921,36.47,Central African Republic,Africa
caf,1922,36.59,Central African Republic,Africa
caf,1923,36.72,Central African Republic,Africa
caf,1924,36.85,Central African Republic,Africa
caf,1925,36.97,Central African Republic,Africa
caf,1926,37.1,Central African Republic,Africa
caf,1927,37.23,Central African Republic,Africa
caf,1928,37.35,Central African Republic,Africa
caf,1929,37.48,Central African Republic,Africa
caf,1930,37.61,Central African Republic,Africa
caf,1931,37.73,Central African Republic,Africa
caf,1932,37.86,Central African Republic,Africa
caf,1933,37.99,Central African Republic,Africa
caf,1934,38.12,Central African Republic,Africa
caf,1935,38.24,Central African Republic,Africa
caf,1936,38.37,Central African Republic,Africa
caf,1937,38.5,Central African Republic,Africa
caf,1938,38.62,Central African Republic,Africa
caf,1939,38.75,Central African Republic,Africa
caf,1940,38.88,Central African Republic,Africa
caf,1941,39,Central African Republic,Africa
caf,1942,39.13,Central African Republic,Africa
caf,1943,39.26,Central African Republic,Africa
caf,1944,39.38,Central African Republic,Africa
caf,1945,39.51,Central African Republic,Africa
caf,1946,39.64,Central African Republic,Africa
caf,1947,40.63,Central African Republic,Africa
caf,1948,41.63,Central African Republic,Africa
caf,1949,42.63,Central African Republic,Africa
caf,1950,43.64,Central African Republic,Africa
caf,1951,43.76,Central African Republic,Africa
caf,1952,43.89,Central African Republic,Africa
caf,1953,44,Central African Republic,Africa
caf,1954,44.13,Central African Republic,Africa
caf,1955,44.24,Central African Republic,Africa
caf,1956,44.34,Central African Republic,Africa
caf,1957,44.74,Central African Republic,Africa
caf,1958,45.07,Central African Republic,Africa
caf,1959,45.33,Central African Republic,Africa
caf,1960,45.76,Central African Republic,Africa
caf,1961,46.15,Central African Republic,Africa
caf,1962,46.47,Central African Republic,Africa
caf,1963,46.76,Central African Republic,Africa
caf,1964,47.03,Central African Republic,Africa
caf,1965,47.28,Central African Republic,Africa
caf,1966,47.42,Central African Republic,Africa
caf,1967,47.55,Central African Republic,Africa
caf,1968,47.77,Central African Republic,Africa
caf,1969,47.97,Central African Republic,Africa
caf,1970,48.12,Central African Republic,Africa
caf,1971,48.17,Central African Republic,Africa
caf,1972,48.22,Central African Republic,Africa
caf,1973,48.33,Central African Republic,Africa
caf,1974,48.39,Central African Republic,Africa
caf,1975,48.44,Central African Republic,Africa
caf,1976,48.56,Central African Republic,Africa
caf,1977,48.73,Central African Republic,Africa
caf,1978,48.87,Central African Republic,Africa
caf,1979,49.01,Central African Republic,Africa
caf,1980,49.17,Central African Republic,Africa
caf,1981,49.33,Central African Republic,Africa
caf,1982,49.48,Central African Republic,Africa
caf,1983,49.46,Central African Republic,Africa
caf,1984,49.44,Central African Republic,Africa
caf,1985,49.5,Central African Republic,Africa
caf,1986,49.49,Central African Republic,Africa
caf,1987,49.41,Central African Republic,Africa
caf,1988,48.99,Central African Republic,Africa
caf,1989,48.66,Central African Republic,Africa
caf,1990,48.09,Central African Republic,Africa
caf,1991,47.51,Central African Republic,Africa
caf,1992,46.84,Central African Republic,Africa
caf,1993,46.04,Central African Republic,Africa
caf,1994,45.32,Central African Republic,Africa
caf,1995,44.69,Central African Republic,Africa
caf,1996,44.16,Central African Republic,Africa
caf,1997,43.83,Central African Republic,Africa
caf,1998,43.79,Central African Republic,Africa
caf,1999,43.75,Central African Republic,Africa
caf,2000,43.79,Central African Republic,Africa
caf,2001,43.94,Central African Republic,Africa
caf,2002,44.21,Central African Republic,Africa
caf,2003,44.53,Central African Republic,Africa
caf,2004,44.83,Central African Republic,Africa
caf,2005,45.21,Central African Republic,Africa
caf,2006,45.58,Central African Republic,Africa
caf,2007,46.07,Central African Republic,Africa
caf,2008,46.83,Central African Republic,Africa
caf,2009,47.39,Central African Republic,Africa
caf,2010,47.81,Central African Republic,Africa
caf,2011,48.27,Central African Republic,Africa
caf,2012,48.76,Central African Republic,Africa
caf,2013,47.46,Central African Republic,Africa
caf,2014,47.48,Central African Republic,Africa
caf,2015,49.67,Central African Republic,Africa
caf,2016,50.32,Central African Republic,Africa
caf,2017,50.41,Central African Republic,Africa
caf,2018,51.54,Central African Republic,Africa
caf,2019,52.35,Central African Republic,Africa
caf,2020,52.42,Central African Republic,Africa
caf,2021,53.06,Central African Republic,Africa
caf,2022,53.35,Central African Republic,Africa
caf,2023,53.63,Central African Republic,Africa
caf,2024,53.92,Central African Republic,Africa
caf,2025,54.21,Central African Republic,Africa
caf,2026,54.52,Central African Republic,Africa
caf,2027,54.82,Central African Republic,Africa
caf,2028,55.12,Central African Republic,Africa
caf,2029,55.42,Central African Republic,Africa
caf,2030,55.71,Central African Republic,Africa
caf,2031,56,Central African Republic,Africa
caf,2032,56.28,Central African Republic,Africa
caf,2033,56.56,Central African Republic,Africa
caf,2034,56.83,Central African Republic,Africa
caf,2035,57.1,Central African Republic,Africa
caf,2036,57.37,Central African Republic,Africa
caf,2037,57.63,Central African Republic,Africa
caf,2038,57.88,Central African Republic,Africa
caf,2039,58.13,Central African Republic,Africa
caf,2040,58.38,Central African Republic,Africa
caf,2041,58.62,Central African Republic,Africa
caf,2042,58.86,Central African Republic,Africa
caf,2043,59.09,Central African Republic,Africa
caf,2044,59.31,Central African Republic,Africa
caf,2045,59.53,Central African Republic,Africa
caf,2046,59.74,Central African Republic,Africa
caf,2047,59.95,Central African Republic,Africa
caf,2048,60.16,Central African Republic,Africa
caf,2049,60.36,Central African Republic,Africa
caf,2050,60.56,Central African Republic,Africa
caf,2051,60.76,Central African Republic,Africa
caf,2052,60.95,Central African Republic,Africa
caf,2053,61.13,Central African Republic,Africa
caf,2054,61.32,Central African Republic,Africa
caf,2055,61.5,Central African Republic,Africa
caf,2056,61.67,Central African Republic,Africa
caf,2057,61.85,Central African Republic,Africa
caf,2058,62.02,Central African Republic,Africa
caf,2059,62.19,Central African Republic,Africa
caf,2060,62.35,Central African Republic,Africa
caf,2061,62.51,Central African Republic,Africa
caf,2062,62.67,Central African Republic,Africa
caf,2063,62.83,Central African Republic,Africa
caf,2064,62.98,Central African Republic,Africa
caf,2065,63.14,Central African Republic,Africa
caf,2066,63.28,Central African Republic,Africa
caf,2067,63.43,Central African Republic,Africa
caf,2068,63.57,Central African Republic,Africa
caf,2069,63.71,Central African Republic,Africa
caf,2070,63.85,Central African Republic,Africa
caf,2071,63.98,Central African Republic,Africa
caf,2072,64.11,Central African Republic,Africa
caf,2073,64.25,Central African Republic,Africa
caf,2074,64.38,Central African Republic,Africa
caf,2075,64.51,Central African Republic,Africa
caf,2076,64.64,Central African Republic,Africa
caf,2077,64.77,Central African Republic,Africa
caf,2078,64.9,Central African Republic,Africa
caf,2079,65.03,Central African Republic,Africa
caf,2080,65.15,Central African Republic,Africa
caf,2081,65.28,Central African Republic,Africa
caf,2082,65.4,Central African Republic,Africa
caf,2083,65.52,Central African Republic,Africa
caf,2084,65.63,Central African Republic,Africa
caf,2085,65.75,Central African Republic,Africa
caf,2086,65.87,Central African Republic,Africa
caf,2087,65.98,Central African Republic,Africa
caf,2088,66.09,Central African Republic,Africa
caf,2089,66.21,Central African Republic,Africa
caf,2090,66.32,Central African Republic,Africa
caf,2091,66.43,Central African Republic,Africa
caf,2092,66.54,Central African Republic,Africa
caf,2093,66.65,Central African Republic,Africa
caf,2094,66.76,Central African Republic,Africa
caf,2095,66.87,Central African Republic,Africa
caf,2096,66.98,Central African Republic,Africa
caf,2097,67.09,Central African Republic,Africa
caf,2098,67.2,Central African Republic,Africa
caf,2099,67.3,Central African Republic,Africa
caf,2100,67.41,Central African Republic,Africa
tcd,1800,30.9,Chad,Africa
tcd,1801,30.9,Chad,Africa
tcd,1802,30.9,Chad,Africa
tcd,1803,30.9,Chad,Africa
tcd,1804,30.9,Chad,Africa
tcd,1805,30.9,Chad,Africa
tcd,1806,30.9,Chad,Africa
tcd,1807,30.9,Chad,Africa
tcd,1808,30.9,Chad,Africa
tcd,1809,30.9,Chad,Africa
tcd,1810,30.9,Chad,Africa
tcd,1811,30.9,Chad,Africa
tcd,1812,30.9,Chad,Africa
tcd,1813,30.9,Chad,Africa
tcd,1814,30.9,Chad,Africa
tcd,1815,30.9,Chad,Africa
tcd,1816,30.9,Chad,Africa
tcd,1817,30.9,Chad,Africa
tcd,1818,30.9,Chad,Africa
tcd,1819,30.9,Chad,Africa
tcd,1820,30.9,Chad,Africa
tcd,1821,30.9,Chad,Africa
tcd,1822,30.9,Chad,Africa
tcd,1823,30.9,Chad,Africa
tcd,1824,30.9,Chad,Africa
tcd,1825,30.9,Chad,Africa
tcd,1826,30.9,Chad,Africa
tcd,1827,30.9,Chad,Africa
tcd,1828,30.9,Chad,Africa
tcd,1829,30.9,Chad,Africa
tcd,1830,30.9,Chad,Africa
tcd,1831,30.9,Chad,Africa
tcd,1832,30.9,Chad,Africa
tcd,1833,30.9,Chad,Africa
tcd,1834,30.9,Chad,Africa
tcd,1835,30.9,Chad,Africa
tcd,1836,30.9,Chad,Africa
tcd,1837,30.9,Chad,Africa
tcd,1838,30.9,Chad,Africa
tcd,1839,30.9,Chad,Africa
tcd,1840,30.9,Chad,Africa
tcd,1841,30.9,Chad,Africa
tcd,1842,30.9,Chad,Africa
tcd,1843,30.9,Chad,Africa
tcd,1844,30.9,Chad,Africa
tcd,1845,30.9,Chad,Africa
tcd,1846,30.9,Chad,Africa
tcd,1847,30.9,Chad,Africa
tcd,1848,30.9,Chad,Africa
tcd,1849,30.9,Chad,Africa
tcd,1850,30.9,Chad,Africa
tcd,1851,30.9,Chad,Africa
tcd,1852,30.9,Chad,Africa
tcd,1853,30.9,Chad,Africa
tcd,1854,30.9,Chad,Africa
tcd,1855,30.9,Chad,Africa
tcd,1856,30.9,Chad,Africa
tcd,1857,30.9,Chad,Africa
tcd,1858,30.9,Chad,Africa
tcd,1859,30.9,Chad,Africa
tcd,1860,30.9,Chad,Africa
tcd,1861,30.9,Chad,Africa
tcd,1862,30.9,Chad,Africa
tcd,1863,30.9,Chad,Africa
tcd,1864,30.9,Chad,Africa
tcd,1865,30.9,Chad,Africa
tcd,1866,30.9,Chad,Africa
tcd,1867,30.9,Chad,Africa
tcd,1868,30.9,Chad,Africa
tcd,1869,30.9,Chad,Africa
tcd,1870,30.9,Chad,Africa
tcd,1871,31,Chad,Africa
tcd,1872,31.11,Chad,Africa
tcd,1873,31.21,Chad,Africa
tcd,1874,31.31,Chad,Africa
tcd,1875,31.41,Chad,Africa
tcd,1876,31.52,Chad,Africa
tcd,1877,31.62,Chad,Africa
tcd,1878,31.72,Chad,Africa
tcd,1879,31.83,Chad,Africa
tcd,1880,31.93,Chad,Africa
tcd,1881,32.03,Chad,Africa
tcd,1882,32.13,Chad,Africa
tcd,1883,32.24,Chad,Africa
tcd,1884,32.34,Chad,Africa
tcd,1885,32.44,Chad,Africa
tcd,1886,32.55,Chad,Africa
tcd,1887,32.65,Chad,Africa
tcd,1888,32.75,Chad,Africa
tcd,1889,32.85,Chad,Africa
tcd,1890,32.96,Chad,Africa
tcd,1891,33.06,Chad,Africa
tcd,1892,33.16,Chad,Africa
tcd,1893,33.27,Chad,Africa
tcd,1894,33.37,Chad,Africa
tcd,1895,33.47,Chad,Africa
tcd,1896,33.57,Chad,Africa
tcd,1897,33.68,Chad,Africa
tcd,1898,33.78,Chad,Africa
tcd,1899,33.88,Chad,Africa
tcd,1900,33.99,Chad,Africa
tcd,1901,34.09,Chad,Africa
tcd,1902,34.19,Chad,Africa
tcd,1903,34.29,Chad,Africa
tcd,1904,34.4,Chad,Africa
tcd,1905,34.5,Chad,Africa
tcd,1906,34.6,Chad,Africa
tcd,1907,34.71,Chad,Africa
tcd,1908,34.81,Chad,Africa
tcd,1909,34.91,Chad,Africa
tcd,1910,35.01,Chad,Africa
tcd,1911,35.12,Chad,Africa
tcd,1912,35.22,Chad,Africa
tcd,1913,35.32,Chad,Africa
tcd,1914,35.43,Chad,Africa
tcd,1915,35.53,Chad,Africa
tcd,1916,35.63,Chad,Africa
tcd,1917,35.73,Chad,Africa
tcd,1918,20.99,Chad,Africa
tcd,1919,35.94,Chad,Africa
tcd,1920,36.04,Chad,Africa
tcd,1921,36.15,Chad,Africa
tcd,1922,36.25,Chad,Africa
tcd,1923,36.35,Chad,Africa
tcd,1924,36.45,Chad,Africa
tcd,1925,36.56,Chad,Africa
tcd,1926,36.66,Chad,Africa
tcd,1927,36.76,Chad,Africa
tcd,1928,36.87,Chad,Africa
tcd,1929,36.97,Chad,Africa
tcd,1930,37.07,Chad,Africa
tcd,1931,37.17,Chad,Africa
tcd,1932,37.28,Chad,Africa
tcd,1933,37.38,Chad,Africa
tcd,1934,37.48,Chad,Africa
tcd,1935,37.59,Chad,Africa
tcd,1936,37.69,Chad,Africa
tcd,1937,37.79,Chad,Africa
tcd,1938,37.89,Chad,Africa
tcd,1939,38,Chad,Africa
tcd,1940,38.1,Chad,Africa
tcd,1941,38.2,Chad,Africa
tcd,1942,38.31,Chad,Africa
tcd,1943,38.41,Chad,Africa
tcd,1944,38.51,Chad,Africa
tcd,1945,38.61,Chad,Africa
tcd,1946,39.88,Chad,Africa
tcd,1947,41.16,Chad,Africa
tcd,1948,42.44,Chad,Africa
tcd,1949,43.73,Chad,Africa
tcd,1950,45.02,Chad,Africa
tcd,1951,45.25,Chad,Africa
tcd,1952,45.5,Chad,Africa
tcd,1953,45.75,Chad,Africa
tcd,1954,46,Chad,Africa
tcd,1955,46.24,Chad,Africa
tcd,1956,46.47,Chad,Africa
tcd,1957,46.7,Chad,Africa
tcd,1958,46.93,Chad,Africa
tcd,1959,47.17,Chad,Africa
tcd,1960,47.41,Chad,Africa
tcd,1961,47.65,Chad,Africa
tcd,1962,47.93,Chad,Africa
tcd,1963,48.15,Chad,Africa
tcd,1964,48.31,Chad,Africa
tcd,1965,48.47,Chad,Africa
tcd,1966,47.79,Chad,Africa
tcd,1967,47.92,Chad,Africa
tcd,1968,48.02,Chad,Africa
tcd,1969,48.14,Chad,Africa
tcd,1970,48.36,Chad,Africa
tcd,1971,48.22,Chad,Africa
tcd,1972,48.99,Chad,Africa
tcd,1973,49.85,Chad,Africa
tcd,1974,50.05,Chad,Africa
tcd,1975,50.42,Chad,Africa
tcd,1976,50.07,Chad,Africa
tcd,1977,50.32,Chad,Africa
tcd,1978,50.63,Chad,Africa
tcd,1979,50.7,Chad,Africa
tcd,1980,50.77,Chad,Africa
tcd,1981,50.77,Chad,Africa
tcd,1982,50.7,Chad,Africa
tcd,1983,51.01,Chad,Africa
tcd,1984,51.4,Chad,Africa
tcd,1985,52.36,Chad,Africa
tcd,1986,52.33,Chad,Africa
tcd,1987,50.96,Chad,Africa
tcd,1988,53.27,Chad,Africa
tcd,1989,53.67,Chad,Africa
tcd,1990,53.54,Chad,Africa
tcd,1991,53.63,Chad,Africa
tcd,1992,53.51,Chad,Africa
tcd,1993,53.71,Chad,Africa
tcd,1994,53.52,Chad,Africa
tcd,1995,53.46,Chad,Africa
tcd,1996,53.14,Chad,Africa
tcd,1997,52.78,Chad,Africa
tcd,1998,52.54,Chad,Africa
tcd,1999,52.52,Chad,Africa
tcd,2000,52.25,Chad,Africa
tcd,2001,52.52,Chad,Africa
tcd,2002,52.63,Chad,Africa
tcd,2003,52.81,Chad,Africa
tcd,2004,53.17,Chad,Africa
tcd,2005,53.73,Chad,Africa
tcd,2006,53.86,Chad,Africa
tcd,2007,54.79,Chad,Africa
tcd,2008,55.23,Chad,Africa
tcd,2009,55.97,Chad,Africa
tcd,2010,56.5,Chad,Africa
tcd,2011,56.85,Chad,Africa
tcd,2012,57.31,Chad,Africa
tcd,2013,57.76,Chad,Africa
tcd,2014,58.26,Chad,Africa
tcd,2015,58.75,Chad,Africa
tcd,2016,59.25,Chad,Africa
tcd,2017,59.53,Chad,Africa
tcd,2018,59.91,Chad,Africa
tcd,2019,60.38,Chad,Africa
tcd,2020,60.52,Chad,Africa
tcd,2021,60.98,Chad,Africa
tcd,2022,61.28,Chad,Africa
tcd,2023,61.58,Chad,Africa
tcd,2024,61.88,Chad,Africa
tcd,2025,62.18,Chad,Africa
tcd,2026,62.48,Chad,Africa
tcd,2027,62.77,Chad,Africa
tcd,2028,63.07,Chad,Africa
tcd,2029,63.37,Chad,Africa
tcd,2030,63.66,Chad,Africa
tcd,2031,63.95,Chad,Africa
tcd,2032,64.24,Chad,Africa
tcd,2033,64.53,Chad,Africa
tcd,2034,64.81,Chad,Africa
tcd,2035,65.09,Chad,Africa
tcd,2036,65.37,Chad,Africa
tcd,2037,65.65,Chad,Africa
tcd,2038,65.92,Chad,Africa
tcd,2039,66.19,Chad,Africa
tcd,2040,66.46,Chad,Africa
tcd,2041,66.72,Chad,Africa
tcd,2042,66.99,Chad,Africa
tcd,2043,67.25,Chad,Africa
tcd,2044,67.51,Chad,Africa
tcd,2045,67.76,Chad,Africa
tcd,2046,68.02,Chad,Africa
tcd,2047,68.27,Chad,Africa
tcd,2048,68.51,Chad,Africa
tcd,2049,68.75,Chad,Africa
tcd,2050,68.99,Chad,Africa
tcd,2051,69.22,Chad,Africa
tcd,2052,69.46,Chad,Africa
tcd,2053,69.69,Chad,Africa
tcd,2054,69.92,Chad,Africa
tcd,2055,70.14,Chad,Africa
tcd,2056,70.37,Chad,Africa
tcd,2057,70.59,Chad,Africa
tcd,2058,70.8,Chad,Africa
tcd,2059,71.01,Chad,Africa
tcd,2060,71.22,Chad,Africa
tcd,2061,71.42,Chad,Africa
tcd,2062,71.62,Chad,Africa
tcd,2063,71.82,Chad,Africa
tcd,2064,72.01,Chad,Africa
tcd,2065,72.21,Chad,Africa
tcd,2066,72.39,Chad,Africa
tcd,2067,72.58,Chad,Africa
tcd,2068,72.77,Chad,Africa
tcd,2069,72.95,Chad,Africa
tcd,2070,73.13,Chad,Africa
tcd,2071,73.31,Chad,Africa
tcd,2072,73.48,Chad,Africa
tcd,2073,73.66,Chad,Africa
tcd,2074,73.82,Chad,Africa
tcd,2075,73.99,Chad,Africa
tcd,2076,74.15,Chad,Africa
tcd,2077,74.31,Chad,Africa
tcd,2078,74.47,Chad,Africa
tcd,2079,74.63,Chad,Africa
tcd,2080,74.78,Chad,Africa
tcd,2081,74.94,Chad,Africa
tcd,2082,75.09,Chad,Africa
tcd,2083,75.24,Chad,Africa
tcd,2084,75.39,Chad,Africa
tcd,2085,75.54,Chad,Africa
tcd,2086,75.69,Chad,Africa
tcd,2087,75.83,Chad,Africa
tcd,2088,75.98,Chad,Africa
tcd,2089,76.13,Chad,Africa
tcd,2090,76.27,Chad,Africa
tcd,2091,76.41,Chad,Africa
tcd,2092,76.55,Chad,Africa
tcd,2093,76.69,Chad,Africa
tcd,2094,76.83,Chad,Africa
tcd,2095,76.96,Chad,Africa
tcd,2096,77.09,Chad,Africa
tcd,2097,77.23,Chad,Africa
tcd,2098,77.36,Chad,Africa
tcd,2099,77.48,Chad,Africa
tcd,2100,77.61,Chad,Africa
chl,1800,32,Chile,South America
chl,1801,32,Chile,South America
chl,1802,32,Chile,South America
chl,1803,32,Chile,South America
chl,1804,32,Chile,South America
chl,1805,32,Chile,South America
chl,1806,32,Chile,South America
chl,1807,32,Chile,South America
chl,1808,32,Chile,South America
chl,1809,32,Chile,South America
chl,1810,32,Chile,South America
chl,1811,32,Chile,South America
chl,1812,32,Chile,South America
chl,1813,32,Chile,South America
chl,1814,32,Chile,South America
chl,1815,32,Chile,South America
chl,1816,32,Chile,South America
chl,1817,32,Chile,South America
chl,1818,32,Chile,South America
chl,1819,32,Chile,South America
chl,1820,32,Chile,South America
chl,1821,32,Chile,South America
chl,1822,32,Chile,South America
chl,1823,32,Chile,South America
chl,1824,32,Chile,South America
chl,1825,32,Chile,South America
chl,1826,32,Chile,South America
chl,1827,32,Chile,South America
chl,1828,32,Chile,South America
chl,1829,32,Chile,South America
chl,1830,32,Chile,South America
chl,1831,32,Chile,South America
chl,1832,32,Chile,South America
chl,1833,32,Chile,South America
chl,1834,32,Chile,South America
chl,1835,32,Chile,South America
chl,1836,32,Chile,South America
chl,1837,32,Chile,South America
chl,1838,32,Chile,South America
chl,1839,32,Chile,South America
chl,1840,32,Chile,South America
chl,1841,32,Chile,South America
chl,1842,32,Chile,South America
chl,1843,32,Chile,South America
chl,1844,32,Chile,South America
chl,1845,32,Chile,South America
chl,1846,32,Chile,South America
chl,1847,32,Chile,South America
chl,1848,32,Chile,South America
chl,1849,32,Chile,South America
chl,1850,32,Chile,South America
chl,1851,32,Chile,South America
chl,1852,32,Chile,South America
chl,1853,32,Chile,South America
chl,1854,32,Chile,South America
chl,1855,32,Chile,South America
chl,1856,32,Chile,South America
chl,1857,32,Chile,South America
chl,1858,32,Chile,South America
chl,1859,32,Chile,South America
chl,1860,32,Chile,South America
chl,1861,32,Chile,South America
chl,1862,32,Chile,South America
chl,1863,32,Chile,South America
chl,1864,32,Chile,South America
chl,1865,32,Chile,South America
chl,1866,32,Chile,South America
chl,1867,32,Chile,South America
chl,1868,32,Chile,South America
chl,1869,32,Chile,South America
chl,1870,32,Chile,South America
chl,1871,31.97,Chile,South America
chl,1872,31.94,Chile,South America
chl,1873,31.91,Chile,South America
chl,1874,31.88,Chile,South America
chl,1875,31.85,Chile,South America
chl,1876,31.82,Chile,South America
chl,1877,31.79,Chile,South America
chl,1878,31.76,Chile,South America
chl,1879,31.73,Chile,South America
chl,1880,31.7,Chile,South America
chl,1881,31.67,Chile,South America
chl,1882,31.64,Chile,South America
chl,1883,31.61,Chile,South America
chl,1884,31.58,Chile,South America
chl,1885,31.55,Chile,South America
chl,1886,31.52,Chile,South America
chl,1887,31.49,Chile,South America
chl,1888,31.46,Chile,South America
chl,1889,31.43,Chile,South America
chl,1890,31.4,Chile,South America
chl,1891,31.37,Chile,South America
chl,1892,31.34,Chile,South America
chl,1893,31.31,Chile,South America
chl,1894,31.28,Chile,South America
chl,1895,31.25,Chile,South America
chl,1896,31.22,Chile,South America
chl,1897,31.19,Chile,South America
chl,1898,31.16,Chile,South America
chl,1899,31.13,Chile,South America
chl,1900,31.1,Chile,South America
chl,1901,31.07,Chile,South America
chl,1902,31.04,Chile,South America
chl,1903,30.72,Chile,South America
chl,1904,30.4,Chile,South America
chl,1905,30.08,Chile,South America
chl,1906,29.76,Chile,South America
chl,1907,29.44,Chile,South America
chl,1908,29.68,Chile,South America
chl,1909,29.92,Chile,South America
chl,1910,30.16,Chile,South America
chl,1911,30.4,Chile,South America
chl,1912,30.64,Chile,South America
chl,1913,30.67,Chile,South America
chl,1914,30.7,Chile,South America
chl,1915,30.72,Chile,South America
chl,1916,30.75,Chile,South America
chl,1917,30.78,Chile,South America
chl,1918,27,Chile,South America
chl,1919,30.49,Chile,South America
chl,1920,30.35,Chile,South America
chl,1921,30.2,Chile,South America
chl,1922,30.06,Chile,South America
chl,1923,31.05,Chile,South America
chl,1924,32.05,Chile,South America
chl,1925,33.04,Chile,South America
chl,1926,34.03,Chile,South America
chl,1927,35.02,Chile,South America
chl,1928,35.31,Chile,South America
chl,1929,35.59,Chile,South America
chl,1930,35.88,Chile,South America
chl,1931,36.16,Chile,South America
chl,1932,36.45,Chile,South America
chl,1933,36.49,Chile,South America
chl,1934,36.53,Chile,South America
chl,1935,36.56,Chile,South America
chl,1936,36.6,Chile,South America
chl,1937,36.64,Chile,South America
chl,1938,37.52,Chile,South America
chl,1939,38.4,Chile,South America
chl,1940,39.28,Chile,South America
chl,1941,40.15,Chile,South America
chl,1942,41.03,Chile,South America
chl,1943,41.71,Chile,South America
chl,1944,42.39,Chile,South America
chl,1945,43.08,Chile,South America
chl,1946,43.76,Chile,South America
chl,1947,44.44,Chile,South America
chl,1948,46.38,Chile,South America
chl,1949,48.32,Chile,South America
chl,1950,50.26,Chile,South America
chl,1951,50.94,Chile,South America
chl,1952,53.55,Chile,South America
chl,1953,55.31,Chile,South America
chl,1954,54.61,Chile,South America
chl,1955,54.83,Chile,South America
chl,1956,56.07,Chile,South America
chl,1957,55.52,Chile,South America
chl,1958,55.77,Chile,South America
chl,1959,56.07,Chile,South America
chl,1960,54.2,Chile,South America
chl,1961,57.45,Chile,South America
chl,1962,56.75,Chile,South America
chl,1963,57.14,Chile,South America
chl,1964,57.63,Chile,South America
chl,1965,58.7,Chile,South America
chl,1966,59.23,Chile,South America
chl,1967,60.17,Chile,South America
chl,1968,61,Chile,South America
chl,1969,61.49,Chile,South America
chl,1970,61.99,Chile,South America
chl,1971,62.56,Chile,South America
chl,1972,62.28,Chile,South America
chl,1973,63.18,Chile,South America
chl,1974,64.94,Chile,South America
chl,1975,66.15,Chile,South America
chl,1976,66.17,Chile,South America
chl,1977,67.2,Chile,South America
chl,1978,68.15,Chile,South America
chl,1979,68.6,Chile,South America
chl,1980,69.44,Chile,South America
chl,1981,70.53,Chile,South America
chl,1982,71.04,Chile,South America
chl,1983,70.93,Chile,South America
chl,1984,71.29,Chile,South America
chl,1985,71.95,Chile,South America
chl,1986,72.61,Chile,South America
chl,1987,73.2,Chile,South America
chl,1988,73.19,Chile,South America
chl,1989,73.16,Chile,South America
chl,1990,73.43,Chile,South America
chl,1991,74.15,Chile,South America
chl,1992,74.74,Chile,South America
chl,1993,74.95,Chile,South America
chl,1994,75.23,Chile,South America
chl,1995,75.28,Chile,South America
chl,1996,75.49,Chile,South America
chl,1997,75.96,Chile,South America
chl,1998,76.2,Chile,South America
chl,1999,76.45,Chile,South America
chl,2000,76.93,Chile,South America
chl,2001,76.99,Chile,South America
chl,2002,77.37,Chile,South America
chl,2003,77.44,Chile,South America
chl,2004,77.56,Chile,South America
chl,2005,77.89,Chile,South America
chl,2006,78.2,Chile,South America
chl,2007,78.38,Chile,South America
chl,2008,78.72,Chile,South America
chl,2009,78.63,Chile,South America
chl,2010,78.61,Chile,South America
chl,2011,78.96,Chile,South America
chl,2012,79.17,Chile,South America
chl,2013,79.31,Chile,South America
chl,2014,79.49,Chile,South America
chl,2015,79.63,Chile,South America
chl,2016,79.97,Chile,South America
chl,2017,79.98,Chile,South America
chl,2018,80.07,Chile,South America
chl,2019,80.16,Chile,South America
chl,2020,79.1,Chile,South America
chl,2021,80.46,Chile,South America
chl,2022,80.63,Chile,South America
chl,2023,80.79,Chile,South America
chl,2024,80.97,Chile,South America
chl,2025,81.15,Chile,South America
chl,2026,81.33,Chile,South America
chl,2027,81.53,Chile,South America
chl,2028,81.73,Chile,South America
chl,2029,81.93,Chile,South America
chl,2030,82.14,Chile,South America
chl,2031,82.34,Chile,South America
chl,2032,82.54,Chile,South America
chl,2033,82.73,Chile,South America
chl,2034,82.91,Chile,South America
chl,2035,83.08,Chile,South America
chl,2036,83.24,Chile,South America
chl,2037,83.4,Chile,South America
chl,2038,83.55,Chile,South America
chl,2039,83.7,Chile,South America
chl,2040,83.84,Chile,South America
chl,2041,83.99,Chile,South America
chl,2042,84.13,Chile,South America
chl,2043,84.27,Chile,South America
chl,2044,84.4,Chile,South America
chl,2045,84.54,Chile,South America
chl,2046,84.67,Chile,South America
chl,2047,84.8,Chile,South America
chl,2048,84.93,Chile,South America
chl,2049,85.05,Chile,South America
chl,2050,85.18,Chile,South America
chl,2051,85.3,Chile,South America
chl,2052,85.42,Chile,South America
chl,2053,85.54,Chile,South America
chl,2054,85.66,Chile,South America
chl,2055,85.78,Chile,South America
chl,2056,85.9,Chile,South America
chl,2057,86.01,Chile,South America
chl,2058,86.13,Chile,South America
chl,2059,86.24,Chile,South America
chl,2060,86.36,Chile,South America
chl,2061,86.47,Chile,South America
chl,2062,86.59,Chile,South America
chl,2063,86.7,Chile,South America
chl,2064,86.81,Chile,South America
chl,2065,86.93,Chile,South America
chl,2066,87.04,Chile,South America
chl,2067,87.15,Chile,South America
chl,2068,87.26,Chile,South America
chl,2069,87.37,Chile,South America
chl,2070,87.48,Chile,South America
chl,2071,87.59,Chile,South America
chl,2072,87.7,Chile,South America
chl,2073,87.81,Chile,South America
chl,2074,87.92,Chile,South America
chl,2075,88.03,Chile,South America
chl,2076,88.14,Chile,South America
chl,2077,88.25,Chile,South America
chl,2078,88.36,Chile,South America
chl,2079,88.47,Chile,South America
chl,2080,88.58,Chile,South America
chl,2081,88.69,Chile,South America
chl,2082,88.8,Chile,South America
chl,2083,88.91,Chile,South America
chl,2084,89.01,Chile,South America
chl,2085,89.12,Chile,South America
chl,2086,89.23,Chile,South America
chl,2087,89.34,Chile,South America
chl,2088,89.44,Chile,South America
chl,2089,89.55,Chile,South America
chl,2090,89.66,Chile,South America
chl,2091,89.77,Chile,South America
chl,2092,89.87,Chile,South America
chl,2093,89.98,Chile,South America
chl,2094,90.09,Chile,South America
chl,2095,90.19,Chile,South America
chl,2096,90.3,Chile,South America
chl,2097,90.41,Chile,South America
chl,2098,90.52,Chile,South America
chl,2099,90.62,Chile,South America
chl,2100,90.73,Chile,South America
chn,1800,32,China,Asia
chn,1801,32,China,Asia
chn,1802,32,China,Asia
chn,1803,32,China,Asia
chn,1804,32,China,Asia
chn,1805,32,China,Asia
chn,1806,32,China,Asia
chn,1807,32,China,Asia
chn,1808,32,China,Asia
chn,1809,32,China,Asia
chn,1810,32,China,Asia
chn,1811,32,China,Asia
chn,1812,32,China,Asia
chn,1813,32,China,Asia
chn,1814,32,China,Asia
chn,1815,32,China,Asia
chn,1816,32,China,Asia
chn,1817,32,China,Asia
chn,1818,32,China,Asia
chn,1819,32,China,Asia
chn,1820,32,China,Asia
chn,1821,32,China,Asia
chn,1822,32,China,Asia
chn,1823,32,China,Asia
chn,1824,32,China,Asia
chn,1825,32,China,Asia
chn,1826,32,China,Asia
chn,1827,32,China,Asia
chn,1828,32,China,Asia
chn,1829,32,China,Asia
chn,1830,32,China,Asia
chn,1831,32,China,Asia
chn,1832,32,China,Asia
chn,1833,32,China,Asia
chn,1834,32,China,Asia
chn,1835,32,China,Asia
chn,1836,32,China,Asia
chn,1837,32,China,Asia
chn,1838,32,China,Asia
chn,1839,32,China,Asia
chn,1840,32,China,Asia
chn,1841,32,China,Asia
chn,1842,32,China,Asia
chn,1843,32,China,Asia
chn,1844,32,China,Asia
chn,1845,32,China,Asia
chn,1846,32,China,Asia
chn,1847,32,China,Asia
chn,1848,32,China,Asia
chn,1849,32,China,Asia
chn,1850,32,China,Asia
chn,1851,31,China,Asia
chn,1852,30,China,Asia
chn,1853,29,China,Asia
chn,1854,28,China,Asia
chn,1855,27,China,Asia
chn,1856,26,China,Asia
chn,1857,26.71,China,Asia
chn,1858,27.43,China,Asia
chn,1859,28.14,China,Asia
chn,1860,28.85,China,Asia
chn,1861,29.56,China,Asia
chn,1862,30.28,China,Asia
chn,1863,30.99,China,Asia
chn,1864,31.7,China,Asia
chn,1865,31.74,China,Asia
chn,1866,31.79,China,Asia
chn,1867,31.83,China,Asia
chn,1868,31.87,China,Asia
chn,1869,31.91,China,Asia
chn,1870,31.96,China,Asia
chn,1871,32,China,Asia
chn,1872,32,China,Asia
chn,1873,32,China,Asia
chn,1874,32,China,Asia
chn,1875,32,China,Asia
chn,1876,29.5,China,Asia
chn,1877,27.5,China,Asia
chn,1878,25.2,China,Asia
chn,1879,28.5,China,Asia
chn,1880,32,China,Asia
chn,1881,32,China,Asia
chn,1882,32,China,Asia
chn,1883,32,China,Asia
chn,1884,32,China,Asia
chn,1885,32,China,Asia
chn,1886,32,China,Asia
chn,1887,32,China,Asia
chn,1888,32,China,Asia
chn,1889,32,China,Asia
chn,1890,32,China,Asia
chn,1891,32,China,Asia
chn,1892,32,China,Asia
chn,1893,32,China,Asia
chn,1894,32,China,Asia
chn,1895,32,China,Asia
chn,1896,32,China,Asia
chn,1897,32,China,Asia
chn,1898,32,China,Asia
chn,1899,32,China,Asia
chn,1900,32,China,Asia
chn,1901,32,China,Asia
chn,1902,32,China,Asia
chn,1903,32,China,Asia
chn,1904,32,China,Asia
chn,1905,32,China,Asia
chn,1906,32,China,Asia
chn,1907,32,China,Asia
chn,1908,32,China,Asia
chn,1909,32,China,Asia
chn,1910,32,China,Asia
chn,1911,32,China,Asia
chn,1912,32,China,Asia
chn,1913,32,China,Asia
chn,1914,32,China,Asia
chn,1915,32,China,Asia
chn,1916,32,China,Asia
chn,1917,32,China,Asia
chn,1918,22.41,China,Asia
chn,1919,32,China,Asia
chn,1920,32,China,Asia
chn,1921,32,China,Asia
chn,1922,32,China,Asia
chn,1923,32,China,Asia
chn,1924,32,China,Asia
chn,1925,32,China,Asia
chn,1926,32.36,China,Asia
chn,1927,25.65,China,Asia
chn,1928,33.08,China,Asia
chn,1929,29.85,China,Asia
chn,1930,33.8,China,Asia
chn,1931,34.2,China,Asia
chn,1932,34.6,China,Asia
chn,1933,35,China,Asia
chn,1934,35.4,China,Asia
chn,1935,35.8,China,Asia
chn,1936,36.2,China,Asia
chn,1937,34,China,Asia
chn,1938,33.86,China,Asia
chn,1939,34.11,China,Asia
chn,1940,34.36,China,Asia
chn,1941,34,China,Asia
chn,1942,32,China,Asia
chn,1943,29,China,Asia
chn,1944,35,China,Asia
chn,1945,37,China,Asia
chn,1946,38.5,China,Asia
chn,1947,39.6,China,Asia
chn,1948,40.1,China,Asia
chn,1949,40.6,China,Asia
chn,1950,41.59,China,Asia
chn,1951,42.58,China,Asia
chn,1952,43.57,China,Asia
chn,1953,44.56,China,Asia
chn,1954,46.47,China,Asia
chn,1955,48.02,China,Asia
chn,1956,51.24,China,Asia
chn,1957,52.31,China,Asia
chn,1958,49.42,China,Asia
chn,1959,40.49,China,Asia
chn,1960,27.79,China,Asia
chn,1961,40.83,China,Asia
chn,1962,53.45,China,Asia
chn,1963,57.41,China,Asia
chn,1964,57.91,China,Asia
chn,1965,58.47,China,Asia
chn,1966,59.01,China,Asia
chn,1967,59.48,China,Asia
chn,1968,59.91,China,Asia
chn,1969,60.37,China,Asia
chn,1970,60.88,China,Asia
chn,1971,61.44,China,Asia
chn,1972,61.91,China,Asia
chn,1973,62.35,China,Asia
chn,1974,62.54,China,Asia
chn,1975,62.81,China,Asia
chn,1976,62.6,China,Asia
chn,1977,63.47,China,Asia
chn,1978,63.83,China,Asia
chn,1979,64.03,China,Asia
chn,1980,64.41,China,Asia
chn,1981,64.73,China,Asia
chn,1982,65.27,China,Asia
chn,1983,65.7,China,Asia
chn,1984,66.14,China,Asia
chn,1985,66.59,China,Asia
chn,1986,67.09,China,Asia
chn,1987,67.27,China,Asia
chn,1988,67.53,China,Asia
chn,1989,67.68,China,Asia
chn,1990,68.09,China,Asia
chn,1991,68.36,China,Asia
chn,1992,68.7,China,Asia
chn,1993,69.04,China,Asia
chn,1994,69.39,China,Asia
chn,1995,69.75,China,Asia
chn,1996,70.11,China,Asia
chn,1997,70.55,China,Asia
chn,1998,70.9,China,Asia
chn,1999,71.16,China,Asia
chn,2000,71.33,China,Asia
chn,2001,71.69,China,Asia
chn,2002,72.02,China,Asia
chn,2003,72.33,China,Asia
chn,2004,72.54,China,Asia
chn,2005,72.98,China,Asia
chn,2006,73.67,China,Asia
chn,2007,74.19,China,Asia
chn,2008,74.31,China,Asia
chn,2009,74.7,China,Asia
chn,2010,74.92,China,Asia
chn,2011,75.29,China,Asia
chn,2012,75.73,China,Asia
chn,2013,76.11,China,Asia
chn,2014,76.44,China,Asia
chn,2015,76.77,China,Asia
chn,2016,76.98,China,Asia
chn,2017,77.23,China,Asia
chn,2018,77.44,China,Asia
chn,2019,77.59,China,Asia
chn,2020,77.67,China,Asia
chn,2021,77.95,China,Asia
chn,2022,78.11,China,Asia
chn,2023,78.26,China,Asia
chn,2024,78.42,China,Asia
chn,2025,78.59,China,Asia
chn,2026,78.75,China,Asia
chn,2027,78.92,China,Asia
chn,2028,79.09,China,Asia
chn,2029,79.26,China,Asia
chn,2030,79.42,China,Asia
chn,2031,79.59,China,Asia
chn,2032,79.75,China,Asia
chn,2033,79.91,China,Asia
chn,2034,80.08,China,Asia
chn,2035,80.24,China,Asia
chn,2036,80.4,China,Asia
chn,2037,80.56,China,Asia
chn,2038,80.73,China,Asia
chn,2039,80.89,China,Asia
chn,2040,81.05,China,Asia
chn,2041,81.21,China,Asia
chn,2042,81.37,China,Asia
chn,2043,81.53,China,Asia
chn,2044,81.69,China,Asia
chn,2045,81.85,China,Asia
chn,2046,82,China,Asia
chn,2047,82.16,China,Asia
chn,2048,82.32,China,Asia
chn,2049,82.47,China,Asia
chn,2050,82.63,China,Asia
chn,2051,82.78,China,Asia
chn,2052,82.93,China,Asia
chn,2053,83.08,China,Asia
chn,2054,83.23,China,Asia
chn,2055,83.39,China,Asia
chn,2056,83.53,China,Asia
chn,2057,83.68,China,Asia
chn,2058,83.83,China,Asia
chn,2059,83.97,China,Asia
chn,2060,84.12,China,Asia
chn,2061,84.26,China,Asia
chn,2062,84.4,China,Asia
chn,2063,84.53,China,Asia
chn,2064,84.67,China,Asia
chn,2065,84.8,China,Asia
chn,2066,84.92,China,Asia
chn,2067,85.05,China,Asia
chn,2068,85.18,China,Asia
chn,2069,85.3,China,Asia
chn,2070,85.42,China,Asia
chn,2071,85.54,China,Asia
chn,2072,85.66,China,Asia
chn,2073,85.77,China,Asia
chn,2074,85.89,China,Asia
chn,2075,86,China,Asia
chn,2076,86.11,China,Asia
chn,2077,86.22,China,Asia
chn,2078,86.33,China,Asia
chn,2079,86.44,China,Asia
chn,2080,86.54,China,Asia
chn,2081,86.65,China,Asia
chn,2082,86.75,China,Asia
chn,2083,86.85,China,Asia
chn,2084,86.96,China,Asia
chn,2085,87.06,China,Asia
chn,2086,87.17,China,Asia
chn,2087,87.27,China,Asia
chn,2088,87.38,China,Asia
chn,2089,87.48,China,Asia
chn,2090,87.59,China,Asia
chn,2091,87.69,China,Asia
chn,2092,87.8,China,Asia
chn,2093,87.9,China,Asia
chn,2094,88.01,China,Asia
chn,2095,88.12,China,Asia
chn,2096,88.22,China,Asia
chn,2097,88.33,China,Asia
chn,2098,88.44,China,Asia
chn,2099,88.54,China,Asia
chn,2100,88.65,China,Asia
col,1800,32,Colombia,South America
col,1801,32,Colombia,South America
col,1802,32,Colombia,South America
col,1803,32,Colombia,South America
col,1804,32,Colombia,South America
col,1805,32,Colombia,South America
col,1806,32,Colombia,South America
col,1807,32,Colombia,South America
col,1808,32,Colombia,South America
col,1809,32,Colombia,South America
col,1810,32,Colombia,South America
col,1811,32,Colombia,South America
col,1812,32,Colombia,South America
col,1813,32,Colombia,South America
col,1814,32,Colombia,South America
col,1815,32,Colombia,South America
col,1816,32,Colombia,South America
col,1817,32,Colombia,South America
col,1818,32,Colombia,South America
col,1819,32,Colombia,South America
col,1820,32,Colombia,South America
col,1821,32,Colombia,South America
col,1822,32,Colombia,South America
col,1823,32,Colombia,South America
col,1824,32,Colombia,South America
col,1825,32,Colombia,South America
col,1826,32,Colombia,South America
col,1827,32,Colombia,South America
col,1828,32,Colombia,South America
col,1829,32,Colombia,South America
col,1830,32,Colombia,South America
col,1831,32,Colombia,South America
col,1832,32,Colombia,South America
col,1833,32,Colombia,South America
col,1834,32,Colombia,South America
col,1835,32,Colombia,South America
col,1836,32,Colombia,South America
col,1837,32,Colombia,South America
col,1838,32,Colombia,South America
col,1839,32,Colombia,South America
col,1840,32,Colombia,South America
col,1841,32,Colombia,South America
col,1842,32,Colombia,South America
col,1843,32,Colombia,South America
col,1844,32,Colombia,South America
col,1845,32,Colombia,South America
col,1846,32,Colombia,South America
col,1847,32,Colombia,South America
col,1848,32,Colombia,South America
col,1849,32,Colombia,South America
col,1850,32,Colombia,South America
col,1851,32,Colombia,South America
col,1852,32,Colombia,South America
col,1853,32,Colombia,South America
col,1854,32,Colombia,South America
col,1855,32,Colombia,South America
col,1856,32,Colombia,South America
col,1857,32,Colombia,South America
col,1858,32,Colombia,South America
col,1859,32,Colombia,South America
col,1860,32,Colombia,South America
col,1861,32,Colombia,South America
col,1862,32,Colombia,South America
col,1863,32,Colombia,South America
col,1864,32,Colombia,South America
col,1865,32,Colombia,South America
col,1866,32,Colombia,South America
col,1867,32,Colombia,South America
col,1868,32,Colombia,South America
col,1869,32,Colombia,South America
col,1870,32,Colombia,South America
col,1871,32.05,Colombia,South America
col,1872,32.09,Colombia,South America
col,1873,32.14,Colombia,South America
col,1874,32.19,Colombia,South America
col,1875,32.24,Colombia,South America
col,1876,32.28,Colombia,South America
col,1877,32.33,Colombia,South America
col,1878,32.38,Colombia,South America
col,1879,32.42,Colombia,South America
col,1880,32.47,Colombia,South America
col,1881,32.52,Colombia,South America
col,1882,32.57,Colombia,South America
col,1883,32.61,Colombia,South America
col,1884,32.66,Colombia,South America
col,1885,32.71,Colombia,South America
col,1886,32.75,Colombia,South America
col,1887,32.8,Colombia,South America
col,1888,32.85,Colombia,South America
col,1889,32.9,Colombia,South America
col,1890,32.94,Colombia,South America
col,1891,32.99,Colombia,South America
col,1892,33.04,Colombia,South America
col,1893,33.08,Colombia,South America
col,1894,33.13,Colombia,South America
col,1895,33.18,Colombia,South America
col,1896,33.23,Colombia,South America
col,1897,33.27,Colombia,South America
col,1898,33.32,Colombia,South America
col,1899,33.37,Colombia,South America
col,1900,33.41,Colombia,South America
col,1901,33.46,Colombia,South America
col,1902,33.51,Colombia,South America
col,1903,33.56,Colombia,South America
col,1904,33.6,Colombia,South America
col,1905,33.65,Colombia,South America
col,1906,33.7,Colombia,South America
col,1907,33.74,Colombia,South America
col,1908,33.79,Colombia,South America
col,1909,33.84,Colombia,South America
col,1910,33.89,Colombia,South America
col,1911,33.93,Colombia,South America
col,1912,33.98,Colombia,South America
col,1913,34.03,Colombia,South America
col,1914,34.07,Colombia,South America
col,1915,34.12,Colombia,South America
col,1916,34.17,Colombia,South America
col,1917,34.22,Colombia,South America
col,1918,30.28,Colombia,South America
col,1919,34.31,Colombia,South America
col,1920,34.36,Colombia,South America
col,1921,34.4,Colombia,South America
col,1922,34.45,Colombia,South America
col,1923,34.5,Colombia,South America
col,1924,34.55,Colombia,South America
col,1925,34.59,Colombia,South America
col,1926,34.64,Colombia,South America
col,1927,34.69,Colombia,South America
col,1928,34.73,Colombia,South America
col,1929,34.78,Colombia,South America
col,1930,34.83,Colombia,South America
col,1931,35.5,Colombia,South America
col,1932,36.18,Colombia,South America
col,1933,36.86,Colombia,South America
col,1934,37.53,Colombia,South America
col,1935,38.22,Colombia,South America
col,1936,38.9,Colombia,South America
col,1937,39.58,Colombia,South America
col,1938,40.27,Colombia,South America
col,1939,41.29,Colombia,South America
col,1940,42.31,Colombia,South America
col,1941,43.33,Colombia,South America
col,1942,44.36,Colombia,South America
col,1943,45.39,Colombia,South America
col,1944,46.42,Colombia,South America
col,1945,47.69,Colombia,South America
col,1946,48.96,Colombia,South America
col,1947,50.24,Colombia,South America
col,1948,51.52,Colombia,South America
col,1949,52.8,Colombia,South America
col,1950,54.09,Colombia,South America
col,1951,54.62,Colombia,South America
col,1952,55.92,Colombia,South America
col,1953,56.41,Colombia,South America
col,1954,57.51,Colombia,South America
col,1955,57.49,Colombia,South America
col,1956,57.24,Colombia,South America
col,1957,57.94,Colombia,South America
col,1958,58.45,Colombia,South America
col,1959,58.77,Colombia,South America
col,1960,59.26,Colombia,South America
col,1961,59.54,Colombia,South America
col,1962,60.15,Colombia,South America
col,1963,60.89,Colombia,South America
col,1964,61.45,Colombia,South America
col,1965,61.58,Colombia,South America
col,1966,62.11,Colombia,South America
col,1967,62.38,Colombia,South America
col,1968,63.13,Colombia,South America
col,1969,64.4,Colombia,South America
col,1970,65.93,Colombia,South America
col,1971,65.86,Colombia,South America
col,1972,65.14,Colombia,South America
col,1973,64.93,Colombia,South America
col,1974,65.29,Colombia,South America
col,1975,66.27,Colombia,South America
col,1976,66.76,Colombia,South America
col,1977,67.79,Colombia,South America
col,1978,68.15,Colombia,South America
col,1979,68.45,Colombia,South America
col,1980,68.92,Colombia,South America
col,1981,69.18,Colombia,South America
col,1982,69.61,Colombia,South America
col,1983,69.77,Colombia,South America
col,1984,70.24,Colombia,South America
col,1985,67.21,Colombia,South America
col,1986,70.22,Colombia,South America
col,1987,70.22,Colombia,South America
col,1988,70.61,Colombia,South America
col,1989,70.85,Colombia,South America
col,1990,71.45,Colombia,South America
col,1991,70.99,Colombia,South America
col,1992,71.13,Colombia,South America
col,1993,71.68,Colombia,South America
col,1994,72.06,Colombia,South America
col,1995,72.55,Colombia,South America
col,1996,72.76,Colombia,South America
col,1997,73.55,Colombia,South America
col,1998,74.03,Colombia,South America
col,1999,74.09,Colombia,South America
col,2000,74.23,Colombia,South America
col,2001,74.37,Colombia,South America
col,2002,73.37,Colombia,South America
col,2003,75.15,Colombia,South America
col,2004,75.62,Colombia,South America
col,2005,76.52,Colombia,South America
col,2006,76.72,Colombia,South America
col,2007,77.33,Colombia,South America
col,2008,77.57,Colombia,South America
col,2009,77.5,Colombia,South America
col,2010,77.89,Colombia,South America
col,2011,78.65,Colombia,South America
col,2012,78.98,Colombia,South America
col,2013,79.31,Colombia,South America
col,2014,79.67,Colombia,South America
col,2015,79.69,Colombia,South America
col,2016,79.85,Colombia,South America
col,2017,79.97,Colombia,South America
col,2018,80.08,Colombia,South America
col,2019,80.19,Colombia,South America
col,2020,77.79,Colombia,South America
col,2021,80.55,Colombia,South America
col,2022,80.72,Colombia,South America
col,2023,80.89,Colombia,South America
col,2024,81.07,Colombia,South America
col,2025,81.24,Colombia,South America
col,2026,81.42,Colombia,South America
col,2027,81.59,Colombia,South America
col,2028,81.77,Colombia,South America
col,2029,81.94,Colombia,South America
col,2030,82.11,Colombia,South America
col,2031,82.29,Colombia,South America
col,2032,82.46,Colombia,South America
col,2033,82.63,Colombia,South America
col,2034,82.8,Colombia,South America
col,2035,82.97,Colombia,South America
col,2036,83.14,Colombia,South America
col,2037,83.31,Colombia,South America
col,2038,83.48,Colombia,South America
col,2039,83.65,Colombia,South America
col,2040,83.82,Colombia,South America
col,2041,83.99,Colombia,South America
col,2042,84.16,Colombia,South America
col,2043,84.32,Colombia,South America
col,2044,84.49,Colombia,South America
col,2045,84.65,Colombia,South America
col,2046,84.82,Colombia,South America
col,2047,84.99,Colombia,South America
col,2048,85.15,Colombia,South America
col,2049,85.31,Colombia,South America
col,2050,85.48,Colombia,South America
col,2051,85.64,Colombia,South America
col,2052,85.8,Colombia,South America
col,2053,85.96,Colombia,South America
col,2054,86.11,Colombia,South America
col,2055,86.26,Colombia,South America
col,2056,86.41,Colombia,South America
col,2057,86.56,Colombia,South America
col,2058,86.71,Colombia,South America
col,2059,86.85,Colombia,South America
col,2060,86.99,Colombia,South America
col,2061,87.12,Colombia,South America
col,2062,87.26,Colombia,South America
col,2063,87.39,Colombia,South America
col,2064,87.52,Colombia,South America
col,2065,87.65,Colombia,South America
col,2066,87.78,Colombia,South America
col,2067,87.9,Colombia,South America
col,2068,88.03,Colombia,South America
col,2069,88.15,Colombia,South America
col,2070,88.27,Colombia,South America
col,2071,88.39,Colombia,South America
col,2072,88.51,Colombia,South America
col,2073,88.63,Colombia,South America
col,2074,88.75,Colombia,South America
col,2075,88.86,Colombia,South America
col,2076,88.98,Colombia,South America
col,2077,89.09,Colombia,South America
col,2078,89.21,Colombia,South America
col,2079,89.32,Colombia,South America
col,2080,89.43,Colombia,South America
col,2081,89.54,Colombia,South America
col,2082,89.65,Colombia,South America
col,2083,89.77,Colombia,South America
col,2084,89.88,Colombia,South America
col,2085,89.99,Colombia,South America
col,2086,90.1,Colombia,South America
col,2087,90.21,Colombia,South America
col,2088,90.33,Colombia,South America
col,2089,90.44,Colombia,South America
col,2090,90.55,Colombia,South America
col,2091,90.66,Colombia,South America
col,2092,90.77,Colombia,South America
col,2093,90.88,Colombia,South America
col,2094,91,Colombia,South America
col,2095,91.11,Colombia,South America
col,2096,91.22,Colombia,South America
col,2097,91.32,Colombia,South America
col,2098,91.43,Colombia,South America
col,2099,91.54,Colombia,South America
col,2100,91.65,Colombia,South America
com,1800,32.1,Comoros,Africa
com,1801,32.1,Comoros,Africa
com,1802,32.1,Comoros,Africa
com,1803,32.1,Comoros,Africa
com,1804,32.1,Comoros,Africa
com,1805,32.1,Comoros,Africa
com,1806,32.1,Comoros,Africa
com,1807,32.1,Comoros,Africa
com,1808,32.1,Comoros,Africa
com,1809,32.1,Comoros,Africa
com,1810,32.1,Comoros,Africa
com,1811,32.1,Comoros,Africa
com,1812,32.1,Comoros,Africa
com,1813,32.1,Comoros,Africa
com,1814,32.1,Comoros,Africa
com,1815,32.1,Comoros,Africa
com,1816,32.1,Comoros,Africa
com,1817,32.1,Comoros,Africa
com,1818,32.1,Comoros,Africa
com,1819,32.1,Comoros,Africa
com,1820,32.1,Comoros,Africa
com,1821,32.1,Comoros,Africa
com,1822,32.1,Comoros,Africa
com,1823,32.1,Comoros,Africa
com,1824,32.1,Comoros,Africa
com,1825,32.1,Comoros,Africa
com,1826,32.1,Comoros,Africa
com,1827,32.1,Comoros,Africa
com,1828,32.1,Comoros,Africa
com,1829,32.1,Comoros,Africa
com,1830,32.1,Comoros,Africa
com,1831,32.1,Comoros,Africa
com,1832,32.1,Comoros,Africa
com,1833,32.1,Comoros,Africa
com,1834,32.1,Comoros,Africa
com,1835,32.1,Comoros,Africa
com,1836,32.1,Comoros,Africa
com,1837,32.1,Comoros,Africa
com,1838,32.1,Comoros,Africa
com,1839,32.1,Comoros,Africa
com,1840,32.1,Comoros,Africa
com,1841,32.1,Comoros,Africa
com,1842,32.1,Comoros,Africa
com,1843,32.1,Comoros,Africa
com,1844,32.1,Comoros,Africa
com,1845,32.1,Comoros,Africa
com,1846,32.1,Comoros,Africa
com,1847,32.1,Comoros,Africa
com,1848,32.1,Comoros,Africa
com,1849,32.1,Comoros,Africa
com,1850,32.1,Comoros,Africa
com,1851,32.1,Comoros,Africa
com,1852,32.1,Comoros,Africa
com,1853,32.1,Comoros,Africa
com,1854,32.1,Comoros,Africa
com,1855,32.1,Comoros,Africa
com,1856,32.1,Comoros,Africa
com,1857,32.1,Comoros,Africa
com,1858,32.1,Comoros,Africa
com,1859,32.1,Comoros,Africa
com,1860,32.1,Comoros,Africa
com,1861,32.1,Comoros,Africa
com,1862,32.1,Comoros,Africa
com,1863,32.1,Comoros,Africa
com,1864,32.1,Comoros,Africa
com,1865,32.1,Comoros,Africa
com,1866,32.1,Comoros,Africa
com,1867,32.1,Comoros,Africa
com,1868,32.1,Comoros,Africa
com,1869,32.1,Comoros,Africa
com,1870,32.1,Comoros,Africa
com,1871,32.15,Comoros,Africa
com,1872,32.19,Comoros,Africa
com,1873,32.24,Comoros,Africa
com,1874,32.29,Comoros,Africa
com,1875,32.33,Comoros,Africa
com,1876,32.38,Comoros,Africa
com,1877,32.42,Comoros,Africa
com,1878,32.47,Comoros,Africa
com,1879,32.52,Comoros,Africa
com,1880,32.56,Comoros,Africa
com,1881,32.61,Comoros,Africa
com,1882,32.66,Comoros,Africa
com,1883,32.7,Comoros,Africa
com,1884,32.75,Comoros,Africa
com,1885,32.8,Comoros,Africa
com,1886,32.84,Comoros,Africa
com,1887,32.89,Comoros,Africa
com,1888,32.93,Comoros,Africa
com,1889,32.98,Comoros,Africa
com,1890,33.03,Comoros,Africa
com,1891,33.07,Comoros,Africa
com,1892,33.12,Comoros,Africa
com,1893,33.17,Comoros,Africa
com,1894,33.21,Comoros,Africa
com,1895,33.26,Comoros,Africa
com,1896,33.31,Comoros,Africa
com,1897,33.35,Comoros,Africa
com,1898,33.4,Comoros,Africa
com,1899,33.45,Comoros,Africa
com,1900,33.49,Comoros,Africa
com,1901,33.54,Comoros,Africa
com,1902,33.58,Comoros,Africa
com,1903,33.63,Comoros,Africa
com,1904,33.68,Comoros,Africa
com,1905,33.72,Comoros,Africa
com,1906,33.77,Comoros,Africa
com,1907,33.82,Comoros,Africa
com,1908,33.86,Comoros,Africa
com,1909,33.91,Comoros,Africa
com,1910,33.96,Comoros,Africa
com,1911,34,Comoros,Africa
com,1912,34.05,Comoros,Africa
com,1913,34.09,Comoros,Africa
com,1914,34.14,Comoros,Africa
com,1915,34.19,Comoros,Africa
com,1916,34.23,Comoros,Africa
com,1917,34.28,Comoros,Africa
com,1918,13.28,Comoros,Africa
com,1919,34.37,Comoros,Africa
com,1920,34.42,Comoros,Africa
com,1921,34.47,Comoros,Africa
com,1922,34.51,Comoros,Africa
com,1923,34.56,Comoros,Africa
com,1924,34.6,Comoros,Africa
com,1925,34.65,Comoros,Africa
com,1926,34.7,Comoros,Africa
com,1927,34.74,Comoros,Africa
com,1928,34.79,Comoros,Africa
com,1929,34.84,Comoros,Africa
com,1930,34.88,Comoros,Africa
com,1931,34.93,Comoros,Africa
com,1932,34.98,Comoros,Africa
com,1933,35.02,Comoros,Africa
com,1934,35.07,Comoros,Africa
com,1935,35.11,Comoros,Africa
com,1936,35.16,Comoros,Africa
com,1937,35.21,Comoros,Africa
com,1938,35.25,Comoros,Africa
com,1939,35.3,Comoros,Africa
com,1940,35.35,Comoros,Africa
com,1941,35.39,Comoros,Africa
com,1942,35.44,Comoros,Africa
com,1943,35.49,Comoros,Africa
com,1944,35.53,Comoros,Africa
com,1945,35.58,Comoros,Africa
com,1946,37.4,Comoros,Africa
com,1947,39.23,Comoros,Africa
com,1948,41.06,Comoros,Africa
com,1949,42.89,Comoros,Africa
com,1950,44.74,Comoros,Africa
com,1951,40.73,Comoros,Africa
com,1952,45.11,Comoros,Africa
com,1953,45.31,Comoros,Africa
com,1954,45.55,Comoros,Africa
com,1955,45.77,Comoros,Africa
com,1956,45.99,Comoros,Africa
com,1957,46.22,Comoros,Africa
com,1958,46.46,Comoros,Africa
com,1959,46.74,Comoros,Africa
com,1960,47.11,Comoros,Africa
com,1961,47.45,Comoros,Africa
com,1962,47.87,Comoros,Africa
com,1963,48.36,Comoros,Africa
com,1964,48.81,Comoros,Africa
com,1965,49.28,Comoros,Africa
com,1966,49.77,Comoros,Africa
com,1967,50.26,Comoros,Africa
com,1968,50.7,Comoros,Africa
com,1969,51.03,Comoros,Africa
com,1970,51.36,Comoros,Africa
com,1971,51.7,Comoros,Africa
com,1972,51.98,Comoros,Africa
com,1973,52.26,Comoros,Africa
com,1974,52.53,Comoros,Africa
com,1975,52.87,Comoros,Africa
com,1976,53.2,Comoros,Africa
com,1977,53.51,Comoros,Africa
com,1978,53.81,Comoros,Africa
com,1979,54.12,Comoros,Africa
com,1980,54.46,Comoros,Africa
com,1981,54.85,Comoros,Africa
com,1982,55.29,Comoros,Africa
com,1983,55.59,Comoros,Africa
com,1984,56.17,Comoros,Africa
com,1985,56.55,Comoros,Africa
com,1986,57.05,Comoros,Africa
com,1987,57.37,Comoros,Africa
com,1988,57.82,Comoros,Africa
com,1989,58.01,Comoros,Africa
com,1990,58.46,Comoros,Africa
com,1991,58.74,Comoros,Africa
com,1992,59.05,Comoros,Africa
com,1993,59.36,Comoros,Africa
com,1994,59.57,Comoros,Africa
com,1995,59.83,Comoros,Africa
com,1996,59.18,Comoros,Africa
com,1997,60.11,Comoros,Africa
com,1998,60.26,Comoros,Africa
com,1999,61.23,Comoros,Africa
com,2000,61.41,Comoros,Africa
com,2001,62.22,Comoros,Africa
com,2002,62.53,Comoros,Africa
com,2003,63.29,Comoros,Africa
com,2004,63.75,Comoros,Africa
com,2005,64.07,Comoros,Africa
com,2006,64.39,Comoros,Africa
com,2007,64.55,Comoros,Africa
com,2008,65.25,Comoros,Africa
com,2009,64.85,Comoros,Africa
com,2010,65.9,Comoros,Africa
com,2011,65.69,Comoros,Africa
com,2012,66.33,Comoros,Africa
com,2013,66.72,Comoros,Africa
com,2014,67.22,Comoros,Africa
com,2015,67.54,Comoros,Africa
com,2016,67.86,Comoros,Africa
com,2017,68.17,Comoros,Africa
com,2018,68.46,Comoros,Africa
com,2019,68.73,Comoros,Africa
com,2020,68.81,Comoros,Africa
com,2021,69.16,Comoros,Africa
com,2022,69.38,Comoros,Africa
com,2023,69.59,Comoros,Africa
com,2024,69.79,Comoros,Africa
com,2025,69.99,Comoros,Africa
com,2026,70.19,Comoros,Africa
com,2027,70.38,Comoros,Africa
com,2028,70.57,Comoros,Africa
com,2029,70.75,Comoros,Africa
com,2030,70.93,Comoros,Africa
com,2031,71.11,Comoros,Africa
com,2032,71.28,Comoros,Africa
com,2033,71.45,Comoros,Africa
com,2034,71.62,Comoros,Africa
com,2035,71.78,Comoros,Africa
com,2036,71.95,Comoros,Africa
com,2037,72.11,Comoros,Africa
com,2038,72.27,Comoros,Africa
com,2039,72.42,Comoros,Africa
com,2040,72.57,Comoros,Africa
com,2041,72.73,Comoros,Africa
com,2042,72.87,Comoros,Africa
com,2043,73.02,Comoros,Africa
com,2044,73.17,Comoros,Africa
com,2045,73.31,Comoros,Africa
com,2046,73.46,Comoros,Africa
com,2047,73.6,Comoros,Africa
com,2048,73.74,Comoros,Africa
com,2049,73.88,Comoros,Africa
com,2050,74.02,Comoros,Africa
com,2051,74.15,Comoros,Africa
com,2052,74.29,Comoros,Africa
com,2053,74.42,Comoros,Africa
com,2054,74.55,Comoros,Africa
com,2055,74.68,Comoros,Africa
com,2056,74.81,Comoros,Africa
com,2057,74.94,Comoros,Africa
com,2058,75.07,Comoros,Africa
com,2059,75.2,Comoros,Africa
com,2060,75.32,Comoros,Africa
com,2061,75.45,Comoros,Africa
com,2062,75.57,Comoros,Africa
com,2063,75.69,Comoros,Africa
com,2064,75.82,Comoros,Africa
com,2065,75.94,Comoros,Africa
com,2066,76.06,Comoros,Africa
com,2067,76.18,Comoros,Africa
com,2068,76.3,Comoros,Africa
com,2069,76.42,Comoros,Africa
com,2070,76.55,Comoros,Africa
com,2071,76.67,Comoros,Africa
com,2072,76.79,Comoros,Africa
com,2073,76.92,Comoros,Africa
com,2074,77.04,Comoros,Africa
com,2075,77.16,Comoros,Africa
com,2076,77.28,Comoros,Africa
com,2077,77.4,Comoros,Africa
com,2078,77.52,Comoros,Africa
com,2079,77.65,Comoros,Africa
com,2080,77.77,Comoros,Africa
com,2081,77.89,Comoros,Africa
com,2082,78.01,Comoros,Africa
com,2083,78.13,Comoros,Africa
com,2084,78.26,Comoros,Africa
com,2085,78.38,Comoros,Africa
com,2086,78.5,Comoros,Africa
com,2087,78.63,Comoros,Africa
com,2088,78.75,Comoros,Africa
com,2089,78.88,Comoros,Africa
com,2090,79.01,Comoros,Africa
com,2091,79.14,Comoros,Africa
com,2092,79.26,Comoros,Africa
com,2093,79.39,Comoros,Africa
com,2094,79.52,Comoros,Africa
com,2095,79.64,Comoros,Africa
com,2096,79.77,Comoros,Africa
com,2097,79.89,Comoros,Africa
com,2098,80.01,Comoros,Africa
com,2099,80.14,Comoros,Africa
com,2100,80.26,Comoros,Africa
cod,1800,31.6,"Congo, Dem. Rep.",Africa
cod,1801,31.6,"Congo, Dem. Rep.",Africa
cod,1802,31.6,"Congo, Dem. Rep.",Africa
cod,1803,31.6,"Congo, Dem. Rep.",Africa
cod,1804,31.6,"Congo, Dem. Rep.",Africa
cod,1805,31.6,"Congo, Dem. Rep.",Africa
cod,1806,31.6,"Congo, Dem. Rep.",Africa
cod,1807,31.6,"Congo, Dem. Rep.",Africa
cod,1808,31.6,"Congo, Dem. Rep.",Africa
cod,1809,31.6,"Congo, Dem. Rep.",Africa
cod,1810,31.6,"Congo, Dem. Rep.",Africa
cod,1811,31.6,"Congo, Dem. Rep.",Africa
cod,1812,31.6,"Congo, Dem. Rep.",Africa
cod,1813,31.6,"Congo, Dem. Rep.",Africa
cod,1814,31.6,"Congo, Dem. Rep.",Africa
cod,1815,31.6,"Congo, Dem. Rep.",Africa
cod,1816,31.6,"Congo, Dem. Rep.",Africa
cod,1817,31.6,"Congo, Dem. Rep.",Africa
cod,1818,31.6,"Congo, Dem. Rep.",Africa
cod,1819,31.6,"Congo, Dem. Rep.",Africa
cod,1820,31.6,"Congo, Dem. Rep.",Africa
cod,1821,31.6,"Congo, Dem. Rep.",Africa
cod,1822,31.6,"Congo, Dem. Rep.",Africa
cod,1823,31.6,"Congo, Dem. Rep.",Africa
cod,1824,31.6,"Congo, Dem. Rep.",Africa
cod,1825,31.6,"Congo, Dem. Rep.",Africa
cod,1826,31.6,"Congo, Dem. Rep.",Africa
cod,1827,31.6,"Congo, Dem. Rep.",Africa
cod,1828,31.6,"Congo, Dem. Rep.",Africa
cod,1829,31.6,"Congo, Dem. Rep.",Africa
cod,1830,31.6,"Congo, Dem. Rep.",Africa
cod,1831,31.6,"Congo, Dem. Rep.",Africa
cod,1832,31.6,"Congo, Dem. Rep.",Africa
cod,1833,31.6,"Congo, Dem. Rep.",Africa
cod,1834,31.6,"Congo, Dem. Rep.",Africa
cod,1835,31.6,"Congo, Dem. Rep.",Africa
cod,1836,31.6,"Congo, Dem. Rep.",Africa
cod,1837,31.6,"Congo, Dem. Rep.",Africa
cod,1838,31.6,"Congo, Dem. Rep.",Africa
cod,1839,31.6,"Congo, Dem. Rep.",Africa
cod,1840,31.6,"Congo, Dem. Rep.",Africa
cod,1841,31.6,"Congo, Dem. Rep.",Africa
cod,1842,31.6,"Congo, Dem. Rep.",Africa
cod,1843,31.6,"Congo, Dem. Rep.",Africa
cod,1844,31.6,"Congo, Dem. Rep.",Africa
cod,1845,31.6,"Congo, Dem. Rep.",Africa
cod,1846,31.6,"Congo, Dem. Rep.",Africa
cod,1847,31.6,"Congo, Dem. Rep.",Africa
cod,1848,31.6,"Congo, Dem. Rep.",Africa
cod,1849,31.6,"Congo, Dem. Rep.",Africa
cod,1850,31.6,"Congo, Dem. Rep.",Africa
cod,1851,31.6,"Congo, Dem. Rep.",Africa
cod,1852,31.6,"Congo, Dem. Rep.",Africa
cod,1853,31.6,"Congo, Dem. Rep.",Africa
cod,1854,31.6,"Congo, Dem. Rep.",Africa
cod,1855,31.6,"Congo, Dem. Rep.",Africa
cod,1856,31.6,"Congo, Dem. Rep.",Africa
cod,1857,31.6,"Congo, Dem. Rep.",Africa
cod,1858,31.6,"Congo, Dem. Rep.",Africa
cod,1859,31.6,"Congo, Dem. Rep.",Africa
cod,1860,31.6,"Congo, Dem. Rep.",Africa
cod,1861,31.6,"Congo, Dem. Rep.",Africa
cod,1862,31.6,"Congo, Dem. Rep.",Africa
cod,1863,31.6,"Congo, Dem. Rep.",Africa
cod,1864,31.6,"Congo, Dem. Rep.",Africa
cod,1865,31.6,"Congo, Dem. Rep.",Africa
cod,1866,31.6,"Congo, Dem. Rep.",Africa
cod,1867,31.6,"Congo, Dem. Rep.",Africa
cod,1868,31.6,"Congo, Dem. Rep.",Africa
cod,1869,31.6,"Congo, Dem. Rep.",Africa
cod,1870,31.6,"Congo, Dem. Rep.",Africa
cod,1871,31.67,"Congo, Dem. Rep.",Africa
cod,1872,31.74,"Congo, Dem. Rep.",Africa
cod,1873,31.82,"Congo, Dem. Rep.",Africa
cod,1874,31.89,"Congo, Dem. Rep.",Africa
cod,1875,31.96,"Congo, Dem. Rep.",Africa
cod,1876,32.03,"Congo, Dem. Rep.",Africa
cod,1877,32.1,"Congo, Dem. Rep.",Africa
cod,1878,32.18,"Congo, Dem. Rep.",Africa
cod,1879,32.25,"Congo, Dem. Rep.",Africa
cod,1880,32.32,"Congo, Dem. Rep.",Africa
cod,1881,32.39,"Congo, Dem. Rep.",Africa
cod,1882,32.46,"Congo, Dem. Rep.",Africa
cod,1883,32.54,"Congo, Dem. Rep.",Africa
cod,1884,32.61,"Congo, Dem. Rep.",Africa
cod,1885,32.68,"Congo, Dem. Rep.",Africa
cod,1886,32.75,"Congo, Dem. Rep.",Africa
cod,1887,32.83,"Congo, Dem. Rep.",Africa
cod,1888,32.9,"Congo, Dem. Rep.",Africa
cod,1889,32.97,"Congo, Dem. Rep.",Africa
cod,1890,33.04,"Congo, Dem. Rep.",Africa
cod,1891,33.11,"Congo, Dem. Rep.",Africa
cod,1892,33.19,"Congo, Dem. Rep.",Africa
cod,1893,33.26,"Congo, Dem. Rep.",Africa
cod,1894,33.33,"Congo, Dem. Rep.",Africa
cod,1895,33.4,"Congo, Dem. Rep.",Africa
cod,1896,33.47,"Congo, Dem. Rep.",Africa
cod,1897,33.55,"Congo, Dem. Rep.",Africa
cod,1898,33.62,"Congo, Dem. Rep.",Africa
cod,1899,33.69,"Congo, Dem. Rep.",Africa
cod,1900,33.76,"Congo, Dem. Rep.",Africa
cod,1901,33.83,"Congo, Dem. Rep.",Africa
cod,1902,33.91,"Congo, Dem. Rep.",Africa
cod,1903,33.98,"Congo, Dem. Rep.",Africa
cod,1904,34.05,"Congo, Dem. Rep.",Africa
cod,1905,34.12,"Congo, Dem. Rep.",Africa
cod,1906,34.19,"Congo, Dem. Rep.",Africa
cod,1907,34.27,"Congo, Dem. Rep.",Africa
cod,1908,34.34,"Congo, Dem. Rep.",Africa
cod,1909,34.41,"Congo, Dem. Rep.",Africa
cod,1910,34.48,"Congo, Dem. Rep.",Africa
cod,1911,34.56,"Congo, Dem. Rep.",Africa
cod,1912,34.63,"Congo, Dem. Rep.",Africa
cod,1913,34.7,"Congo, Dem. Rep.",Africa
cod,1914,34.77,"Congo, Dem. Rep.",Africa
cod,1915,34.84,"Congo, Dem. Rep.",Africa
cod,1916,34.92,"Congo, Dem. Rep.",Africa
cod,1917,34.99,"Congo, Dem. Rep.",Africa
cod,1918,10.04,"Congo, Dem. Rep.",Africa
cod,1919,35.13,"Congo, Dem. Rep.",Africa
cod,1920,35.2,"Congo, Dem. Rep.",Africa
cod,1921,35.28,"Congo, Dem. Rep.",Africa
cod,1922,35.35,"Congo, Dem. Rep.",Africa
cod,1923,35.42,"Congo, Dem. Rep.",Africa
cod,1924,35.49,"Congo, Dem. Rep.",Africa
cod,1925,35.56,"Congo, Dem. Rep.",Africa
cod,1926,35.64,"Congo, Dem. Rep.",Africa
cod,1927,35.71,"Congo, Dem. Rep.",Africa
cod,1928,35.78,"Congo, Dem. Rep.",Africa
cod,1929,35.85,"Congo, Dem. Rep.",Africa
cod,1930,35.92,"Congo, Dem. Rep.",Africa
cod,1931,36,"Congo, Dem. Rep.",Africa
cod,1932,36.07,"Congo, Dem. Rep.",Africa
cod,1933,36.14,"Congo, Dem. Rep.",Africa
cod,1934,36.21,"Congo, Dem. Rep.",Africa
cod,1935,36.28,"Congo, Dem. Rep.",Africa
cod,1936,36.36,"Congo, Dem. Rep.",Africa
cod,1937,36.43,"Congo, Dem. Rep.",Africa
cod,1938,36.5,"Congo, Dem. Rep.",Africa
cod,1939,36.57,"Congo, Dem. Rep.",Africa
cod,1940,36.65,"Congo, Dem. Rep.",Africa
cod,1941,37.5,"Congo, Dem. Rep.",Africa
cod,1942,38.36,"Congo, Dem. Rep.",Africa
cod,1943,39.22,"Congo, Dem. Rep.",Africa
cod,1944,40.09,"Congo, Dem. Rep.",Africa
cod,1945,40.95,"Congo, Dem. Rep.",Africa
cod,1946,41.82,"Congo, Dem. Rep.",Africa
cod,1947,42.7,"Congo, Dem. Rep.",Africa
cod,1948,43.58,"Congo, Dem. Rep.",Africa
cod,1949,44.46,"Congo, Dem. Rep.",Africa
cod,1950,45.34,"Congo, Dem. Rep.",Africa
cod,1951,45.65,"Congo, Dem. Rep.",Africa
cod,1952,45.9,"Congo, Dem. Rep.",Africa
cod,1953,46.16,"Congo, Dem. Rep.",Africa
cod,1954,46.36,"Congo, Dem. Rep.",Africa
cod,1955,46.52,"Congo, Dem. Rep.",Africa
cod,1956,46.8,"Congo, Dem. Rep.",Africa
cod,1957,47.04,"Congo, Dem. Rep.",Africa
cod,1958,47.19,"Congo, Dem. Rep.",Africa
cod,1959,47.42,"Congo, Dem. Rep.",Africa
cod,1960,47.55,"Congo, Dem. Rep.",Africa
cod,1961,47.62,"Congo, Dem. Rep.",Africa
cod,1962,47.89,"Congo, Dem. Rep.",Africa
cod,1963,48.18,"Congo, Dem. Rep.",Africa
cod,1964,48.06,"Congo, Dem. Rep.",Africa
cod,1965,48.26,"Congo, Dem. Rep.",Africa
cod,1966,48.77,"Congo, Dem. Rep.",Africa
cod,1967,48.87,"Congo, Dem. Rep.",Africa
cod,1968,49.14,"Congo, Dem. Rep.",Africa
cod,1969,49.41,"Congo, Dem. Rep.",Africa
cod,1970,49.62,"Congo, Dem. Rep.",Africa
cod,1971,49.85,"Congo, Dem. Rep.",Africa
cod,1972,50.03,"Congo, Dem. Rep.",Africa
cod,1973,50.33,"Congo, Dem. Rep.",Africa
cod,1974,50.66,"Congo, Dem. Rep.",Africa
cod,1975,50.87,"Congo, Dem. Rep.",Africa
cod,1976,51.09,"Congo, Dem. Rep.",Africa
cod,1977,51.32,"Congo, Dem. Rep.",Africa
cod,1978,51.52,"Congo, Dem. Rep.",Africa
cod,1979,51.81,"Congo, Dem. Rep.",Africa
cod,1980,52.13,"Congo, Dem. Rep.",Africa
cod,1981,52.38,"Congo, Dem. Rep.",Africa
cod,1982,52.66,"Congo, Dem. Rep.",Africa
cod,1983,52.96,"Congo, Dem. Rep.",Africa
cod,1984,53.36,"Congo, Dem. Rep.",Africa
cod,1985,53.67,"Congo, Dem. Rep.",Africa
cod,1986,53.88,"Congo, Dem. Rep.",Africa
cod,1987,54,"Congo, Dem. Rep.",Africa
cod,1988,54.18,"Congo, Dem. Rep.",Africa
cod,1989,54.28,"Congo, Dem. Rep.",Africa
cod,1990,54.27,"Congo, Dem. Rep.",Africa
cod,1991,54.17,"Congo, Dem. Rep.",Africa
cod,1992,54.13,"Congo, Dem. Rep.",Africa
cod,1993,53.89,"Congo, Dem. Rep.",Africa
cod,1994,53.69,"Congo, Dem. Rep.",Africa
cod,1995,53.64,"Congo, Dem. Rep.",Africa
cod,1996,51.99,"Congo, Dem. Rep.",Africa
cod,1997,53.06,"Congo, Dem. Rep.",Africa
cod,1998,53.31,"Congo, Dem. Rep.",Africa
cod,1999,53.54,"Congo, Dem. Rep.",Africa
cod,2000,53.93,"Congo, Dem. Rep.",Africa
cod,2001,54.23,"Congo, Dem. Rep.",Africa
cod,2002,54.36,"Congo, Dem. Rep.",Africa
cod,2003,54.79,"Congo, Dem. Rep.",Africa
cod,2004,55.47,"Congo, Dem. Rep.",Africa
cod,2005,56.14,"Congo, Dem. Rep.",Africa
cod,2006,56.66,"Congo, Dem. Rep.",Africa
cod,2007,57.12,"Congo, Dem. Rep.",Africa
cod,2008,57.46,"Congo, Dem. Rep.",Africa
cod,2009,57.95,"Congo, Dem. Rep.",Africa
cod,2010,58.78,"Congo, Dem. Rep.",Africa
cod,2011,59.41,"Congo, Dem. Rep.",Africa
cod,2012,60.07,"Congo, Dem. Rep.",Africa
cod,2013,60.91,"Congo, Dem. Rep.",Africa
cod,2014,61.79,"Congo, Dem. Rep.",Africa
cod,2015,62.65,"Congo, Dem. Rep.",Africa
cod,2016,63.34,"Congo, Dem. Rep.",Africa
cod,2017,63.91,"Congo, Dem. Rep.",Africa
cod,2018,64.66,"Congo, Dem. Rep.",Africa
cod,2019,65.05,"Congo, Dem. Rep.",Africa
cod,2020,65.15,"Congo, Dem. Rep.",Africa
cod,2021,65.65,"Congo, Dem. Rep.",Africa
cod,2022,65.93,"Congo, Dem. Rep.",Africa
cod,2023,66.2,"Congo, Dem. Rep.",Africa
cod,2024,66.47,"Congo, Dem. Rep.",Africa
cod,2025,66.75,"Congo, Dem. Rep.",Africa
cod,2026,67.02,"Congo, Dem. Rep.",Africa
cod,2027,67.29,"Congo, Dem. Rep.",Africa
cod,2028,67.56,"Congo, Dem. Rep.",Africa
cod,2029,67.82,"Congo, Dem. Rep.",Africa
cod,2030,68.08,"Congo, Dem. Rep.",Africa
cod,2031,68.33,"Congo, Dem. Rep.",Africa
cod,2032,68.58,"Congo, Dem. Rep.",Africa
cod,2033,68.83,"Congo, Dem. Rep.",Africa
cod,2034,69.06,"Congo, Dem. Rep.",Africa
cod,2035,69.3,"Congo, Dem. Rep.",Africa
cod,2036,69.53,"Congo, Dem. Rep.",Africa
cod,2037,69.75,"Congo, Dem. Rep.",Africa
cod,2038,69.97,"Congo, Dem. Rep.",Africa
cod,2039,70.19,"Congo, Dem. Rep.",Africa
cod,2040,70.4,"Congo, Dem. Rep.",Africa
cod,2041,70.61,"Congo, Dem. Rep.",Africa
cod,2042,70.81,"Congo, Dem. Rep.",Africa
cod,2043,71.02,"Congo, Dem. Rep.",Africa
cod,2044,71.21,"Congo, Dem. Rep.",Africa
cod,2045,71.41,"Congo, Dem. Rep.",Africa
cod,2046,71.6,"Congo, Dem. Rep.",Africa
cod,2047,71.79,"Congo, Dem. Rep.",Africa
cod,2048,71.97,"Congo, Dem. Rep.",Africa
cod,2049,72.15,"Congo, Dem. Rep.",Africa
cod,2050,72.33,"Congo, Dem. Rep.",Africa
cod,2051,72.51,"Congo, Dem. Rep.",Africa
cod,2052,72.68,"Congo, Dem. Rep.",Africa
cod,2053,72.85,"Congo, Dem. Rep.",Africa
cod,2054,73.01,"Congo, Dem. Rep.",Africa
cod,2055,73.18,"Congo, Dem. Rep.",Africa
cod,2056,73.33,"Congo, Dem. Rep.",Africa
cod,2057,73.49,"Congo, Dem. Rep.",Africa
cod,2058,73.65,"Congo, Dem. Rep.",Africa
cod,2059,73.8,"Congo, Dem. Rep.",Africa
cod,2060,73.95,"Congo, Dem. Rep.",Africa
cod,2061,74.1,"Congo, Dem. Rep.",Africa
cod,2062,74.25,"Congo, Dem. Rep.",Africa
cod,2063,74.39,"Congo, Dem. Rep.",Africa
cod,2064,74.54,"Congo, Dem. Rep.",Africa
cod,2065,74.68,"Congo, Dem. Rep.",Africa
cod,2066,74.82,"Congo, Dem. Rep.",Africa
cod,2067,74.96,"Congo, Dem. Rep.",Africa
cod,2068,75.1,"Congo, Dem. Rep.",Africa
cod,2069,75.23,"Congo, Dem. Rep.",Africa
cod,2070,75.36,"Congo, Dem. Rep.",Africa
cod,2071,75.49,"Congo, Dem. Rep.",Africa
cod,2072,75.63,"Congo, Dem. Rep.",Africa
cod,2073,75.76,"Congo, Dem. Rep.",Africa
cod,2074,75.89,"Congo, Dem. Rep.",Africa
cod,2075,76.02,"Congo, Dem. Rep.",Africa
cod,2076,76.15,"Congo, Dem. Rep.",Africa
cod,2077,76.28,"Congo, Dem. Rep.",Africa
cod,2078,76.41,"Congo, Dem. Rep.",Africa
cod,2079,76.53,"Congo, Dem. Rep.",Africa
cod,2080,76.66,"Congo, Dem. Rep.",Africa
cod,2081,76.78,"Congo, Dem. Rep.",Africa
cod,2082,76.9,"Congo, Dem. Rep.",Africa
cod,2083,77.03,"Congo, Dem. Rep.",Africa
cod,2084,77.15,"Congo, Dem. Rep.",Africa
cod,2085,77.27,"Congo, Dem. Rep.",Africa
cod,2086,77.39,"Congo, Dem. Rep.",Africa
cod,2087,77.52,"Congo, Dem. Rep.",Africa
cod,2088,77.64,"Congo, Dem. Rep.",Africa
cod,2089,77.76,"Congo, Dem. Rep.",Africa
cod,2090,77.88,"Congo, Dem. Rep.",Africa
cod,2091,78,"Congo, Dem. Rep.",Africa
cod,2092,78.12,"Congo, Dem. Rep.",Africa
cod,2093,78.24,"Congo, Dem. Rep.",Africa
cod,2094,78.36,"Congo, Dem. Rep.",Africa
cod,2095,78.48,"Congo, Dem. Rep.",Africa
cod,2096,78.6,"Congo, Dem. Rep.",Africa
cod,2097,78.72,"Congo, Dem. Rep.",Africa
cod,2098,78.84,"Congo, Dem. Rep.",Africa
cod,2099,78.96,"Congo, Dem. Rep.",Africa
cod,2100,79.08,"Congo, Dem. Rep.",Africa
cog,1800,32.7,"Congo, Rep.",Africa
cog,1801,32.7,"Congo, Rep.",Africa
cog,1802,32.7,"Congo, Rep.",Africa
cog,1803,32.7,"Congo, Rep.",Africa
cog,1804,32.7,"Congo, Rep.",Africa
cog,1805,32.7,"Congo, Rep.",Africa
cog,1806,32.7,"Congo, Rep.",Africa
cog,1807,32.7,"Congo, Rep.",Africa
cog,1808,32.7,"Congo, Rep.",Africa
cog,1809,32.7,"Congo, Rep.",Africa
cog,1810,32.7,"Congo, Rep.",Africa
cog,1811,32.7,"Congo, Rep.",Africa
cog,1812,32.7,"Congo, Rep.",Africa
cog,1813,32.7,"Congo, Rep.",Africa
cog,1814,32.7,"Congo, Rep.",Africa
cog,1815,32.7,"Congo, Rep.",Africa
cog,1816,32.7,"Congo, Rep.",Africa
cog,1817,32.7,"Congo, Rep.",Africa
cog,1818,32.7,"Congo, Rep.",Africa
cog,1819,32.7,"Congo, Rep.",Africa
cog,1820,32.7,"Congo, Rep.",Africa
cog,1821,32.7,"Congo, Rep.",Africa
cog,1822,32.7,"Congo, Rep.",Africa
cog,1823,32.7,"Congo, Rep.",Africa
cog,1824,32.7,"Congo, Rep.",Africa
cog,1825,32.7,"Congo, Rep.",Africa
cog,1826,32.7,"Congo, Rep.",Africa
cog,1827,32.7,"Congo, Rep.",Africa
cog,1828,32.7,"Congo, Rep.",Africa
cog,1829,32.7,"Congo, Rep.",Africa
cog,1830,32.7,"Congo, Rep.",Africa
cog,1831,32.7,"Congo, Rep.",Africa
cog,1832,32.7,"Congo, Rep.",Africa
cog,1833,32.7,"Congo, Rep.",Africa
cog,1834,32.7,"Congo, Rep.",Africa
cog,1835,32.7,"Congo, Rep.",Africa
cog,1836,32.7,"Congo, Rep.",Africa
cog,1837,32.7,"Congo, Rep.",Africa
cog,1838,32.7,"Congo, Rep.",Africa
cog,1839,32.7,"Congo, Rep.",Africa
cog,1840,32.7,"Congo, Rep.",Africa
cog,1841,32.7,"Congo, Rep.",Africa
cog,1842,32.7,"Congo, Rep.",Africa
cog,1843,32.7,"Congo, Rep.",Africa
cog,1844,32.7,"Congo, Rep.",Africa
cog,1845,32.7,"Congo, Rep.",Africa
cog,1846,32.7,"Congo, Rep.",Africa
cog,1847,32.7,"Congo, Rep.",Africa
cog,1848,32.7,"Congo, Rep.",Africa
cog,1849,32.7,"Congo, Rep.",Africa
cog,1850,32.7,"Congo, Rep.",Africa
cog,1851,32.7,"Congo, Rep.",Africa
cog,1852,32.7,"Congo, Rep.",Africa
cog,1853,32.7,"Congo, Rep.",Africa
cog,1854,32.7,"Congo, Rep.",Africa
cog,1855,32.7,"Congo, Rep.",Africa
cog,1856,32.7,"Congo, Rep.",Africa
cog,1857,32.7,"Congo, Rep.",Africa
cog,1858,32.7,"Congo, Rep.",Africa
cog,1859,32.7,"Congo, Rep.",Africa
cog,1860,32.7,"Congo, Rep.",Africa
cog,1861,32.7,"Congo, Rep.",Africa
cog,1862,32.7,"Congo, Rep.",Africa
cog,1863,32.7,"Congo, Rep.",Africa
cog,1864,32.7,"Congo, Rep.",Africa
cog,1865,32.7,"Congo, Rep.",Africa
cog,1866,32.7,"Congo, Rep.",Africa
cog,1867,32.7,"Congo, Rep.",Africa
cog,1868,32.7,"Congo, Rep.",Africa
cog,1869,32.7,"Congo, Rep.",Africa
cog,1870,32.7,"Congo, Rep.",Africa
cog,1871,32.7,"Congo, Rep.",Africa
cog,1872,32.71,"Congo, Rep.",Africa
cog,1873,32.71,"Congo, Rep.",Africa
cog,1874,32.72,"Congo, Rep.",Africa
cog,1875,32.72,"Congo, Rep.",Africa
cog,1876,32.73,"Congo, Rep.",Africa
cog,1877,32.73,"Congo, Rep.",Africa
cog,1878,32.73,"Congo, Rep.",Africa
cog,1879,32.74,"Congo, Rep.",Africa
cog,1880,32.74,"Congo, Rep.",Africa
cog,1881,32.75,"Congo, Rep.",Africa
cog,1882,32.75,"Congo, Rep.",Africa
cog,1883,32.75,"Congo, Rep.",Africa
cog,1884,32.76,"Congo, Rep.",Africa
cog,1885,32.76,"Congo, Rep.",Africa
cog,1886,32.77,"Congo, Rep.",Africa
cog,1887,32.77,"Congo, Rep.",Africa
cog,1888,32.78,"Congo, Rep.",Africa
cog,1889,32.78,"Congo, Rep.",Africa
cog,1890,32.78,"Congo, Rep.",Africa
cog,1891,32.79,"Congo, Rep.",Africa
cog,1892,32.79,"Congo, Rep.",Africa
cog,1893,32.8,"Congo, Rep.",Africa
cog,1894,32.8,"Congo, Rep.",Africa
cog,1895,32.8,"Congo, Rep.",Africa
cog,1896,32.81,"Congo, Rep.",Africa
cog,1897,32.81,"Congo, Rep.",Africa
cog,1898,32.82,"Congo, Rep.",Africa
cog,1899,32.82,"Congo, Rep.",Africa
cog,1900,32.83,"Congo, Rep.",Africa
cog,1901,32.83,"Congo, Rep.",Africa
cog,1902,32.83,"Congo, Rep.",Africa
cog,1903,32.84,"Congo, Rep.",Africa
cog,1904,32.84,"Congo, Rep.",Africa
cog,1905,32.85,"Congo, Rep.",Africa
cog,1906,32.85,"Congo, Rep.",Africa
cog,1907,32.85,"Congo, Rep.",Africa
cog,1908,32.86,"Congo, Rep.",Africa
cog,1909,32.86,"Congo, Rep.",Africa
cog,1910,32.87,"Congo, Rep.",Africa
cog,1911,32.87,"Congo, Rep.",Africa
cog,1912,32.88,"Congo, Rep.",Africa
cog,1913,32.88,"Congo, Rep.",Africa
cog,1914,32.88,"Congo, Rep.",Africa
cog,1915,32.89,"Congo, Rep.",Africa
cog,1916,32.89,"Congo, Rep.",Africa
cog,1917,32.9,"Congo, Rep.",Africa
cog,1918,12.72,"Congo, Rep.",Africa
cog,1919,32.9,"Congo, Rep.",Africa
cog,1920,32.91,"Congo, Rep.",Africa
cog,1921,32.91,"Congo, Rep.",Africa
cog,1922,32.92,"Congo, Rep.",Africa
cog,1923,32.92,"Congo, Rep.",Africa
cog,1924,32.93,"Congo, Rep.",Africa
cog,1925,32.93,"Congo, Rep.",Africa
cog,1926,32.93,"Congo, Rep.",Africa
cog,1927,32.94,"Congo, Rep.",Africa
cog,1928,32.94,"Congo, Rep.",Africa
cog,1929,32.95,"Congo, Rep.",Africa
cog,1930,32.95,"Congo, Rep.",Africa
cog,1931,32.95,"Congo, Rep.",Africa
cog,1932,32.96,"Congo, Rep.",Africa
cog,1933,32.96,"Congo, Rep.",Africa
cog,1934,32.97,"Congo, Rep.",Africa
cog,1935,32.97,"Congo, Rep.",Africa
cog,1936,32.98,"Congo, Rep.",Africa
cog,1937,32.98,"Congo, Rep.",Africa
cog,1938,32.98,"Congo, Rep.",Africa
cog,1939,32.99,"Congo, Rep.",Africa
cog,1940,32.99,"Congo, Rep.",Africa
cog,1941,33,"Congo, Rep.",Africa
cog,1942,33,"Congo, Rep.",Africa
cog,1943,33,"Congo, Rep.",Africa
cog,1944,33.01,"Congo, Rep.",Africa
cog,1945,33.01,"Congo, Rep.",Africa
cog,1946,34.82,"Congo, Rep.",Africa
cog,1947,36.63,"Congo, Rep.",Africa
cog,1948,38.43,"Congo, Rep.",Africa
cog,1949,40.24,"Congo, Rep.",Africa
cog,1950,42.05,"Congo, Rep.",Africa
cog,1951,42.13,"Congo, Rep.",Africa
cog,1952,42.19,"Congo, Rep.",Africa
cog,1953,42.32,"Congo, Rep.",Africa
cog,1954,42.44,"Congo, Rep.",Africa
cog,1955,42.5,"Congo, Rep.",Africa
cog,1956,42.76,"Congo, Rep.",Africa
cog,1957,43,"Congo, Rep.",Africa
cog,1958,43.2,"Congo, Rep.",Africa
cog,1959,43.49,"Congo, Rep.",Africa
cog,1960,43.74,"Congo, Rep.",Africa
cog,1961,44.1,"Congo, Rep.",Africa
cog,1962,44.44,"Congo, Rep.",Africa
cog,1963,44.73,"Congo, Rep.",Africa
cog,1964,45.07,"Congo, Rep.",Africa
cog,1965,45.4,"Congo, Rep.",Africa
cog,1966,45.71,"Congo, Rep.",Africa
cog,1967,45.89,"Congo, Rep.",Africa
cog,1968,46.41,"Congo, Rep.",Africa
cog,1969,46.8,"Congo, Rep.",Africa
cog,1970,47.23,"Congo, Rep.",Africa
cog,1971,47.66,"Congo, Rep.",Africa
cog,1972,48.1,"Congo, Rep.",Africa
cog,1973,48.65,"Congo, Rep.",Africa
cog,1974,49.21,"Congo, Rep.",Africa
cog,1975,49.71,"Congo, Rep.",Africa
cog,1976,50.26,"Congo, Rep.",Africa
cog,1977,50.71,"Congo, Rep.",Africa
cog,1978,51.15,"Congo, Rep.",Africa
cog,1979,51.83,"Congo, Rep.",Africa
cog,1980,52.75,"Congo, Rep.",Africa
cog,1981,53.5,"Congo, Rep.",Africa
cog,1982,54.21,"Congo, Rep.",Africa
cog,1983,54.77,"Congo, Rep.",Africa
cog,1984,55.18,"Congo, Rep.",Africa
cog,1985,55.58,"Congo, Rep.",Africa
cog,1986,55.64,"Congo, Rep.",Africa
cog,1987,55.44,"Congo, Rep.",Africa
cog,1988,55,"Congo, Rep.",Africa
cog,1989,54.57,"Congo, Rep.",Africa
cog,1990,53.97,"Congo, Rep.",Africa
cog,1991,53.66,"Congo, Rep.",Africa
cog,1992,53.46,"Congo, Rep.",Africa
cog,1993,52.73,"Congo, Rep.",Africa
cog,1994,52.55,"Congo, Rep.",Africa
cog,1995,52.32,"Congo, Rep.",Africa
cog,1996,52.09,"Congo, Rep.",Africa
cog,1997,46.72,"Congo, Rep.",Africa
cog,1998,50.31,"Congo, Rep.",Africa
cog,1999,52.21,"Congo, Rep.",Africa
cog,2000,53.05,"Congo, Rep.",Africa
cog,2001,54.02,"Congo, Rep.",Africa
cog,2002,54.71,"Congo, Rep.",Africa
cog,2003,55.29,"Congo, Rep.",Africa
cog,2004,56.1,"Congo, Rep.",Africa
cog,2005,56.99,"Congo, Rep.",Africa
cog,2006,57.83,"Congo, Rep.",Africa
cog,2007,58.52,"Congo, Rep.",Africa
cog,2008,59.39,"Congo, Rep.",Africa
cog,2009,60.25,"Congo, Rep.",Africa
cog,2010,60.87,"Congo, Rep.",Africa
cog,2011,61.59,"Congo, Rep.",Africa
cog,2012,61.91,"Congo, Rep.",Africa
cog,2013,62.43,"Congo, Rep.",Africa
cog,2014,62.88,"Congo, Rep.",Africa
cog,2015,63.52,"Congo, Rep.",Africa
cog,2016,64.2,"Congo, Rep.",Africa
cog,2017,64.65,"Congo, Rep.",Africa
cog,2018,65.03,"Congo, Rep.",Africa
cog,2019,65.43,"Congo, Rep.",Africa
cog,2020,65.44,"Congo, Rep.",Africa
cog,2021,65.87,"Congo, Rep.",Africa
cog,2022,66.06,"Congo, Rep.",Africa
cog,2023,66.23,"Congo, Rep.",Africa
cog,2024,66.41,"Congo, Rep.",Africa
cog,2025,66.59,"Congo, Rep.",Africa
cog,2026,66.77,"Congo, Rep.",Africa
cog,2027,66.96,"Congo, Rep.",Africa
cog,2028,67.14,"Congo, Rep.",Africa
cog,2029,67.32,"Congo, Rep.",Africa
cog,2030,67.49,"Congo, Rep.",Africa
cog,2031,67.66,"Congo, Rep.",Africa
cog,2032,67.83,"Congo, Rep.",Africa
cog,2033,67.99,"Congo, Rep.",Africa
cog,2034,68.16,"Congo, Rep.",Africa
cog,2035,68.32,"Congo, Rep.",Africa
cog,2036,68.47,"Congo, Rep.",Africa
cog,2037,68.63,"Congo, Rep.",Africa
cog,2038,68.78,"Congo, Rep.",Africa
cog,2039,68.93,"Congo, Rep.",Africa
cog,2040,69.08,"Congo, Rep.",Africa
cog,2041,69.23,"Congo, Rep.",Africa
cog,2042,69.37,"Congo, Rep.",Africa
cog,2043,69.51,"Congo, Rep.",Africa
cog,2044,69.65,"Congo, Rep.",Africa
cog,2045,69.79,"Congo, Rep.",Africa
cog,2046,69.92,"Congo, Rep.",Africa
cog,2047,70.06,"Congo, Rep.",Africa
cog,2048,70.19,"Congo, Rep.",Africa
cog,2049,70.33,"Congo, Rep.",Africa
cog,2050,70.46,"Congo, Rep.",Africa
cog,2051,70.59,"Congo, Rep.",Africa
cog,2052,70.72,"Congo, Rep.",Africa
cog,2053,70.85,"Congo, Rep.",Africa
cog,2054,70.98,"Congo, Rep.",Africa
cog,2055,71.11,"Congo, Rep.",Africa
cog,2056,71.23,"Congo, Rep.",Africa
cog,2057,71.35,"Congo, Rep.",Africa
cog,2058,71.47,"Congo, Rep.",Africa
cog,2059,71.6,"Congo, Rep.",Africa
cog,2060,71.72,"Congo, Rep.",Africa
cog,2061,71.84,"Congo, Rep.",Africa
cog,2062,71.96,"Congo, Rep.",Africa
cog,2063,72.08,"Congo, Rep.",Africa
cog,2064,72.19,"Congo, Rep.",Africa
cog,2065,72.31,"Congo, Rep.",Africa
cog,2066,72.43,"Congo, Rep.",Africa
cog,2067,72.55,"Congo, Rep.",Africa
cog,2068,72.66,"Congo, Rep.",Africa
cog,2069,72.78,"Congo, Rep.",Africa
cog,2070,72.89,"Congo, Rep.",Africa
cog,2071,73.01,"Congo, Rep.",Africa
cog,2072,73.13,"Congo, Rep.",Africa
cog,2073,73.24,"Congo, Rep.",Africa
cog,2074,73.36,"Congo, Rep.",Africa
cog,2075,73.48,"Congo, Rep.",Africa
cog,2076,73.6,"Congo, Rep.",Africa
cog,2077,73.71,"Congo, Rep.",Africa
cog,2078,73.83,"Congo, Rep.",Africa
cog,2079,73.95,"Congo, Rep.",Africa
cog,2080,74.07,"Congo, Rep.",Africa
cog,2081,74.19,"Congo, Rep.",Africa
cog,2082,74.31,"Congo, Rep.",Africa
cog,2083,74.42,"Congo, Rep.",Africa
cog,2084,74.54,"Congo, Rep.",Africa
cog,2085,74.66,"Congo, Rep.",Africa
cog,2086,74.78,"Congo, Rep.",Africa
cog,2087,74.9,"Congo, Rep.",Africa
cog,2088,75.02,"Congo, Rep.",Africa
cog,2089,75.14,"Congo, Rep.",Africa
cog,2090,75.27,"Congo, Rep.",Africa
cog,2091,75.39,"Congo, Rep.",Africa
cog,2092,75.51,"Congo, Rep.",Africa
cog,2093,75.64,"Congo, Rep.",Africa
cog,2094,75.76,"Congo, Rep.",Africa
cog,2095,75.88,"Congo, Rep.",Africa
cog,2096,76,"Congo, Rep.",Africa
cog,2097,76.12,"Congo, Rep.",Africa
cog,2098,76.24,"Congo, Rep.",Africa
cog,2099,76.36,"Congo, Rep.",Africa
cog,2100,76.47,"Congo, Rep.",Africa
cri,1800,30.21,Costa Rica,North America
cri,1801,30.21,Costa Rica,North America
cri,1802,30.21,Costa Rica,North America
cri,1803,30.21,Costa Rica,North America
cri,1804,30.21,Costa Rica,North America
cri,1805,30.21,Costa Rica,North America
cri,1806,30.21,Costa Rica,North America
cri,1807,30.21,Costa Rica,North America
cri,1808,30.21,Costa Rica,North America
cri,1809,30.21,Costa Rica,North America
cri,1810,30.21,Costa Rica,North America
cri,1811,30.21,Costa Rica,North America
cri,1812,30.21,Costa Rica,North America
cri,1813,30.21,Costa Rica,North America
cri,1814,30.21,Costa Rica,North America
cri,1815,30.21,Costa Rica,North America
cri,1816,30.21,Costa Rica,North America
cri,1817,30.21,Costa Rica,North America
cri,1818,30.21,Costa Rica,North America
cri,1819,30.21,Costa Rica,North America
cri,1820,30.21,Costa Rica,North America
cri,1821,30.21,Costa Rica,North America
cri,1822,30.21,Costa Rica,North America
cri,1823,30.21,Costa Rica,North America
cri,1824,30.21,Costa Rica,North America
cri,1825,30.21,Costa Rica,North America
cri,1826,30.21,Costa Rica,North America
cri,1827,30.21,Costa Rica,North America
cri,1828,30.21,Costa Rica,North America
cri,1829,30.21,Costa Rica,North America
cri,1830,30.21,Costa Rica,North America
cri,1831,30.21,Costa Rica,North America
cri,1832,30.21,Costa Rica,North America
cri,1833,30.21,Costa Rica,North America
cri,1834,30.21,Costa Rica,North America
cri,1835,30.21,Costa Rica,North America
cri,1836,30.21,Costa Rica,North America
cri,1837,30.21,Costa Rica,North America
cri,1838,30.21,Costa Rica,North America
cri,1839,30.21,Costa Rica,North America
cri,1840,30.21,Costa Rica,North America
cri,1841,30.21,Costa Rica,North America
cri,1842,30.21,Costa Rica,North America
cri,1843,30.21,Costa Rica,North America
cri,1844,30.21,Costa Rica,North America
cri,1845,30.21,Costa Rica,North America
cri,1846,30.21,Costa Rica,North America
cri,1847,30.21,Costa Rica,North America
cri,1848,30.21,Costa Rica,North America
cri,1849,30.21,Costa Rica,North America
cri,1850,30.21,Costa Rica,North America
cri,1851,30.21,Costa Rica,North America
cri,1852,30.21,Costa Rica,North America
cri,1853,30.21,Costa Rica,North America
cri,1854,30.21,Costa Rica,North America
cri,1855,30.21,Costa Rica,North America
cri,1856,30.21,Costa Rica,North America
cri,1857,30.21,Costa Rica,North America
cri,1858,30.21,Costa Rica,North America
cri,1859,30.21,Costa Rica,North America
cri,1860,30.21,Costa Rica,North America
cri,1861,30.21,Costa Rica,North America
cri,1862,30.21,Costa Rica,North America
cri,1863,30.21,Costa Rica,North America
cri,1864,30.21,Costa Rica,North America
cri,1865,30.21,Costa Rica,North America
cri,1866,30.21,Costa Rica,North America
cri,1867,30.21,Costa Rica,North America
cri,1868,30.21,Costa Rica,North America
cri,1869,30.21,Costa Rica,North America
cri,1870,30.21,Costa Rica,North America
cri,1871,30.22,Costa Rica,North America
cri,1872,30.23,Costa Rica,North America
cri,1873,30.24,Costa Rica,North America
cri,1874,30.25,Costa Rica,North America
cri,1875,30.26,Costa Rica,North America
cri,1876,30.27,Costa Rica,North America
cri,1877,30.28,Costa Rica,North America
cri,1878,30.29,Costa Rica,North America
cri,1879,30.3,Costa Rica,North America
cri,1880,30.3,Costa Rica,North America
cri,1881,30.31,Costa Rica,North America
cri,1882,30.32,Costa Rica,North America
cri,1883,30.33,Costa Rica,North America
cri,1884,30.34,Costa Rica,North America
cri,1885,30.35,Costa Rica,North America
cri,1886,30.36,Costa Rica,North America
cri,1887,30.36,Costa Rica,North America
cri,1888,30.37,Costa Rica,North America
cri,1889,30.38,Costa Rica,North America
cri,1890,30.8,Costa Rica,North America
cri,1891,31.22,Costa Rica,North America
cri,1892,31.64,Costa Rica,North America
cri,1893,32.07,Costa Rica,North America
cri,1894,32.49,Costa Rica,North America
cri,1895,32.91,Costa Rica,North America
cri,1896,33.33,Costa Rica,North America
cri,1897,33.76,Costa Rica,North America
cri,1898,34.18,Costa Rica,North America
cri,1899,34.6,Costa Rica,North America
cri,1900,35.03,Costa Rica,North America
cri,1901,35.08,Costa Rica,North America
cri,1902,35.13,Costa Rica,North America
cri,1903,35.18,Costa Rica,North America
cri,1904,35.23,Costa Rica,North America
cri,1905,35.28,Costa Rica,North America
cri,1906,35.34,Costa Rica,North America
cri,1907,35.39,Costa Rica,North America
cri,1908,35.44,Costa Rica,North America
cri,1909,35.49,Costa Rica,North America
cri,1910,35.54,Costa Rica,North America
cri,1911,35.55,Costa Rica,North America
cri,1912,35.56,Costa Rica,North America
cri,1913,35.57,Costa Rica,North America
cri,1914,35.59,Costa Rica,North America
cri,1915,35.6,Costa Rica,North America
cri,1916,35.61,Costa Rica,North America
cri,1917,35.62,Costa Rica,North America
cri,1918,31.5,Costa Rica,North America
cri,1919,35.64,Costa Rica,North America
cri,1920,35.65,Costa Rica,North America
cri,1921,36.38,Costa Rica,North America
cri,1922,37.12,Costa Rica,North America
cri,1923,37.85,Costa Rica,North America
cri,1924,38.58,Costa Rica,North America
cri,1925,39.32,Costa Rica,North America
cri,1926,40.05,Costa Rica,North America
cri,1927,40.79,Costa Rica,North America
cri,1928,41.52,Costa Rica,North America
cri,1929,42.26,Costa Rica,North America
cri,1930,43,Costa Rica,North America
cri,1931,43.49,Costa Rica,North America
cri,1932,43.98,Costa Rica,North America
cri,1933,44.47,Costa Rica,North America
cri,1934,44.97,Costa Rica,North America
cri,1935,45.46,Costa Rica,North America
cri,1936,45.96,Costa Rica,North America
cri,1937,46.45,Costa Rica,North America
cri,1938,46.94,Costa Rica,North America
cri,1939,47.44,Costa Rica,North America
cri,1940,47.93,Costa Rica,North America
cri,1941,48.89,Costa Rica,North America
cri,1942,49.85,Costa Rica,North America
cri,1943,50.81,Costa Rica,North America
cri,1944,51.76,Costa Rica,North America
cri,1945,52.72,Costa Rica,North America
cri,1946,53.68,Costa Rica,North America
cri,1947,54.64,Costa Rica,North America
cri,1948,55.6,Costa Rica,North America
cri,1949,56.56,Costa Rica,North America
cri,1950,57.53,Costa Rica,North America
cri,1951,59.01,Costa Rica,North America
cri,1952,59.29,Costa Rica,North America
cri,1953,59.55,Costa Rica,North America
cri,1954,60.97,Costa Rica,North America
cri,1955,61.93,Costa Rica,North America
cri,1956,62.95,Costa Rica,North America
cri,1957,62.4,Costa Rica,North America
cri,1958,64.6,Costa Rica,North America
cri,1959,64.36,Costa Rica,North America
cri,1960,65.35,Costa Rica,North America
cri,1961,66.36,Costa Rica,North America
cri,1962,65.38,Costa Rica,North America
cri,1963,65.21,Costa Rica,North America
cri,1964,64.46,Costa Rica,North America
cri,1965,65.49,Costa Rica,North America
cri,1966,66.37,Costa Rica,North America
cri,1967,66.72,Costa Rica,North America
cri,1968,67.17,Costa Rica,North America
cri,1969,66.87,Costa Rica,North America
cri,1970,67.04,Costa Rica,North America
cri,1971,68.4,Costa Rica,North America
cri,1972,68.8,Costa Rica,North America
cri,1973,70.32,Costa Rica,North America
cri,1974,70.97,Costa Rica,North America
cri,1975,71.6,Costa Rica,North America
cri,1976,72.46,Costa Rica,North America
cri,1977,73.79,Costa Rica,North America
cri,1978,74.44,Costa Rica,North America
cri,1979,74.47,Costa Rica,North America
cri,1980,74.68,Costa Rica,North America
cri,1981,75.58,Costa Rica,North America
cri,1982,75.69,Costa Rica,North America
cri,1983,76.13,Costa Rica,North America
cri,1984,75.74,Costa Rica,North America
cri,1985,75.71,Costa Rica,North America
cri,1986,76.01,Costa Rica,North America
cri,1987,76.31,Costa Rica,North America
cri,1988,76.63,Costa Rica,North America
cri,1989,76.52,Costa Rica,North America
cri,1990,76.94,Costa Rica,North America
cri,1991,76.93,Costa Rica,North America
cri,1992,76.93,Costa Rica,North America
cri,1993,77.14,Costa Rica,North America
cri,1994,76.79,Costa Rica,North America
cri,1995,76.53,Costa Rica,North America
cri,1996,77.14,Costa Rica,North America
cri,1997,77.18,Costa Rica,North America
cri,1998,77.37,Costa Rica,North America
cri,1999,77.31,Costa Rica,North America
cri,2000,77.9,Costa Rica,North America
cri,2001,77.92,Costa Rica,North America
cri,2002,78.43,Costa Rica,North America
cri,2003,78.49,Costa Rica,North America
cri,2004,78.56,Costa Rica,North America
cri,2005,79.44,Costa Rica,North America
cri,2006,79.09,Costa Rica,North America
cri,2007,80.35,Costa Rica,North America
cri,2008,80.29,Costa Rica,North America
cri,2009,80.64,Costa Rica,North America
cri,2010,79.51,Costa Rica,North America
cri,2011,80.17,Costa Rica,North America
cri,2012,80.33,Costa Rica,North America
cri,2013,80.41,Costa Rica,North America
cri,2014,80.47,Costa Rica,North America
cri,2015,80.2,Costa Rica,North America
cri,2016,79.75,Costa Rica,North America
cri,2017,79.83,Costa Rica,North America
cri,2018,79.95,Costa Rica,North America
cri,2019,80.07,Costa Rica,North America
cri,2020,78.94,Costa Rica,North America
cri,2021,80.45,Costa Rica,North America
cri,2022,80.63,Costa Rica,North America
cri,2023,80.82,Costa Rica,North America
cri,2024,81.01,Costa Rica,North America
cri,2025,81.19,Costa Rica,North America
cri,2026,81.37,Costa Rica,North America
cri,2027,81.55,Costa Rica,North America
cri,2028,81.73,Costa Rica,North America
cri,2029,81.91,Costa Rica,North America
cri,2030,82.09,Costa Rica,North America
cri,2031,82.26,Costa Rica,North America
cri,2032,82.43,Costa Rica,North America
cri,2033,82.6,Costa Rica,North America
cri,2034,82.77,Costa Rica,North America
cri,2035,82.93,Costa Rica,North America
cri,2036,83.09,Costa Rica,North America
cri,2037,83.24,Costa Rica,North America
cri,2038,83.39,Costa Rica,North America
cri,2039,83.54,Costa Rica,North America
cri,2040,83.68,Costa Rica,North America
cri,2041,83.82,Costa Rica,North America
cri,2042,83.95,Costa Rica,North America
cri,2043,84.08,Costa Rica,North America
cri,2044,84.21,Costa Rica,North America
cri,2045,84.34,Costa Rica,North America
cri,2046,84.47,Costa Rica,North America
cri,2047,84.6,Costa Rica,North America
cri,2048,84.73,Costa Rica,North America
cri,2049,84.85,Costa Rica,North America
cri,2050,84.97,Costa Rica,North America
cri,2051,85.1,Costa Rica,North America
cri,2052,85.22,Costa Rica,North America
cri,2053,85.34,Costa Rica,North America
cri,2054,85.46,Costa Rica,North America
cri,2055,85.58,Costa Rica,North America
cri,2056,85.69,Costa Rica,North America
cri,2057,85.81,Costa Rica,North America
cri,2058,85.92,Costa Rica,North America
cri,2059,86.03,Costa Rica,North America
cri,2060,86.15,Costa Rica,North America
cri,2061,86.26,Costa Rica,North America
cri,2062,86.37,Costa Rica,North America
cri,2063,86.48,Costa Rica,North America
cri,2064,86.6,Costa Rica,North America
cri,2065,86.71,Costa Rica,North America
cri,2066,86.82,Costa Rica,North America
cri,2067,86.93,Costa Rica,North America
cri,2068,87.04,Costa Rica,North America
cri,2069,87.15,Costa Rica,North America
cri,2070,87.26,Costa Rica,North America
cri,2071,87.37,Costa Rica,North America
cri,2072,87.48,Costa Rica,North America
cri,2073,87.59,Costa Rica,North America
cri,2074,87.7,Costa Rica,North America
cri,2075,87.8,Costa Rica,North America
cri,2076,87.91,Costa Rica,North America
cri,2077,88.02,Costa Rica,North America
cri,2078,88.12,Costa Rica,North America
cri,2079,88.23,Costa Rica,North America
cri,2080,88.34,Costa Rica,North America
cri,2081,88.45,Costa Rica,North America
cri,2082,88.55,Costa Rica,North America
cri,2083,88.66,Costa Rica,North America
cri,2084,88.77,Costa Rica,North America
cri,2085,88.87,Costa Rica,North America
cri,2086,88.98,Costa Rica,North America
cri,2087,89.09,Costa Rica,North America
cri,2088,89.2,Costa Rica,North America
cri,2089,89.3,Costa Rica,North America
cri,2090,89.41,Costa Rica,North America
cri,2091,89.51,Costa Rica,North America
cri,2092,89.62,Costa Rica,North America
cri,2093,89.72,Costa Rica,North America
cri,2094,89.83,Costa Rica,North America
cri,2095,89.93,Costa Rica,North America
cri,2096,90.04,Costa Rica,North America
cri,2097,90.14,Costa Rica,North America
cri,2098,90.25,Costa Rica,North America
cri,2099,90.35,Costa Rica,North America
cri,2100,90.46,Costa Rica,North America
civ,1800,31.16,Cote d'Ivoire,Africa
civ,1801,31.16,Cote d'Ivoire,Africa
civ,1802,31.16,Cote d'Ivoire,Africa
civ,1803,31.16,Cote d'Ivoire,Africa
civ,1804,31.16,Cote d'Ivoire,Africa
civ,1805,31.16,Cote d'Ivoire,Africa
civ,1806,31.16,Cote d'Ivoire,Africa
civ,1807,31.16,Cote d'Ivoire,Africa
civ,1808,31.16,Cote d'Ivoire,Africa
civ,1809,31.16,Cote d'Ivoire,Africa
civ,1810,31.16,Cote d'Ivoire,Africa
civ,1811,31.16,Cote d'Ivoire,Africa
civ,1812,31.16,Cote d'Ivoire,Africa
civ,1813,31.16,Cote d'Ivoire,Africa
civ,1814,31.16,Cote d'Ivoire,Africa
civ,1815,31.16,Cote d'Ivoire,Africa
civ,1816,31.16,Cote d'Ivoire,Africa
civ,1817,31.16,Cote d'Ivoire,Africa
civ,1818,31.16,Cote d'Ivoire,Africa
civ,1819,31.16,Cote d'Ivoire,Africa
civ,1820,31.16,Cote d'Ivoire,Africa
civ,1821,31.16,Cote d'Ivoire,Africa
civ,1822,31.16,Cote d'Ivoire,Africa
civ,1823,31.16,Cote d'Ivoire,Africa
civ,1824,31.16,Cote d'Ivoire,Africa
civ,1825,31.16,Cote d'Ivoire,Africa
civ,1826,31.16,Cote d'Ivoire,Africa
civ,1827,31.16,Cote d'Ivoire,Africa
civ,1828,31.16,Cote d'Ivoire,Africa
civ,1829,31.16,Cote d'Ivoire,Africa
civ,1830,31.16,Cote d'Ivoire,Africa
civ,1831,31.16,Cote d'Ivoire,Africa
civ,1832,31.16,Cote d'Ivoire,Africa
civ,1833,31.16,Cote d'Ivoire,Africa
civ,1834,31.16,Cote d'Ivoire,Africa
civ,1835,31.16,Cote d'Ivoire,Africa
civ,1836,31.16,Cote d'Ivoire,Africa
civ,1837,31.16,Cote d'Ivoire,Africa
civ,1838,31.16,Cote d'Ivoire,Africa
civ,1839,31.16,Cote d'Ivoire,Africa
civ,1840,31.16,Cote d'Ivoire,Africa
civ,1841,31.16,Cote d'Ivoire,Africa
civ,1842,31.16,Cote d'Ivoire,Africa
civ,1843,31.16,Cote d'Ivoire,Africa
civ,1844,31.16,Cote d'Ivoire,Africa
civ,1845,31.16,Cote d'Ivoire,Africa
civ,1846,31.16,Cote d'Ivoire,Africa
civ,1847,31.16,Cote d'Ivoire,Africa
civ,1848,31.16,Cote d'Ivoire,Africa
civ,1849,31.16,Cote d'Ivoire,Africa
civ,1850,31.16,Cote d'Ivoire,Africa
civ,1851,31.16,Cote d'Ivoire,Africa
civ,1852,31.16,Cote d'Ivoire,Africa
civ,1853,31.16,Cote d'Ivoire,Africa
civ,1854,31.16,Cote d'Ivoire,Africa
civ,1855,31.16,Cote d'Ivoire,Africa
civ,1856,31.16,Cote d'Ivoire,Africa
civ,1857,31.16,Cote d'Ivoire,Africa
civ,1858,31.16,Cote d'Ivoire,Africa
civ,1859,31.16,Cote d'Ivoire,Africa
civ,1860,31.16,Cote d'Ivoire,Africa
civ,1861,31.16,Cote d'Ivoire,Africa
civ,1862,31.16,Cote d'Ivoire,Africa
civ,1863,31.16,Cote d'Ivoire,Africa
civ,1864,31.16,Cote d'Ivoire,Africa
civ,1865,31.16,Cote d'Ivoire,Africa
civ,1866,31.16,Cote d'Ivoire,Africa
civ,1867,31.16,Cote d'Ivoire,Africa
civ,1868,31.16,Cote d'Ivoire,Africa
civ,1869,31.16,Cote d'Ivoire,Africa
civ,1870,31.16,Cote d'Ivoire,Africa
civ,1871,31.29,Cote d'Ivoire,Africa
civ,1872,31.42,Cote d'Ivoire,Africa
civ,1873,31.55,Cote d'Ivoire,Africa
civ,1874,31.69,Cote d'Ivoire,Africa
civ,1875,31.82,Cote d'Ivoire,Africa
civ,1876,31.95,Cote d'Ivoire,Africa
civ,1877,32.09,Cote d'Ivoire,Africa
civ,1878,32.22,Cote d'Ivoire,Africa
civ,1879,32.35,Cote d'Ivoire,Africa
civ,1880,32.49,Cote d'Ivoire,Africa
civ,1881,32.62,Cote d'Ivoire,Africa
civ,1882,32.75,Cote d'Ivoire,Africa
civ,1883,32.88,Cote d'Ivoire,Africa
civ,1884,33.02,Cote d'Ivoire,Africa
civ,1885,33.15,Cote d'Ivoire,Africa
civ,1886,33.28,Cote d'Ivoire,Africa
civ,1887,33.42,Cote d'Ivoire,Africa
civ,1888,33.55,Cote d'Ivoire,Africa
civ,1889,33.68,Cote d'Ivoire,Africa
civ,1890,33.82,Cote d'Ivoire,Africa
civ,1891,33.95,Cote d'Ivoire,Africa
civ,1892,34.08,Cote d'Ivoire,Africa
civ,1893,34.21,Cote d'Ivoire,Africa
civ,1894,34.35,Cote d'Ivoire,Africa
civ,1895,34.48,Cote d'Ivoire,Africa
civ,1896,34.61,Cote d'Ivoire,Africa
civ,1897,34.75,Cote d'Ivoire,Africa
civ,1898,34.88,Cote d'Ivoire,Africa
civ,1899,35.01,Cote d'Ivoire,Africa
civ,1900,35.15,Cote d'Ivoire,Africa
civ,1901,35.28,Cote d'Ivoire,Africa
civ,1902,35.41,Cote d'Ivoire,Africa
civ,1903,35.54,Cote d'Ivoire,Africa
civ,1904,35.68,Cote d'Ivoire,Africa
civ,1905,35.81,Cote d'Ivoire,Africa
civ,1906,35.94,Cote d'Ivoire,Africa
civ,1907,36.08,Cote d'Ivoire,Africa
civ,1908,36.21,Cote d'Ivoire,Africa
civ,1909,36.34,Cote d'Ivoire,Africa
civ,1910,36.48,Cote d'Ivoire,Africa
civ,1911,36.61,Cote d'Ivoire,Africa
civ,1912,36.74,Cote d'Ivoire,Africa
civ,1913,36.87,Cote d'Ivoire,Africa
civ,1914,37.01,Cote d'Ivoire,Africa
civ,1915,37.14,Cote d'Ivoire,Africa
civ,1916,37.27,Cote d'Ivoire,Africa
civ,1917,37.41,Cote d'Ivoire,Africa
civ,1918,14.52,Cote d'Ivoire,Africa
civ,1919,37.67,Cote d'Ivoire,Africa
civ,1920,37.81,Cote d'Ivoire,Africa
civ,1921,37.94,Cote d'Ivoire,Africa
civ,1922,38.07,Cote d'Ivoire,Africa
civ,1923,38.2,Cote d'Ivoire,Africa
civ,1924,38.34,Cote d'Ivoire,Africa
civ,1925,38.47,Cote d'Ivoire,Africa
civ,1926,38.6,Cote d'Ivoire,Africa
civ,1927,38.74,Cote d'Ivoire,Africa
civ,1928,38.87,Cote d'Ivoire,Africa
civ,1929,39,Cote d'Ivoire,Africa
civ,1930,39.14,Cote d'Ivoire,Africa
civ,1931,39.27,Cote d'Ivoire,Africa
civ,1932,39.4,Cote d'Ivoire,Africa
civ,1933,39.53,Cote d'Ivoire,Africa
civ,1934,39.67,Cote d'Ivoire,Africa
civ,1935,39.8,Cote d'Ivoire,Africa
civ,1936,39.93,Cote d'Ivoire,Africa
civ,1937,40.07,Cote d'Ivoire,Africa
civ,1938,40.2,Cote d'Ivoire,Africa
civ,1939,40.33,Cote d'Ivoire,Africa
civ,1940,40.47,Cote d'Ivoire,Africa
civ,1941,40.6,Cote d'Ivoire,Africa
civ,1942,40.73,Cote d'Ivoire,Africa
civ,1943,40.86,Cote d'Ivoire,Africa
civ,1944,41,Cote d'Ivoire,Africa
civ,1945,41.13,Cote d'Ivoire,Africa
civ,1946,41.26,Cote d'Ivoire,Africa
civ,1947,41.4,Cote d'Ivoire,Africa
civ,1948,41.53,Cote d'Ivoire,Africa
civ,1949,41.66,Cote d'Ivoire,Africa
civ,1950,41.8,Cote d'Ivoire,Africa
civ,1951,42.05,Cote d'Ivoire,Africa
civ,1952,42.36,Cote d'Ivoire,Africa
civ,1953,42.68,Cote d'Ivoire,Africa
civ,1954,42.95,Cote d'Ivoire,Africa
civ,1955,43.1,Cote d'Ivoire,Africa
civ,1956,43.55,Cote d'Ivoire,Africa
civ,1957,43.92,Cote d'Ivoire,Africa
civ,1958,44.39,Cote d'Ivoire,Africa
civ,1959,45.09,Cote d'Ivoire,Africa
civ,1960,45.61,Cote d'Ivoire,Africa
civ,1961,46.06,Cote d'Ivoire,Africa
civ,1962,46.46,Cote d'Ivoire,Africa
civ,1963,46.95,Cote d'Ivoire,Africa
civ,1964,47.64,Cote d'Ivoire,Africa
civ,1965,48.35,Cote d'Ivoire,Africa
civ,1966,48.91,Cote d'Ivoire,Africa
civ,1967,49.28,Cote d'Ivoire,Africa
civ,1968,49.66,Cote d'Ivoire,Africa
civ,1969,50.33,Cote d'Ivoire,Africa
civ,1970,50.93,Cote d'Ivoire,Africa
civ,1971,51.64,Cote d'Ivoire,Africa
civ,1972,52.29,Cote d'Ivoire,Africa
civ,1973,52.94,Cote d'Ivoire,Africa
civ,1974,53.48,Cote d'Ivoire,Africa
civ,1975,53.98,Cote d'Ivoire,Africa
civ,1976,54.57,Cote d'Ivoire,Africa
civ,1977,55.11,Cote d'Ivoire,Africa
civ,1978,55.71,Cote d'Ivoire,Africa
civ,1979,56.25,Cote d'Ivoire,Africa
civ,1980,56.72,Cote d'Ivoire,Africa
civ,1981,57.03,Cote d'Ivoire,Africa
civ,1982,57.16,Cote d'Ivoire,Africa
civ,1983,57.27,Cote d'Ivoire,Africa
civ,1984,57.32,Cote d'Ivoire,Africa
civ,1985,57.38,Cote d'Ivoire,Africa
civ,1986,57.39,Cote d'Ivoire,Africa
civ,1987,57.21,Cote d'Ivoire,Africa
civ,1988,56.85,Cote d'Ivoire,Africa
civ,1989,56.3,Cote d'Ivoire,Africa
civ,1990,55.74,Cote d'Ivoire,Africa
civ,1991,55.1,Cote d'Ivoire,Africa
civ,1992,54.3,Cote d'Ivoire,Africa
civ,1993,53.41,Cote d'Ivoire,Africa
civ,1994,52.51,Cote d'Ivoire,Africa
civ,1995,51.7,Cote d'Ivoire,Africa
civ,1996,51.31,Cote d'Ivoire,Africa
civ,1997,51.09,Cote d'Ivoire,Africa
civ,1998,50.94,Cote d'Ivoire,Africa
civ,1999,50.95,Cote d'Ivoire,Africa
civ,2000,51.13,Cote d'Ivoire,Africa
civ,2001,51.46,Cote d'Ivoire,Africa
civ,2002,51.74,Cote d'Ivoire,Africa
civ,2003,52.11,Cote d'Ivoire,Africa
civ,2004,52.65,Cote d'Ivoire,Africa
civ,2005,53.46,Cote d'Ivoire,Africa
civ,2006,54.43,Cote d'Ivoire,Africa
civ,2007,55.33,Cote d'Ivoire,Africa
civ,2008,56.3,Cote d'Ivoire,Africa
civ,2009,56.96,Cote d'Ivoire,Africa
civ,2010,57.39,Cote d'Ivoire,Africa
civ,2011,57.81,Cote d'Ivoire,Africa
civ,2012,58.81,Cote d'Ivoire,Africa
civ,2013,59.42,Cote d'Ivoire,Africa
civ,2014,60.16,Cote d'Ivoire,Africa
civ,2015,61.07,Cote d'Ivoire,Africa
civ,2016,61.97,Cote d'Ivoire,Africa
civ,2017,62.81,Cote d'Ivoire,Africa
civ,2018,63.59,Cote d'Ivoire,Africa
civ,2019,64.25,Cote d'Ivoire,Africa
civ,2020,64.41,Cote d'Ivoire,Africa
civ,2021,64.93,Cote d'Ivoire,Africa
civ,2022,65.23,Cote d'Ivoire,Africa
civ,2023,65.51,Cote d'Ivoire,Africa
civ,2024,65.78,Cote d'Ivoire,Africa
civ,2025,66.05,Cote d'Ivoire,Africa
civ,2026,66.32,Cote d'Ivoire,Africa
civ,2027,66.58,Cote d'Ivoire,Africa
civ,2028,66.84,Cote d'Ivoire,Africa
civ,2029,67.08,Cote d'Ivoire,Africa
civ,2030,67.33,Cote d'Ivoire,Africa
civ,2031,67.56,Cote d'Ivoire,Africa
civ,2032,67.79,Cote d'Ivoire,Africa
civ,2033,68.02,Cote d'Ivoire,Africa
civ,2034,68.23,Cote d'Ivoire,Africa
civ,2035,68.45,Cote d'Ivoire,Africa
civ,2036,68.66,Cote d'Ivoire,Africa
civ,2037,68.86,Cote d'Ivoire,Africa
civ,2038,69.06,Cote d'Ivoire,Africa
civ,2039,69.26,Cote d'Ivoire,Africa
civ,2040,69.45,Cote d'Ivoire,Africa
civ,2041,69.64,Cote d'Ivoire,Africa
civ,2042,69.83,Cote d'Ivoire,Africa
civ,2043,70.01,Cote d'Ivoire,Africa
civ,2044,70.19,Cote d'Ivoire,Africa
civ,2045,70.37,Cote d'Ivoire,Africa
civ,2046,70.55,Cote d'Ivoire,Africa
civ,2047,70.72,Cote d'Ivoire,Africa
civ,2048,70.89,Cote d'Ivoire,Africa
civ,2049,71.07,Cote d'Ivoire,Africa
civ,2050,71.24,Cote d'Ivoire,Africa
civ,2051,71.41,Cote d'Ivoire,Africa
civ,2052,71.57,Cote d'Ivoire,Africa
civ,2053,71.73,Cote d'Ivoire,Africa
civ,2054,71.89,Cote d'Ivoire,Africa
civ,2055,72.05,Cote d'Ivoire,Africa
civ,2056,72.2,Cote d'Ivoire,Africa
civ,2057,72.35,Cote d'Ivoire,Africa
civ,2058,72.5,Cote d'Ivoire,Africa
civ,2059,72.65,Cote d'Ivoire,Africa
civ,2060,72.8,Cote d'Ivoire,Africa
civ,2061,72.95,Cote d'Ivoire,Africa
civ,2062,73.1,Cote d'Ivoire,Africa
civ,2063,73.24,Cote d'Ivoire,Africa
civ,2064,73.39,Cote d'Ivoire,Africa
civ,2065,73.53,Cote d'Ivoire,Africa
civ,2066,73.68,Cote d'Ivoire,Africa
civ,2067,73.82,Cote d'Ivoire,Africa
civ,2068,73.96,Cote d'Ivoire,Africa
civ,2069,74.1,Cote d'Ivoire,Africa
civ,2070,74.24,Cote d'Ivoire,Africa
civ,2071,74.38,Cote d'Ivoire,Africa
civ,2072,74.52,Cote d'Ivoire,Africa
civ,2073,74.66,Cote d'Ivoire,Africa
civ,2074,74.79,Cote d'Ivoire,Africa
civ,2075,74.93,Cote d'Ivoire,Africa
civ,2076,75.07,Cote d'Ivoire,Africa
civ,2077,75.21,Cote d'Ivoire,Africa
civ,2078,75.34,Cote d'Ivoire,Africa
civ,2079,75.48,Cote d'Ivoire,Africa
civ,2080,75.61,Cote d'Ivoire,Africa
civ,2081,75.75,Cote d'Ivoire,Africa
civ,2082,75.88,Cote d'Ivoire,Africa
civ,2083,76.02,Cote d'Ivoire,Africa
civ,2084,76.15,Cote d'Ivoire,Africa
civ,2085,76.28,Cote d'Ivoire,Africa
civ,2086,76.41,Cote d'Ivoire,Africa
civ,2087,76.54,Cote d'Ivoire,Africa
civ,2088,76.67,Cote d'Ivoire,Africa
civ,2089,76.8,Cote d'Ivoire,Africa
civ,2090,76.93,Cote d'Ivoire,Africa
civ,2091,77.07,Cote d'Ivoire,Africa
civ,2092,77.2,Cote d'Ivoire,Africa
civ,2093,77.33,Cote d'Ivoire,Africa
civ,2094,77.47,Cote d'Ivoire,Africa
civ,2095,77.6,Cote d'Ivoire,Africa
civ,2096,77.73,Cote d'Ivoire,Africa
civ,2097,77.86,Cote d'Ivoire,Africa
civ,2098,77.99,Cote d'Ivoire,Africa
civ,2099,78.12,Cote d'Ivoire,Africa
civ,2100,78.25,Cote d'Ivoire,Africa
hrv,1800,36.1,Croatia,Europe
hrv,1801,36.1,Croatia,Europe
hrv,1802,36.1,Croatia,Europe
hrv,1803,36.1,Croatia,Europe
hrv,1804,36.1,Croatia,Europe
hrv,1805,36.1,Croatia,Europe
hrv,1806,36.1,Croatia,Europe
hrv,1807,36.1,Croatia,Europe
hrv,1808,36.1,Croatia,Europe
hrv,1809,36.1,Croatia,Europe
hrv,1810,36.1,Croatia,Europe
hrv,1811,36.1,Croatia,Europe
hrv,1812,36.1,Croatia,Europe
hrv,1813,36.1,Croatia,Europe
hrv,1814,36.1,Croatia,Europe
hrv,1815,36.1,Croatia,Europe
hrv,1816,36.1,Croatia,Europe
hrv,1817,36.1,Croatia,Europe
hrv,1818,36.1,Croatia,Europe
hrv,1819,36.1,Croatia,Europe
hrv,1820,36.1,Croatia,Europe
hrv,1821,36.1,Croatia,Europe
hrv,1822,36.1,Croatia,Europe
hrv,1823,36.1,Croatia,Europe
hrv,1824,36.1,Croatia,Europe
hrv,1825,36.1,Croatia,Europe
hrv,1826,36.1,Croatia,Europe
hrv,1827,36.1,Croatia,Europe
hrv,1828,36.1,Croatia,Europe
hrv,1829,36.1,Croatia,Europe
hrv,1830,36.1,Croatia,Europe
hrv,1831,36.1,Croatia,Europe
hrv,1832,36.1,Croatia,Europe
hrv,1833,36.1,Croatia,Europe
hrv,1834,36.1,Croatia,Europe
hrv,1835,36.1,Croatia,Europe
hrv,1836,36.1,Croatia,Europe
hrv,1837,36.1,Croatia,Europe
hrv,1838,36.1,Croatia,Europe
hrv,1839,36.1,Croatia,Europe
hrv,1840,36.1,Croatia,Europe
hrv,1841,36.1,Croatia,Europe
hrv,1842,36.1,Croatia,Europe
hrv,1843,36.1,Croatia,Europe
hrv,1844,36.1,Croatia,Europe
hrv,1845,36.1,Croatia,Europe
hrv,1846,36.1,Croatia,Europe
hrv,1847,36.1,Croatia,Europe
hrv,1848,36.1,Croatia,Europe
hrv,1849,36.1,Croatia,Europe
hrv,1850,36.1,Croatia,Europe
hrv,1851,36.1,Croatia,Europe
hrv,1852,36.1,Croatia,Europe
hrv,1853,36.1,Croatia,Europe
hrv,1854,36.1,Croatia,Europe
hrv,1855,36.1,Croatia,Europe
hrv,1856,36.1,Croatia,Europe
hrv,1857,36.1,Croatia,Europe
hrv,1858,36.1,Croatia,Europe
hrv,1859,36.1,Croatia,Europe
hrv,1860,36.1,Croatia,Europe
hrv,1861,36.1,Croatia,Europe
hrv,1862,36.1,Croatia,Europe
hrv,1863,36.1,Croatia,Europe
hrv,1864,36.1,Croatia,Europe
hrv,1865,36.1,Croatia,Europe
hrv,1866,36.1,Croatia,Europe
hrv,1867,36.1,Croatia,Europe
hrv,1868,36.1,Croatia,Europe
hrv,1869,36.1,Croatia,Europe
hrv,1870,36.1,Croatia,Europe
hrv,1871,36.06,Croatia,Europe
hrv,1872,36.02,Croatia,Europe
hrv,1873,35.98,Croatia,Europe
hrv,1874,35.94,Croatia,Europe
hrv,1875,35.9,Croatia,Europe
hrv,1876,35.86,Croatia,Europe
hrv,1877,35.82,Croatia,Europe
hrv,1878,35.79,Croatia,Europe
hrv,1879,35.75,Croatia,Europe
hrv,1880,35.71,Croatia,Europe
hrv,1881,35.67,Croatia,Europe
hrv,1882,35.63,Croatia,Europe
hrv,1883,35.59,Croatia,Europe
hrv,1884,35.55,Croatia,Europe
hrv,1885,35.51,Croatia,Europe
hrv,1886,35.47,Croatia,Europe
hrv,1887,35.43,Croatia,Europe
hrv,1888,35.39,Croatia,Europe
hrv,1889,35.35,Croatia,Europe
hrv,1890,35.31,Croatia,Europe
hrv,1891,35.27,Croatia,Europe
hrv,1892,35.23,Croatia,Europe
hrv,1893,35.2,Croatia,Europe
hrv,1894,35.16,Croatia,Europe
hrv,1895,35.12,Croatia,Europe
hrv,1896,35.08,Croatia,Europe
hrv,1897,35.04,Croatia,Europe
hrv,1898,35,Croatia,Europe
hrv,1899,34.96,Croatia,Europe
hrv,1900,34.92,Croatia,Europe
hrv,1901,34.88,Croatia,Europe
hrv,1902,34.84,Croatia,Europe
hrv,1903,34.8,Croatia,Europe
hrv,1904,34.76,Croatia,Europe
hrv,1905,34.72,Croatia,Europe
hrv,1906,34.68,Croatia,Europe
hrv,1907,34.64,Croatia,Europe
hrv,1908,34.61,Croatia,Europe
hrv,1909,34.57,Croatia,Europe
hrv,1910,34.53,Croatia,Europe
hrv,1911,34.49,Croatia,Europe
hrv,1912,34.45,Croatia,Europe
hrv,1913,34.41,Croatia,Europe
hrv,1914,34.37,Croatia,Europe
hrv,1915,34.33,Croatia,Europe
hrv,1916,34.29,Croatia,Europe
hrv,1917,34.25,Croatia,Europe
hrv,1918,13.28,Croatia,Europe
hrv,1919,34.17,Croatia,Europe
hrv,1920,34.13,Croatia,Europe
hrv,1921,34.85,Croatia,Europe
hrv,1922,35.57,Croatia,Europe
hrv,1923,36.29,Croatia,Europe
hrv,1924,37.01,Croatia,Europe
hrv,1925,37.72,Croatia,Europe
hrv,1926,38.43,Croatia,Europe
hrv,1927,39.14,Croatia,Europe
hrv,1928,39.85,Croatia,Europe
hrv,1929,40.56,Croatia,Europe
hrv,1930,41.26,Croatia,Europe
hrv,1931,41.97,Croatia,Europe
hrv,1932,42.67,Croatia,Europe
hrv,1933,43.37,Croatia,Europe
hrv,1934,44.07,Croatia,Europe
hrv,1935,44.76,Croatia,Europe
hrv,1936,45.46,Croatia,Europe
hrv,1937,46.15,Croatia,Europe
hrv,1938,46.84,Croatia,Europe
hrv,1939,47.53,Croatia,Europe
hrv,1940,48.22,Croatia,Europe
hrv,1941,38.45,Croatia,Europe
hrv,1942,35.21,Croatia,Europe
hrv,1943,32.87,Croatia,Europe
hrv,1944,31.39,Croatia,Europe
hrv,1945,33.79,Croatia,Europe
hrv,1946,45.95,Croatia,Europe
hrv,1947,52.22,Croatia,Europe
hrv,1948,53.53,Croatia,Europe
hrv,1949,54.29,Croatia,Europe
hrv,1950,55,Croatia,Europe
hrv,1951,54.32,Croatia,Europe
hrv,1952,57.94,Croatia,Europe
hrv,1953,58.18,Croatia,Europe
hrv,1954,60.63,Croatia,Europe
hrv,1955,60.23,Croatia,Europe
hrv,1956,61.43,Croatia,Europe
hrv,1957,62,Croatia,Europe
hrv,1958,64.58,Croatia,Europe
hrv,1959,64.18,Croatia,Europe
hrv,1960,64.71,Croatia,Europe
hrv,1961,65.96,Croatia,Europe
hrv,1962,65.39,Croatia,Europe
hrv,1963,66.58,Croatia,Europe
hrv,1964,66.61,Croatia,Europe
hrv,1965,67.64,Croatia,Europe
hrv,1966,68.82,Croatia,Europe
hrv,1967,68.47,Croatia,Europe
hrv,1968,68.54,Croatia,Europe
hrv,1969,68.02,Croatia,Europe
hrv,1970,68.67,Croatia,Europe
hrv,1971,69.15,Croatia,Europe
hrv,1972,69.13,Croatia,Europe
hrv,1973,70,Croatia,Europe
hrv,1974,70.38,Croatia,Europe
hrv,1975,70.58,Croatia,Europe
hrv,1976,70.84,Croatia,Europe
hrv,1977,70.94,Croatia,Europe
hrv,1978,70.72,Croatia,Europe
hrv,1979,70.71,Croatia,Europe
hrv,1980,70.67,Croatia,Europe
hrv,1981,70.72,Croatia,Europe
hrv,1982,70.64,Croatia,Europe
hrv,1983,70.33,Croatia,Europe
hrv,1984,70.67,Croatia,Europe
hrv,1985,71.32,Croatia,Europe
hrv,1986,71.63,Croatia,Europe
hrv,1987,71.38,Croatia,Europe
hrv,1988,71.77,Croatia,Europe
hrv,1989,72.21,Croatia,Europe
hrv,1990,72.46,Croatia,Europe
hrv,1991,72.01,Croatia,Europe
hrv,1992,72.41,Croatia,Europe
hrv,1993,72.7,Croatia,Europe
hrv,1994,73.28,Croatia,Europe
hrv,1995,73.01,Croatia,Europe
hrv,1996,73.49,Croatia,Europe
hrv,1997,73.48,Croatia,Europe
hrv,1998,73.82,Croatia,Europe
hrv,1999,74.11,Croatia,Europe
hrv,2000,74.65,Croatia,Europe
hrv,2001,74.93,Croatia,Europe
hrv,2002,75.05,Croatia,Europe
hrv,2003,75.06,Croatia,Europe
hrv,2004,75.58,Croatia,Europe
hrv,2005,75.57,Croatia,Europe
hrv,2006,75.96,Croatia,Europe
hrv,2007,75.91,Croatia,Europe
hrv,2008,75.94,Croatia,Europe
hrv,2009,76.48,Croatia,Europe
hrv,2010,76.8,Croatia,Europe
hrv,2011,77.13,Croatia,Europe
hrv,2012,77.37,Croatia,Europe
hrv,2013,77.85,Croatia,Europe
hrv,2014,77.94,Croatia,Europe
hrv,2015,77.72,Croatia,Europe
hrv,2016,78.39,Croatia,Europe
hrv,2017,78.5,Croatia,Europe
hrv,2018,78.61,Croatia,Europe
hrv,2019,78.66,Croatia,Europe
hrv,2020,77.86,Croatia,Europe
hrv,2021,78.96,Croatia,Europe
hrv,2022,79.12,Croatia,Europe
hrv,2023,79.27,Croatia,Europe
hrv,2024,79.43,Croatia,Europe
hrv,2025,79.59,Croatia,Europe
hrv,2026,79.75,Croatia,Europe
hrv,2027,79.9,Croatia,Europe
hrv,2028,80.06,Croatia,Europe
hrv,2029,80.22,Croatia,Europe
hrv,2030,80.38,Croatia,Europe
hrv,2031,80.54,Croatia,Europe
hrv,2032,80.69,Croatia,Europe
hrv,2033,80.85,Croatia,Europe
hrv,2034,81.01,Croatia,Europe
hrv,2035,81.17,Croatia,Europe
hrv,2036,81.33,Croatia,Europe
hrv,2037,81.49,Croatia,Europe
hrv,2038,81.64,Croatia,Europe
hrv,2039,81.8,Croatia,Europe
hrv,2040,81.95,Croatia,Europe
hrv,2041,82.11,Croatia,Europe
hrv,2042,82.26,Croatia,Europe
hrv,2043,82.41,Croatia,Europe
hrv,2044,82.56,Croatia,Europe
hrv,2045,82.71,Croatia,Europe
hrv,2046,82.85,Croatia,Europe
hrv,2047,83,Croatia,Europe
hrv,2048,83.14,Croatia,Europe
hrv,2049,83.28,Croatia,Europe
hrv,2050,83.41,Croatia,Europe
hrv,2051,83.55,Croatia,Europe
hrv,2052,83.68,Croatia,Europe
hrv,2053,83.81,Croatia,Europe
hrv,2054,83.93,Croatia,Europe
hrv,2055,84.06,Croatia,Europe
hrv,2056,84.18,Croatia,Europe
hrv,2057,84.31,Croatia,Europe
hrv,2058,84.43,Croatia,Europe
hrv,2059,84.55,Croatia,Europe
hrv,2060,84.67,Croatia,Europe
hrv,2061,84.79,Croatia,Europe
hrv,2062,84.91,Croatia,Europe
hrv,2063,85.02,Croatia,Europe
hrv,2064,85.14,Croatia,Europe
hrv,2065,85.26,Croatia,Europe
hrv,2066,85.37,Croatia,Europe
hrv,2067,85.49,Croatia,Europe
hrv,2068,85.6,Croatia,Europe
hrv,2069,85.71,Croatia,Europe
hrv,2070,85.82,Croatia,Europe
hrv,2071,85.94,Croatia,Europe
hrv,2072,86.05,Croatia,Europe
hrv,2073,86.16,Croatia,Europe
hrv,2074,86.27,Croatia,Europe
hrv,2075,86.38,Croatia,Europe
hrv,2076,86.49,Croatia,Europe
hrv,2077,86.6,Croatia,Europe
hrv,2078,86.71,Croatia,Europe
hrv,2079,86.81,Croatia,Europe
hrv,2080,86.92,Croatia,Europe
hrv,2081,87.03,Croatia,Europe
hrv,2082,87.13,Croatia,Europe
hrv,2083,87.24,Croatia,Europe
hrv,2084,87.35,Croatia,Europe
hrv,2085,87.46,Croatia,Europe
hrv,2086,87.56,Croatia,Europe
hrv,2087,87.67,Croatia,Europe
hrv,2088,87.78,Croatia,Europe
hrv,2089,87.89,Croatia,Europe
hrv,2090,87.99,Croatia,Europe
hrv,2091,88.1,Croatia,Europe
hrv,2092,88.21,Croatia,Europe
hrv,2093,88.32,Croatia,Europe
hrv,2094,88.43,Croatia,Europe
hrv,2095,88.54,Croatia,Europe
hrv,2096,88.64,Croatia,Europe
hrv,2097,88.75,Croatia,Europe
hrv,2098,88.86,Croatia,Europe
hrv,2099,88.96,Croatia,Europe
hrv,2100,89.07,Croatia,Europe
cub,1800,32.2,Cuba,North America
cub,1801,32.33,Cuba,North America
cub,1802,32.45,Cuba,North America
cub,1803,32.58,Cuba,North America
cub,1804,32.7,Cuba,North America
cub,1805,32.86,Cuba,North America
cub,1806,33.02,Cuba,North America
cub,1807,33.18,Cuba,North America
cub,1808,33.34,Cuba,North America
cub,1809,33.5,Cuba,North America
cub,1810,33.64,Cuba,North America
cub,1811,33.78,Cuba,North America
cub,1812,33.92,Cuba,North America
cub,1813,34.06,Cuba,North America
cub,1814,34.2,Cuba,North America
cub,1815,34.3,Cuba,North America
cub,1816,34.4,Cuba,North America
cub,1817,34.5,Cuba,North America
cub,1818,34.6,Cuba,North America
cub,1819,34.7,Cuba,North America
cub,1820,35.04,Cuba,North America
cub,1821,35.38,Cuba,North America
cub,1822,35.72,Cuba,North America
cub,1823,36.06,Cuba,North America
cub,1824,36.4,Cuba,North America
cub,1825,36.24,Cuba,North America
cub,1826,36.08,Cuba,North America
cub,1827,35.92,Cuba,North America
cub,1828,35.76,Cuba,North America
cub,1829,35.6,Cuba,North America
cub,1830,35.74,Cuba,North America
cub,1831,35.88,Cuba,North America
cub,1832,36.02,Cuba,North America
cub,1833,36.16,Cuba,North America
cub,1834,36.3,Cuba,North America
cub,1835,36.36,Cuba,North America
cub,1836,36.42,Cuba,North America
cub,1837,36.48,Cuba,North America
cub,1838,36.54,Cuba,North America
cub,1839,36.6,Cuba,North America
cub,1840,36.48,Cuba,North America
cub,1841,36.36,Cuba,North America
cub,1842,36.24,Cuba,North America
cub,1843,36.12,Cuba,North America
cub,1844,36,Cuba,North America
cub,1845,36.04,Cuba,North America
cub,1846,36.08,Cuba,North America
cub,1847,36.12,Cuba,North America
cub,1848,36.16,Cuba,North America
cub,1849,36.2,Cuba,North America
cub,1850,36.26,Cuba,North America
cub,1851,36.32,Cuba,North America
cub,1852,36.38,Cuba,North America
cub,1853,36.44,Cuba,North America
cub,1854,36.5,Cuba,North America
cub,1855,36.52,Cuba,North America
cub,1856,36.54,Cuba,North America
cub,1857,36.56,Cuba,North America
cub,1858,36.58,Cuba,North America
cub,1859,36.6,Cuba,North America
cub,1860,36.24,Cuba,North America
cub,1861,35.88,Cuba,North America
cub,1862,35.52,Cuba,North America
cub,1863,35.16,Cuba,North America
cub,1864,34.8,Cuba,North America
cub,1865,33.76,Cuba,North America
cub,1866,32.72,Cuba,North America
cub,1867,31.68,Cuba,North America
cub,1868,30.64,Cuba,North America
cub,1869,29.6,Cuba,North America
cub,1870,29.66,Cuba,North America
cub,1871,29.77,Cuba,North America
cub,1872,29.88,Cuba,North America
cub,1873,30,Cuba,North America
cub,1874,30.11,Cuba,North America
cub,1875,31.35,Cuba,North America
cub,1876,32.6,Cuba,North America
cub,1877,33.85,Cuba,North America
cub,1878,35.1,Cuba,North America
cub,1879,36.36,Cuba,North America
cub,1880,37.48,Cuba,North America
cub,1881,38.61,Cuba,North America
cub,1882,39.74,Cuba,North America
cub,1883,40.87,Cuba,North America
cub,1884,42,Cuba,North America
cub,1885,42.63,Cuba,North America
cub,1886,43.26,Cuba,North America
cub,1887,43.89,Cuba,North America
cub,1888,44.52,Cuba,North America
cub,1889,45.15,Cuba,North America
cub,1890,40.92,Cuba,North America
cub,1891,36.68,Cuba,North America
cub,1892,32.42,Cuba,North America
cub,1893,28.15,Cuba,North America
cub,1894,23.86,Cuba,North America
cub,1895,23.07,Cuba,North America
cub,1896,22.27,Cuba,North America
cub,1897,21.47,Cuba,North America
cub,1898,20.67,Cuba,North America
cub,1899,19.86,Cuba,North America
cub,1900,34.85,Cuba,North America
cub,1901,35.13,Cuba,North America
cub,1902,35.41,Cuba,North America
cub,1903,35.69,Cuba,North America
cub,1904,35.97,Cuba,North America
cub,1905,36.25,Cuba,North America
cub,1906,36.54,Cuba,North America
cub,1907,36.82,Cuba,North America
cub,1908,37.11,Cuba,North America
cub,1909,37.4,Cuba,North America
cub,1910,37.68,Cuba,North America
cub,1911,37.98,Cuba,North America
cub,1912,38.27,Cuba,North America
cub,1913,38.56,Cuba,North America
cub,1914,38.85,Cuba,North America
cub,1915,39.15,Cuba,North America
cub,1916,39.45,Cuba,North America
cub,1917,39.75,Cuba,North America
cub,1918,25.82,Cuba,North America
cub,1919,40.35,Cuba,North America
cub,1920,40.65,Cuba,North America
cub,1921,41.02,Cuba,North America
cub,1922,41.39,Cuba,North America
cub,1923,41.75,Cuba,North America
cub,1924,42.12,Cuba,North America
cub,1925,42.49,Cuba,North America
cub,1926,43.16,Cuba,North America
cub,1927,43.83,Cuba,North America
cub,1928,44.5,Cuba,North America
cub,1929,45.18,Cuba,North America
cub,1930,45.85,Cuba,North America
cub,1931,46.61,Cuba,North America
cub,1932,47.36,Cuba,North America
cub,1933,48.12,Cuba,North America
cub,1934,48.88,Cuba,North America
cub,1935,49.64,Cuba,North America
cub,1936,50.37,Cuba,North America
cub,1937,51.09,Cuba,North America
cub,1938,51.82,Cuba,North America
cub,1939,52.55,Cuba,North America
cub,1940,53.29,Cuba,North America
cub,1941,54.15,Cuba,North America
cub,1942,55.01,Cuba,North America
cub,1943,55.88,Cuba,North America
cub,1944,56.75,Cuba,North America
cub,1945,57.62,Cuba,North America
cub,1946,59.36,Cuba,North America
cub,1947,61.11,Cuba,North America
cub,1948,62.86,Cuba,North America
cub,1949,64.61,Cuba,North America
cub,1950,66.38,Cuba,North America
cub,1951,66.49,Cuba,North America
cub,1952,66.69,Cuba,North America
cub,1953,66.78,Cuba,North America
cub,1954,66.89,Cuba,North America
cub,1955,67.12,Cuba,North America
cub,1956,66.89,Cuba,North America
cub,1957,67.08,Cuba,North America
cub,1958,67.39,Cuba,North America
cub,1959,68.27,Cuba,North America
cub,1960,69.27,Cuba,North America
cub,1961,68.71,Cuba,North America
cub,1962,68.79,Cuba,North America
cub,1963,68.94,Cuba,North America
cub,1964,70.07,Cuba,North America
cub,1965,69.81,Cuba,North America
cub,1966,69.98,Cuba,North America
cub,1967,70.12,Cuba,North America
cub,1968,70.11,Cuba,North America
cub,1969,69.91,Cuba,North America
cub,1970,70.78,Cuba,North America
cub,1971,71.72,Cuba,North America
cub,1972,72.79,Cuba,North America
cub,1973,72.73,Cuba,North America
cub,1974,72.66,Cuba,North America
cub,1975,73.15,Cuba,North America
cub,1976,73.22,Cuba,North America
cub,1977,72.73,Cuba,North America
cub,1978,73.29,Cuba,North America
cub,1979,73.4,Cuba,North America
cub,1980,73.57,Cuba,North America
cub,1981,73.82,Cuba,North America
cub,1982,74.28,Cuba,North America
cub,1983,74.56,Cuba,North America
cub,1984,74.48,Cuba,North America
cub,1985,74.15,Cuba,North America
cub,1986,74.77,Cuba,North America
cub,1987,74.89,Cuba,North America
cub,1988,74.78,Cuba,North America
cub,1989,75.26,Cuba,North America
cub,1990,75.01,Cuba,North America
cub,1991,75.18,Cuba,North America
cub,1992,75.15,Cuba,North America
cub,1993,75.07,Cuba,North America
cub,1994,75.13,Cuba,North America
cub,1995,75.39,Cuba,North America
cub,1996,75.83,Cuba,North America
cub,1997,76.18,Cuba,North America
cub,1998,76.34,Cuba,North America
cub,1999,76.59,Cuba,North America
cub,2000,77.01,Cuba,North America
cub,2001,77.17,Cuba,North America
cub,2002,77.87,Cuba,North America
cub,2003,77.8,Cuba,North America
cub,2004,77.8,Cuba,North America
cub,2005,77.68,Cuba,North America
cub,2006,78.37,Cuba,North America
cub,2007,78.46,Cuba,North America
cub,2008,78.44,Cuba,North America
cub,2009,78.46,Cuba,North America
cub,2010,78.46,Cuba,North America
cub,2011,79.07,Cuba,North America
cub,2012,78.84,Cuba,North America
cub,2013,78.81,Cuba,North America
cub,2014,78.74,Cuba,North America
cub,2015,78.42,Cuba,North America
cub,2016,78.52,Cuba,North America
cub,2017,78.25,Cuba,North America
cub,2018,78.29,Cuba,North America
cub,2019,78.67,Cuba,North America
cub,2020,78.7,Cuba,North America
cub,2021,78.86,Cuba,North America
cub,2022,78.98,Cuba,North America
cub,2023,79.1,Cuba,North America
cub,2024,79.24,Cuba,North America
cub,2025,79.39,Cuba,North America
cub,2026,79.56,Cuba,North America
cub,2027,79.73,Cuba,North America
cub,2028,79.93,Cuba,North America
cub,2029,80.13,Cuba,North America
cub,2030,80.33,Cuba,North America
cub,2031,80.54,Cuba,North America
cub,2032,80.73,Cuba,North America
cub,2033,80.91,Cuba,North America
cub,2034,81.09,Cuba,North America
cub,2035,81.24,Cuba,North America
cub,2036,81.39,Cuba,North America
cub,2037,81.53,Cuba,North America
cub,2038,81.68,Cuba,North America
cub,2039,81.82,Cuba,North America
cub,2040,81.96,Cuba,North America
cub,2041,82.1,Cuba,North America
cub,2042,82.25,Cuba,North America
cub,2043,82.39,Cuba,North America
cub,2044,82.54,Cuba,North America
cub,2045,82.68,Cuba,North America
cub,2046,82.82,Cuba,North America
cub,2047,82.97,Cuba,North America
cub,2048,83.11,Cuba,North America
cub,2049,83.24,Cuba,North America
cub,2050,83.38,Cuba,North America
cub,2051,83.51,Cuba,North America
cub,2052,83.65,Cuba,North America
cub,2053,83.77,Cuba,North America
cub,2054,83.9,Cuba,North America
cub,2055,84.02,Cuba,North America
cub,2056,84.15,Cuba,North America
cub,2057,84.27,Cuba,North America
cub,2058,84.39,Cuba,North America
cub,2059,84.5,Cuba,North America
cub,2060,84.62,Cuba,North America
cub,2061,84.73,Cuba,North America
cub,2062,84.85,Cuba,North America
cub,2063,84.96,Cuba,North America
cub,2064,85.07,Cuba,North America
cub,2065,85.18,Cuba,North America
cub,2066,85.28,Cuba,North America
cub,2067,85.39,Cuba,North America
cub,2068,85.49,Cuba,North America
cub,2069,85.6,Cuba,North America
cub,2070,85.7,Cuba,North America
cub,2071,85.81,Cuba,North America
cub,2072,85.91,Cuba,North America
cub,2073,86.01,Cuba,North America
cub,2074,86.11,Cuba,North America
cub,2075,86.22,Cuba,North America
cub,2076,86.32,Cuba,North America
cub,2077,86.42,Cuba,North America
cub,2078,86.52,Cuba,North America
cub,2079,86.62,Cuba,North America
cub,2080,86.72,Cuba,North America
cub,2081,86.83,Cuba,North America
cub,2082,86.93,Cuba,North America
cub,2083,87.03,Cuba,North America
cub,2084,87.13,Cuba,North America
cub,2085,87.23,Cuba,North America
cub,2086,87.33,Cuba,North America
cub,2087,87.43,Cuba,North America
cub,2088,87.53,Cuba,North America
cub,2089,87.63,Cuba,North America
cub,2090,87.74,Cuba,North America
cub,2091,87.83,Cuba,North America
cub,2092,87.94,Cuba,North America
cub,2093,88.04,Cuba,North America
cub,2094,88.14,Cuba,North America
cub,2095,88.24,Cuba,North America
cub,2096,88.34,Cuba,North America
cub,2097,88.44,Cuba,North America
cub,2098,88.55,Cuba,North America
cub,2099,88.65,Cuba,North America
cub,2100,88.76,Cuba,North America
cyp,1800,38.5,Cyprus,Asia
cyp,1801,38.5,Cyprus,Asia
cyp,1802,38.5,Cyprus,Asia
cyp,1803,38.5,Cyprus,Asia
cyp,1804,38.5,Cyprus,Asia
cyp,1805,38.5,Cyprus,Asia
cyp,1806,38.5,Cyprus,Asia
cyp,1807,38.5,Cyprus,Asia
cyp,1808,38.5,Cyprus,Asia
cyp,1809,38.5,Cyprus,Asia
cyp,1810,38.5,Cyprus,Asia
cyp,1811,38.5,Cyprus,Asia
cyp,1812,38.5,Cyprus,Asia
cyp,1813,38.5,Cyprus,Asia
cyp,1814,38.5,Cyprus,Asia
cyp,1815,38.5,Cyprus,Asia
cyp,1816,38.5,Cyprus,Asia
cyp,1817,38.5,Cyprus,Asia
cyp,1818,38.5,Cyprus,Asia
cyp,1819,38.5,Cyprus,Asia
cyp,1820,38.5,Cyprus,Asia
cyp,1821,38.5,Cyprus,Asia
cyp,1822,38.5,Cyprus,Asia
cyp,1823,38.5,Cyprus,Asia
cyp,1824,38.5,Cyprus,Asia
cyp,1825,38.5,Cyprus,Asia
cyp,1826,38.5,Cyprus,Asia
cyp,1827,38.5,Cyprus,Asia
cyp,1828,38.5,Cyprus,Asia
cyp,1829,38.5,Cyprus,Asia
cyp,1830,38.5,Cyprus,Asia
cyp,1831,38.5,Cyprus,Asia
cyp,1832,38.5,Cyprus,Asia
cyp,1833,38.5,Cyprus,Asia
cyp,1834,38.5,Cyprus,Asia
cyp,1835,38.5,Cyprus,Asia
cyp,1836,38.5,Cyprus,Asia
cyp,1837,38.5,Cyprus,Asia
cyp,1838,38.5,Cyprus,Asia
cyp,1839,38.5,Cyprus,Asia
cyp,1840,38.51,Cyprus,Asia
cyp,1841,38.51,Cyprus,Asia
cyp,1842,38.51,Cyprus,Asia
cyp,1843,38.51,Cyprus,Asia
cyp,1844,38.51,Cyprus,Asia
cyp,1845,38.51,Cyprus,Asia
cyp,1846,38.51,Cyprus,Asia
cyp,1847,38.51,Cyprus,Asia
cyp,1848,38.51,Cyprus,Asia
cyp,1849,38.51,Cyprus,Asia
cyp,1850,38.51,Cyprus,Asia
cyp,1851,38.51,Cyprus,Asia
cyp,1852,38.51,Cyprus,Asia
cyp,1853,38.51,Cyprus,Asia
cyp,1854,38.51,Cyprus,Asia
cyp,1855,38.51,Cyprus,Asia
cyp,1856,38.51,Cyprus,Asia
cyp,1857,38.51,Cyprus,Asia
cyp,1858,38.51,Cyprus,Asia
cyp,1859,38.51,Cyprus,Asia
cyp,1860,38.51,Cyprus,Asia
cyp,1861,38.51,Cyprus,Asia
cyp,1862,38.51,Cyprus,Asia
cyp,1863,38.51,Cyprus,Asia
cyp,1864,38.51,Cyprus,Asia
cyp,1865,38.51,Cyprus,Asia
cyp,1866,38.51,Cyprus,Asia
cyp,1867,38.51,Cyprus,Asia
cyp,1868,38.51,Cyprus,Asia
cyp,1869,38.51,Cyprus,Asia
cyp,1870,38.51,Cyprus,Asia
cyp,1871,38.48,Cyprus,Asia
cyp,1872,38.46,Cyprus,Asia
cyp,1873,38.43,Cyprus,Asia
cyp,1874,38.4,Cyprus,Asia
cyp,1875,38.38,Cyprus,Asia
cyp,1876,38.35,Cyprus,Asia
cyp,1877,38.32,Cyprus,Asia
cyp,1878,38.3,Cyprus,Asia
cyp,1879,38.27,Cyprus,Asia
cyp,1880,38.24,Cyprus,Asia
cyp,1881,38.22,Cyprus,Asia
cyp,1882,38.19,Cyprus,Asia
cyp,1883,38.16,Cyprus,Asia
cyp,1884,38.14,Cyprus,Asia
cyp,1885,38.11,Cyprus,Asia
cyp,1886,38.09,Cyprus,Asia
cyp,1887,38.06,Cyprus,Asia
cyp,1888,38.03,Cyprus,Asia
cyp,1889,38.01,Cyprus,Asia
cyp,1890,37.98,Cyprus,Asia
cyp,1891,37.95,Cyprus,Asia
cyp,1892,37.93,Cyprus,Asia
cyp,1893,37.9,Cyprus,Asia
cyp,1894,37.87,Cyprus,Asia
cyp,1895,37.85,Cyprus,Asia
cyp,1896,38.46,Cyprus,Asia
cyp,1897,39.07,Cyprus,Asia
cyp,1898,39.68,Cyprus,Asia
cyp,1899,40.28,Cyprus,Asia
cyp,1900,40.89,Cyprus,Asia
cyp,1901,41.5,Cyprus,Asia
cyp,1902,42.1,Cyprus,Asia
cyp,1903,42.71,Cyprus,Asia
cyp,1904,43.31,Cyprus,Asia
cyp,1905,43.91,Cyprus,Asia
cyp,1906,44.12,Cyprus,Asia
cyp,1907,44.33,Cyprus,Asia
cyp,1908,44.54,Cyprus,Asia
cyp,1909,44.75,Cyprus,Asia
cyp,1910,44.95,Cyprus,Asia
cyp,1911,45.16,Cyprus,Asia
cyp,1912,45.37,Cyprus,Asia
cyp,1913,45.58,Cyprus,Asia
cyp,1914,45.78,Cyprus,Asia
cyp,1915,45.99,Cyprus,Asia
cyp,1916,46.05,Cyprus,Asia
cyp,1917,46.12,Cyprus,Asia
cyp,1918,25.29,Cyprus,Asia
cyp,1919,46.24,Cyprus,Asia
cyp,1920,46.31,Cyprus,Asia
cyp,1921,46.37,Cyprus,Asia
cyp,1922,46.43,Cyprus,Asia
cyp,1923,46.5,Cyprus,Asia
cyp,1924,46.56,Cyprus,Asia
cyp,1925,46.62,Cyprus,Asia
cyp,1926,46.59,Cyprus,Asia
cyp,1927,46.56,Cyprus,Asia
cyp,1928,46.52,Cyprus,Asia
cyp,1929,46.49,Cyprus,Asia
cyp,1930,46.46,Cyprus,Asia
cyp,1931,46.42,Cyprus,Asia
cyp,1932,46.39,Cyprus,Asia
cyp,1933,46.36,Cyprus,Asia
cyp,1934,46.32,Cyprus,Asia
cyp,1935,46.29,Cyprus,Asia
cyp,1936,46.25,Cyprus,Asia
cyp,1937,46.22,Cyprus,Asia
cyp,1938,46.98,Cyprus,Asia
cyp,1939,47.74,Cyprus,Asia
cyp,1940,48.5,Cyprus,Asia
cyp,1941,49.26,Cyprus,Asia
cyp,1942,50.01,Cyprus,Asia
cyp,1943,50.77,Cyprus,Asia
cyp,1944,52.41,Cyprus,Asia
cyp,1945,54.05,Cyprus,Asia
cyp,1946,55.68,Cyprus,Asia
cyp,1947,57.31,Cyprus,Asia
cyp,1948,58.94,Cyprus,Asia
cyp,1949,60.57,Cyprus,Asia
cyp,1950,62.2,Cyprus,Asia
cyp,1951,62.51,Cyprus,Asia
cyp,1952,62.7,Cyprus,Asia
cyp,1953,62.83,Cyprus,Asia
cyp,1954,63.27,Cyprus,Asia
cyp,1955,63.12,Cyprus,Asia
cyp,1956,63.38,Cyprus,Asia
cyp,1957,63.66,Cyprus,Asia
cyp,1958,64.02,Cyprus,Asia
cyp,1959,64.33,Cyprus,Asia
cyp,1960,64.98,Cyprus,Asia
cyp,1961,65.27,Cyprus,Asia
cyp,1962,65.59,Cyprus,Asia
cyp,1963,65.91,Cyprus,Asia
cyp,1964,66.15,Cyprus,Asia
cyp,1965,66.52,Cyprus,Asia
cyp,1966,66.87,Cyprus,Asia
cyp,1967,67.27,Cyprus,Asia
cyp,1968,67.56,Cyprus,Asia
cyp,1969,67.89,Cyprus,Asia
cyp,1970,67.56,Cyprus,Asia
cyp,1971,67.57,Cyprus,Asia
cyp,1972,67.9,Cyprus,Asia
cyp,1973,68.19,Cyprus,Asia
cyp,1974,49.04,Cyprus,Asia
cyp,1975,68.55,Cyprus,Asia
cyp,1976,69.26,Cyprus,Asia
cyp,1977,70.42,Cyprus,Asia
cyp,1978,71.01,Cyprus,Asia
cyp,1979,71.43,Cyprus,Asia
cyp,1980,71.3,Cyprus,Asia
cyp,1981,71.59,Cyprus,Asia
cyp,1982,71.68,Cyprus,Asia
cyp,1983,72.04,Cyprus,Asia
cyp,1984,72.78,Cyprus,Asia
cyp,1985,73.35,Cyprus,Asia
cyp,1986,73.87,Cyprus,Asia
cyp,1987,74.07,Cyprus,Asia
cyp,1988,74.48,Cyprus,Asia
cyp,1989,74.85,Cyprus,Asia
cyp,1990,75.07,Cyprus,Asia
cyp,1991,75.05,Cyprus,Asia
cyp,1992,75.07,Cyprus,Asia
cyp,1993,75.17,Cyprus,Asia
cyp,1994,75.37,Cyprus,Asia
cyp,1995,75.52,Cyprus,Asia
cyp,1996,75.75,Cyprus,Asia
cyp,1997,75.93,Cyprus,Asia
cyp,1998,75.96,Cyprus,Asia
cyp,1999,76.32,Cyprus,Asia
cyp,2000,76.66,Cyprus,Asia
cyp,2001,77.06,Cyprus,Asia
cyp,2002,77.33,Cyprus,Asia
cyp,2003,77.69,Cyprus,Asia
cyp,2004,77.88,Cyprus,Asia
cyp,2005,77.93,Cyprus,Asia
cyp,2006,78.16,Cyprus,Asia
cyp,2007,78.35,Cyprus,Asia
cyp,2008,78.77,Cyprus,Asia
cyp,2009,79.12,Cyprus,Asia
cyp,2010,79.52,Cyprus,Asia
cyp,2011,79.85,Cyprus,Asia
cyp,2012,80.14,Cyprus,Asia
cyp,2013,80.3,Cyprus,Asia
cyp,2014,80.36,Cyprus,Asia
cyp,2015,80.45,Cyprus,Asia
cyp,2016,80.67,Cyprus,Asia
cyp,2017,80.84,Cyprus,Asia
cyp,2018,80.81,Cyprus,Asia
cyp,2019,80.81,Cyprus,Asia
cyp,2020,80.81,Cyprus,Asia
cyp,2021,81.11,Cyprus,Asia
cyp,2022,81.26,Cyprus,Asia
cyp,2023,81.42,Cyprus,Asia
cyp,2024,81.57,Cyprus,Asia
cyp,2025,81.72,Cyprus,Asia
cyp,2026,81.87,Cyprus,Asia
cyp,2027,82.03,Cyprus,Asia
cyp,2028,82.18,Cyprus,Asia
cyp,2029,82.33,Cyprus,Asia
cyp,2030,82.48,Cyprus,Asia
cyp,2031,82.64,Cyprus,Asia
cyp,2032,82.79,Cyprus,Asia
cyp,2033,82.94,Cyprus,Asia
cyp,2034,83.09,Cyprus,Asia
cyp,2035,83.23,Cyprus,Asia
cyp,2036,83.38,Cyprus,Asia
cyp,2037,83.52,Cyprus,Asia
cyp,2038,83.66,Cyprus,Asia
cyp,2039,83.79,Cyprus,Asia
cyp,2040,83.92,Cyprus,Asia
cyp,2041,84.05,Cyprus,Asia
cyp,2042,84.18,Cyprus,Asia
cyp,2043,84.3,Cyprus,Asia
cyp,2044,84.43,Cyprus,Asia
cyp,2045,84.55,Cyprus,Asia
cyp,2046,84.67,Cyprus,Asia
cyp,2047,84.79,Cyprus,Asia
cyp,2048,84.9,Cyprus,Asia
cyp,2049,85.02,Cyprus,Asia
cyp,2050,85.13,Cyprus,Asia
cyp,2051,85.25,Cyprus,Asia
cyp,2052,85.36,Cyprus,Asia
cyp,2053,85.47,Cyprus,Asia
cyp,2054,85.58,Cyprus,Asia
cyp,2055,85.69,Cyprus,Asia
cyp,2056,85.8,Cyprus,Asia
cyp,2057,85.91,Cyprus,Asia
cyp,2058,86.01,Cyprus,Asia
cyp,2059,86.12,Cyprus,Asia
cyp,2060,86.23,Cyprus,Asia
cyp,2061,86.34,Cyprus,Asia
cyp,2062,86.45,Cyprus,Asia
cyp,2063,86.55,Cyprus,Asia
cyp,2064,86.66,Cyprus,Asia
cyp,2065,86.77,Cyprus,Asia
cyp,2066,86.88,Cyprus,Asia
cyp,2067,86.98,Cyprus,Asia
cyp,2068,87.09,Cyprus,Asia
cyp,2069,87.19,Cyprus,Asia
cyp,2070,87.3,Cyprus,Asia
cyp,2071,87.4,Cyprus,Asia
cyp,2072,87.5,Cyprus,Asia
cyp,2073,87.61,Cyprus,Asia
cyp,2074,87.71,Cyprus,Asia
cyp,2075,87.82,Cyprus,Asia
cyp,2076,87.92,Cyprus,Asia
cyp,2077,88.03,Cyprus,Asia
cyp,2078,88.13,Cyprus,Asia
cyp,2079,88.24,Cyprus,Asia
cyp,2080,88.34,Cyprus,Asia
cyp,2081,88.45,Cyprus,Asia
cyp,2082,88.55,Cyprus,Asia
cyp,2083,88.66,Cyprus,Asia
cyp,2084,88.76,Cyprus,Asia
cyp,2085,88.87,Cyprus,Asia
cyp,2086,88.97,Cyprus,Asia
cyp,2087,89.08,Cyprus,Asia
cyp,2088,89.19,Cyprus,Asia
cyp,2089,89.3,Cyprus,Asia
cyp,2090,89.4,Cyprus,Asia
cyp,2091,89.51,Cyprus,Asia
cyp,2092,89.62,Cyprus,Asia
cyp,2093,89.73,Cyprus,Asia
cyp,2094,89.84,Cyprus,Asia
cyp,2095,89.95,Cyprus,Asia
cyp,2096,90.05,Cyprus,Asia
cyp,2097,90.16,Cyprus,Asia
cyp,2098,90.26,Cyprus,Asia
cyp,2099,90.37,Cyprus,Asia
cyp,2100,90.47,Cyprus,Asia
cze,1800,34.95,Czech Republic,Europe
cze,1801,34.95,Czech Republic,Europe
cze,1802,34.95,Czech Republic,Europe
cze,1803,34.95,Czech Republic,Europe
cze,1804,34.95,Czech Republic,Europe
cze,1805,34.95,Czech Republic,Europe
cze,1806,34.95,Czech Republic,Europe
cze,1807,34.95,Czech Republic,Europe
cze,1808,34.95,Czech Republic,Europe
cze,1809,34.95,Czech Republic,Europe
cze,1810,34.95,Czech Republic,Europe
cze,1811,34.95,Czech Republic,Europe
cze,1812,34.95,Czech Republic,Europe
cze,1813,34.95,Czech Republic,Europe
cze,1814,34.95,Czech Republic,Europe
cze,1815,34.95,Czech Republic,Europe
cze,1816,34.95,Czech Republic,Europe
cze,1817,34.95,Czech Republic,Europe
cze,1818,34.95,Czech Republic,Europe
cze,1819,34.95,Czech Republic,Europe
cze,1820,34.95,Czech Republic,Europe
cze,1821,34.95,Czech Republic,Europe
cze,1822,34.95,Czech Republic,Europe
cze,1823,34.95,Czech Republic,Europe
cze,1824,34.95,Czech Republic,Europe
cze,1825,34.95,Czech Republic,Europe
cze,1826,34.95,Czech Republic,Europe
cze,1827,34.95,Czech Republic,Europe
cze,1828,34.95,Czech Republic,Europe
cze,1829,34.95,Czech Republic,Europe
cze,1830,34.95,Czech Republic,Europe
cze,1831,34.95,Czech Republic,Europe
cze,1832,34.95,Czech Republic,Europe
cze,1833,34.95,Czech Republic,Europe
cze,1834,34.95,Czech Republic,Europe
cze,1835,34.95,Czech Republic,Europe
cze,1836,34.95,Czech Republic,Europe
cze,1837,34.95,Czech Republic,Europe
cze,1838,34.95,Czech Republic,Europe
cze,1839,34.95,Czech Republic,Europe
cze,1840,34.95,Czech Republic,Europe
cze,1841,34.95,Czech Republic,Europe
cze,1842,34.95,Czech Republic,Europe
cze,1843,34.95,Czech Republic,Europe
cze,1844,34.95,Czech Republic,Europe
cze,1845,34.95,Czech Republic,Europe
cze,1846,34.95,Czech Republic,Europe
cze,1847,34.95,Czech Republic,Europe
cze,1848,34.95,Czech Republic,Europe
cze,1849,34.95,Czech Republic,Europe
cze,1850,34.95,Czech Republic,Europe
cze,1851,34.95,Czech Republic,Europe
cze,1852,34.95,Czech Republic,Europe
cze,1853,34.95,Czech Republic,Europe
cze,1854,34.95,Czech Republic,Europe
cze,1855,34.95,Czech Republic,Europe
cze,1856,34.95,Czech Republic,Europe
cze,1857,34.95,Czech Republic,Europe
cze,1858,34.95,Czech Republic,Europe
cze,1859,34.95,Czech Republic,Europe
cze,1860,34.95,Czech Republic,Europe
cze,1861,34.95,Czech Republic,Europe
cze,1862,34.95,Czech Republic,Europe
cze,1863,34.95,Czech Republic,Europe
cze,1864,34.95,Czech Republic,Europe
cze,1865,34.95,Czech Republic,Europe
cze,1866,34.95,Czech Republic,Europe
cze,1867,34.95,Czech Republic,Europe
cze,1868,34.95,Czech Republic,Europe
cze,1869,34.95,Czech Republic,Europe
cze,1870,34.95,Czech Republic,Europe
cze,1871,34.95,Czech Republic,Europe
cze,1872,34.95,Czech Republic,Europe
cze,1873,34.95,Czech Republic,Europe
cze,1874,34.95,Czech Republic,Europe
cze,1875,34.95,Czech Republic,Europe
cze,1876,34.95,Czech Republic,Europe
cze,1877,34.95,Czech Republic,Europe
cze,1878,34.95,Czech Republic,Europe
cze,1879,34.95,Czech Republic,Europe
cze,1880,34.95,Czech Republic,Europe
cze,1881,34.96,Czech Republic,Europe
cze,1882,34.96,Czech Republic,Europe
cze,1883,34.96,Czech Republic,Europe
cze,1884,34.96,Czech Republic,Europe
cze,1885,34.96,Czech Republic,Europe
cze,1886,34.96,Czech Republic,Europe
cze,1887,34.96,Czech Republic,Europe
cze,1888,34.96,Czech Republic,Europe
cze,1889,34.96,Czech Republic,Europe
cze,1890,34.97,Czech Republic,Europe
cze,1891,34.97,Czech Republic,Europe
cze,1892,34.97,Czech Republic,Europe
cze,1893,34.97,Czech Republic,Europe
cze,1894,34.97,Czech Republic,Europe
cze,1895,35.85,Czech Republic,Europe
cze,1896,36.72,Czech Republic,Europe
cze,1897,37.6,Czech Republic,Europe
cze,1898,38.47,Czech Republic,Europe
cze,1899,39.35,Czech Republic,Europe
cze,1900,40.22,Czech Republic,Europe
cze,1901,40.63,Czech Republic,Europe
cze,1902,41.03,Czech Republic,Europe
cze,1903,41.43,Czech Republic,Europe
cze,1904,41.84,Czech Republic,Europe
cze,1905,42.24,Czech Republic,Europe
cze,1906,42.64,Czech Republic,Europe
cze,1907,43.04,Czech Republic,Europe
cze,1908,43.45,Czech Republic,Europe
cze,1909,43.85,Czech Republic,Europe
cze,1910,44.25,Czech Republic,Europe
cze,1911,44.81,Czech Republic,Europe
cze,1912,45.37,Czech Republic,Europe
cze,1913,45.93,Czech Republic,Europe
cze,1914,46.49,Czech Republic,Europe
cze,1915,47.05,Czech Republic,Europe
cze,1916,47.61,Czech Republic,Europe
cze,1917,48.17,Czech Republic,Europe
cze,1918,35.68,Czech Republic,Europe
cze,1919,49.29,Czech Republic,Europe
cze,1920,49.85,Czech Republic,Europe
cze,1921,50.41,Czech Republic,Europe
cze,1922,50.97,Czech Republic,Europe
cze,1923,51.52,Czech Republic,Europe
cze,1924,52.08,Czech Republic,Europe
cze,1925,52.64,Czech Republic,Europe
cze,1926,53.2,Czech Republic,Europe
cze,1927,53.76,Czech Republic,Europe
cze,1928,54.32,Czech Republic,Europe
cze,1929,54.88,Czech Republic,Europe
cze,1930,55.44,Czech Republic,Europe
cze,1931,55.85,Czech Republic,Europe
cze,1932,56.26,Czech Republic,Europe
cze,1933,56.67,Czech Republic,Europe
cze,1934,57.08,Czech Republic,Europe
cze,1935,57.49,Czech Republic,Europe
cze,1936,57.9,Czech Republic,Europe
cze,1937,58.32,Czech Republic,Europe
cze,1938,58.77,Czech Republic,Europe
cze,1939,59.08,Czech Republic,Europe
cze,1940,58.86,Czech Republic,Europe
cze,1941,58.55,Czech Republic,Europe
cze,1942,56.66,Czech Republic,Europe
cze,1943,51.87,Czech Republic,Europe
cze,1944,46.78,Czech Republic,Europe
cze,1945,44.78,Czech Republic,Europe
cze,1946,57.85,Czech Republic,Europe
cze,1947,61.83,Czech Republic,Europe
cze,1948,62.83,Czech Republic,Europe
cze,1949,63.82,Czech Republic,Europe
cze,1950,64.25,Czech Republic,Europe
cze,1951,65.16,Czech Republic,Europe
cze,1952,66.67,Czech Republic,Europe
cze,1953,67.51,Czech Republic,Europe
cze,1954,68.15,Czech Republic,Europe
cze,1955,68.9,Czech Republic,Europe
cze,1956,69.34,Czech Republic,Europe
cze,1957,69.16,Czech Republic,Europe
cze,1958,69.9,Czech Republic,Europe
cze,1959,70.03,Czech Republic,Europe
cze,1960,70.39,Czech Republic,Europe
cze,1961,70.65,Czech Republic,Europe
cze,1962,70.23,Czech Republic,Europe
cze,1963,70.48,Czech Republic,Europe
cze,1964,70.61,Czech Republic,Europe
cze,1965,70.32,Czech Republic,Europe
cze,1966,70.54,Czech Republic,Europe
cze,1967,70.42,Czech Republic,Europe
cze,1968,70.01,Czech Republic,Europe
cze,1969,69.59,Czech Republic,Europe
cze,1970,69.68,Czech Republic,Europe
cze,1971,69.96,Czech Republic,Europe
cze,1972,70.39,Czech Republic,Europe
cze,1973,70.27,Czech Republic,Europe
cze,1974,70.32,Czech Republic,Europe
cze,1975,70.65,Czech Republic,Europe
cze,1976,70.79,Czech Republic,Europe
cze,1977,70.79,Czech Republic,Europe
cze,1978,70.82,Czech Republic,Europe
cze,1979,70.85,Czech Republic,Europe
cze,1980,70.5,Czech Republic,Europe
cze,1981,70.84,Czech Republic,Europe
cze,1982,71.04,Czech Republic,Europe
cze,1983,70.78,Czech Republic,Europe
cze,1984,70.96,Czech Republic,Europe
cze,1985,71.25,Czech Republic,Europe
cze,1986,71.29,Czech Republic,Europe
cze,1987,71.68,Czech Republic,Europe
cze,1988,71.86,Czech Republic,Europe
cze,1989,71.92,Czech Republic,Europe
cze,1990,71.58,Czech Republic,Europe
cze,1991,72.1,Czech Republic,Europe
cze,1992,72.44,Czech Republic,Europe
cze,1993,72.99,Czech Republic,Europe
cze,1994,73.22,Czech Republic,Europe
cze,1995,73.38,Czech Republic,Europe
cze,1996,74,Czech Republic,Europe
cze,1997,74.12,Czech Republic,Europe
cze,1998,74.73,Czech Republic,Europe
cze,1999,75.02,Czech Republic,Europe
cze,2000,75.2,Czech Republic,Europe
cze,2001,75.48,Czech Republic,Europe
cze,2002,75.69,Czech Republic,Europe
cze,2003,75.61,Czech Republic,Europe
cze,2004,76.14,Czech Republic,Europe
cze,2005,76.42,Czech Republic,Europe
cze,2006,76.95,Czech Republic,Europe
cze,2007,77.19,Czech Republic,Europe
cze,2008,77.35,Czech Republic,Europe
cze,2009,77.62,Czech Republic,Europe
cze,2010,77.85,Czech Republic,Europe
cze,2011,78.05,Czech Republic,Europe
cze,2012,78.3,Czech Republic,Europe
cze,2013,78.55,Czech Republic,Europe
cze,2014,78.95,Czech Republic,Europe
cze,2015,79,Czech Republic,Europe
cze,2016,79.17,Czech Republic,Europe
cze,2017,79.28,Czech Republic,Europe
cze,2018,79.29,Czech Republic,Europe
cze,2019,79.46,Czech Republic,Europe
cze,2020,78.46,Czech Republic,Europe
cze,2021,79.74,Czech Republic,Europe
cze,2022,79.88,Czech Republic,Europe
cze,2023,80.01,Czech Republic,Europe
cze,2024,80.15,Czech Republic,Europe
cze,2025,80.29,Czech Republic,Europe
cze,2026,80.43,Czech Republic,Europe
cze,2027,80.58,Czech Republic,Europe
cze,2028,80.73,Czech Republic,Europe
cze,2029,80.87,Czech Republic,Europe
cze,2030,81.02,Czech Republic,Europe
cze,2031,81.16,Czech Republic,Europe
cze,2032,81.31,Czech Republic,Europe
cze,2033,81.45,Czech Republic,Europe
cze,2034,81.6,Czech Republic,Europe
cze,2035,81.74,Czech Republic,Europe
cze,2036,81.89,Czech Republic,Europe
cze,2037,82.03,Czech Republic,Europe
cze,2038,82.18,Czech Republic,Europe
cze,2039,82.33,Czech Republic,Europe
cze,2040,82.47,Czech Republic,Europe
cze,2041,82.62,Czech Republic,Europe
cze,2042,82.76,Czech Republic,Europe
cze,2043,82.9,Czech Republic,Europe
cze,2044,83.05,Czech Republic,Europe
cze,2045,83.18,Czech Republic,Europe
cze,2046,83.32,Czech Republic,Europe
cze,2047,83.45,Czech Republic,Europe
cze,2048,83.58,Czech Republic,Europe
cze,2049,83.71,Czech Republic,Europe
cze,2050,83.84,Czech Republic,Europe
cze,2051,83.97,Czech Republic,Europe
cze,2052,84.09,Czech Republic,Europe
cze,2053,84.21,Czech Republic,Europe
cze,2054,84.33,Czech Republic,Europe
cze,2055,84.45,Czech Republic,Europe
cze,2056,84.57,Czech Republic,Europe
cze,2057,84.69,Czech Republic,Europe
cze,2058,84.81,Czech Republic,Europe
cze,2059,84.92,Czech Republic,Europe
cze,2060,85.04,Czech Republic,Europe
cze,2061,85.15,Czech Republic,Europe
cze,2062,85.27,Czech Republic,Europe
cze,2063,85.38,Czech Republic,Europe
cze,2064,85.49,Czech Republic,Europe
cze,2065,85.6,Czech Republic,Europe
cze,2066,85.71,Czech Republic,Europe
cze,2067,85.82,Czech Republic,Europe
cze,2068,85.93,Czech Republic,Europe
cze,2069,86.04,Czech Republic,Europe
cze,2070,86.15,Czech Republic,Europe
cze,2071,86.25,Czech Republic,Europe
cze,2072,86.36,Czech Republic,Europe
cze,2073,86.46,Czech Republic,Europe
cze,2074,86.57,Czech Republic,Europe
cze,2075,86.67,Czech Republic,Europe
cze,2076,86.78,Czech Republic,Europe
cze,2077,86.88,Czech Republic,Europe
cze,2078,86.99,Czech Republic,Europe
cze,2079,87.09,Czech Republic,Europe
cze,2080,87.2,Czech Republic,Europe
cze,2081,87.3,Czech Republic,Europe
cze,2082,87.41,Czech Republic,Europe
cze,2083,87.52,Czech Republic,Europe
cze,2084,87.62,Czech Republic,Europe
cze,2085,87.73,Czech Republic,Europe
cze,2086,87.83,Czech Republic,Europe
cze,2087,87.94,Czech Republic,Europe
cze,2088,88.04,Czech Republic,Europe
cze,2089,88.15,Czech Republic,Europe
cze,2090,88.25,Czech Republic,Europe
cze,2091,88.36,Czech Republic,Europe
cze,2092,88.46,Czech Republic,Europe
cze,2093,88.57,Czech Republic,Europe
cze,2094,88.68,Czech Republic,Europe
cze,2095,88.78,Czech Republic,Europe
cze,2096,88.89,Czech Republic,Europe
cze,2097,88.99,Czech Republic,Europe
cze,2098,89.09,Czech Republic,Europe
cze,2099,89.2,Czech Republic,Europe
cze,2100,89.3,Czech Republic,Europe
dnk,1800,37.41,Denmark,Europe
dnk,1801,38.51,Denmark,Europe
dnk,1802,44.37,Denmark,Europe
dnk,1803,44.84,Denmark,Europe
dnk,1804,42.83,Denmark,Europe
dnk,1805,43.02,Denmark,Europe
dnk,1806,43.78,Denmark,Europe
dnk,1807,42.58,Denmark,Europe
dnk,1808,39.37,Denmark,Europe
dnk,1809,39.22,Denmark,Europe
dnk,1810,41.71,Denmark,Europe
dnk,1811,39.31,Denmark,Europe
dnk,1812,36.04,Denmark,Europe
dnk,1813,40.9,Denmark,Europe
dnk,1814,38.8,Denmark,Europe
dnk,1815,42.67,Denmark,Europe
dnk,1816,44.08,Denmark,Europe
dnk,1817,46.48,Denmark,Europe
dnk,1818,46.38,Denmark,Europe
dnk,1819,45.26,Denmark,Europe
dnk,1820,43.14,Denmark,Europe
dnk,1821,39,Denmark,Europe
dnk,1822,43.36,Denmark,Europe
dnk,1823,46.37,Denmark,Europe
dnk,1824,44.56,Denmark,Europe
dnk,1825,43.14,Denmark,Europe
dnk,1826,40.26,Denmark,Europe
dnk,1827,41.11,Denmark,Europe
dnk,1828,36.64,Denmark,Europe
dnk,1829,31.02,Denmark,Europe
dnk,1830,34.11,Denmark,Europe
dnk,1831,29.25,Denmark,Europe
dnk,1832,32.53,Denmark,Europe
dnk,1833,36.2,Denmark,Europe
dnk,1834,36.53,Denmark,Europe
dnk,1835,38.35,Denmark,Europe
dnk,1836,39.92,Denmark,Europe
dnk,1837,41.5,Denmark,Europe
dnk,1838,43.11,Denmark,Europe
dnk,1839,41.86,Denmark,Europe
dnk,1840,41.06,Denmark,Europe
dnk,1841,42.64,Denmark,Europe
dnk,1842,42.49,Denmark,Europe
dnk,1843,43.85,Denmark,Europe
dnk,1844,44,Denmark,Europe
dnk,1845,43.35,Denmark,Europe
dnk,1846,40.43,Denmark,Europe
dnk,1847,40.47,Denmark,Europe
dnk,1848,40.73,Denmark,Europe
dnk,1849,39.5,Denmark,Europe
dnk,1850,43.5,Denmark,Europe
dnk,1851,44.57,Denmark,Europe
dnk,1852,43.08,Denmark,Europe
dnk,1853,38.6,Denmark,Europe
dnk,1854,44.74,Denmark,Europe
dnk,1855,46.18,Denmark,Europe
dnk,1856,46.78,Denmark,Europe
dnk,1857,42.49,Denmark,Europe
dnk,1858,40.04,Denmark,Europe
dnk,1859,44.42,Denmark,Europe
dnk,1860,45.11,Denmark,Europe
dnk,1861,47.65,Denmark,Europe
dnk,1862,47.62,Denmark,Europe
dnk,1863,47.58,Denmark,Europe
dnk,1864,40.2,Denmark,Europe
dnk,1865,39.85,Denmark,Europe
dnk,1866,42.95,Denmark,Europe
dnk,1867,44.97,Denmark,Europe
dnk,1868,45.66,Denmark,Europe
dnk,1869,46.13,Denmark,Europe
dnk,1870,46.06,Denmark,Europe
dnk,1871,46.15,Denmark,Europe
dnk,1872,47.54,Denmark,Europe
dnk,1873,47.59,Denmark,Europe
dnk,1874,46.12,Denmark,Europe
dnk,1875,44.52,Denmark,Europe
dnk,1876,45.9,Denmark,Europe
dnk,1877,47.43,Denmark,Europe
dnk,1878,47.62,Denmark,Europe
dnk,1879,46.31,Denmark,Europe
dnk,1880,44.89,Denmark,Europe
dnk,1881,48.4,Denmark,Europe
dnk,1882,46.8,Denmark,Europe
dnk,1883,48.6,Denmark,Europe
dnk,1884,48.64,Denmark,Europe
dnk,1885,49.73,Denmark,Europe
dnk,1886,49.05,Denmark,Europe
dnk,1887,48.76,Denmark,Europe
dnk,1888,46.76,Denmark,Europe
dnk,1889,47.88,Denmark,Europe
dnk,1890,47.35,Denmark,Europe
dnk,1891,46.89,Denmark,Europe
dnk,1892,47.55,Denmark,Europe
dnk,1893,47.2,Denmark,Europe
dnk,1894,49.49,Denmark,Europe
dnk,1895,51,Denmark,Europe
dnk,1896,53.07,Denmark,Europe
dnk,1897,51.94,Denmark,Europe
dnk,1898,53.24,Denmark,Europe
dnk,1899,50.8,Denmark,Europe
dnk,1900,52.04,Denmark,Europe
dnk,1901,52.75,Denmark,Europe
dnk,1902,54.84,Denmark,Europe
dnk,1903,54.91,Denmark,Europe
dnk,1904,55.92,Denmark,Europe
dnk,1905,54.52,Denmark,Europe
dnk,1906,56.72,Denmark,Europe
dnk,1907,56.25,Denmark,Europe
dnk,1908,55.08,Denmark,Europe
dnk,1909,57.57,Denmark,Europe
dnk,1910,58.22,Denmark,Europe
dnk,1911,57.15,Denmark,Europe
dnk,1912,58.23,Denmark,Europe
dnk,1913,59.08,Denmark,Europe
dnk,1914,58.68,Denmark,Europe
dnk,1915,58.61,Denmark,Europe
dnk,1916,57.12,Denmark,Europe
dnk,1917,57.47,Denmark,Europe
dnk,1918,56.41,Denmark,Europe
dnk,1919,57.16,Denmark,Europe
dnk,1920,57.72,Denmark,Europe
dnk,1921,61.96,Denmark,Europe
dnk,1922,60.83,Denmark,Europe
dnk,1923,61.41,Denmark,Europe
dnk,1924,61.38,Denmark,Europe
dnk,1925,62.16,Denmark,Europe
dnk,1926,61.91,Denmark,Europe
dnk,1927,61.44,Denmark,Europe
dnk,1928,62.14,Denmark,Europe
dnk,1929,62.21,Denmark,Europe
dnk,1930,62.53,Denmark,Europe
dnk,1931,62.11,Denmark,Europe
dnk,1932,62.96,Denmark,Europe
dnk,1933,63.89,Denmark,Europe
dnk,1934,64.39,Denmark,Europe
dnk,1935,63.16,Denmark,Europe
dnk,1936,63.74,Denmark,Europe
dnk,1937,64.23,Denmark,Europe
dnk,1938,65.25,Denmark,Europe
dnk,1939,66.09,Denmark,Europe
dnk,1940,66.54,Denmark,Europe
dnk,1941,66.29,Denmark,Europe
dnk,1942,67.44,Denmark,Europe
dnk,1943,67.74,Denmark,Europe
dnk,1944,66.69,Denmark,Europe
dnk,1945,66.38,Denmark,Europe
dnk,1946,67.54,Denmark,Europe
dnk,1947,68.85,Denmark,Europe
dnk,1948,70.44,Denmark,Europe
dnk,1949,70.47,Denmark,Europe
dnk,1950,70.66,Denmark,Europe
dnk,1951,71.05,Denmark,Europe
dnk,1952,71.12,Denmark,Europe
dnk,1953,71.4,Denmark,Europe
dnk,1954,71.69,Denmark,Europe
dnk,1955,72.1,Denmark,Europe
dnk,1956,72.22,Denmark,Europe
dnk,1957,72.21,Denmark,Europe
dnk,1958,72.43,Denmark,Europe
dnk,1959,72.46,Denmark,Europe
dnk,1960,72.51,Denmark,Europe
dnk,1961,72.61,Denmark,Europe
dnk,1962,72.63,Denmark,Europe
dnk,1963,72.63,Denmark,Europe
dnk,1964,72.73,Denmark,Europe
dnk,1965,72.66,Denmark,Europe
dnk,1966,72.8,Denmark,Europe
dnk,1967,73.06,Denmark,Europe
dnk,1968,73.28,Denmark,Europe
dnk,1969,73.46,Denmark,Europe
dnk,1970,73.57,Denmark,Europe
dnk,1971,73.59,Denmark,Europe
dnk,1972,73.7,Denmark,Europe
dnk,1973,73.9,Denmark,Europe
dnk,1974,74.08,Denmark,Europe
dnk,1975,74.24,Denmark,Europe
dnk,1976,74.23,Denmark,Europe
dnk,1977,74.69,Denmark,Europe
dnk,1978,74.66,Denmark,Europe
dnk,1979,74.51,Denmark,Europe
dnk,1980,74.39,Denmark,Europe
dnk,1981,74.55,Denmark,Europe
dnk,1982,74.73,Denmark,Europe
dnk,1983,74.74,Denmark,Europe
dnk,1984,74.83,Denmark,Europe
dnk,1985,74.82,Denmark,Europe
dnk,1986,74.94,Denmark,Europe
dnk,1987,74.98,Denmark,Europe
dnk,1988,75.14,Denmark,Europe
dnk,1989,75.12,Denmark,Europe
dnk,1990,75.23,Denmark,Europe
dnk,1991,75.42,Denmark,Europe
dnk,1992,75.48,Denmark,Europe
dnk,1993,75.54,Denmark,Europe
dnk,1994,75.49,Denmark,Europe
dnk,1995,75.6,Denmark,Europe
dnk,1996,75.91,Denmark,Europe
dnk,1997,76.29,Denmark,Europe
dnk,1998,76.67,Denmark,Europe
dnk,1999,76.7,Denmark,Europe
dnk,2000,77.16,Denmark,Europe
dnk,2001,77.29,Denmark,Europe
dnk,2002,77.41,Denmark,Europe
dnk,2003,77.67,Denmark,Europe
dnk,2004,77.99,Denmark,Europe
dnk,2005,78.34,Denmark,Europe
dnk,2006,78.53,Denmark,Europe
dnk,2007,78.68,Denmark,Europe
dnk,2008,78.97,Denmark,Europe
dnk,2009,79.21,Denmark,Europe
dnk,2010,79.52,Denmark,Europe
dnk,2011,79.94,Denmark,Europe
dnk,2012,80.25,Denmark,Europe
dnk,2013,80.52,Denmark,Europe
dnk,2014,80.8,Denmark,Europe
dnk,2015,80.99,Denmark,Europe
dnk,2016,81.03,Denmark,Europe
dnk,2017,81.06,Denmark,Europe
dnk,2018,81.09,Denmark,Europe
dnk,2019,81.13,Denmark,Europe
dnk,2020,81.23,Denmark,Europe
dnk,2021,81.4,Denmark,Europe
dnk,2022,81.55,Denmark,Europe
dnk,2023,81.7,Denmark,Europe
dnk,2024,81.85,Denmark,Europe
dnk,2025,82,Denmark,Europe
dnk,2026,82.15,Denmark,Europe
dnk,2027,82.3,Denmark,Europe
dnk,2028,82.45,Denmark,Europe
dnk,2029,82.59,Denmark,Europe
dnk,2030,82.74,Denmark,Europe
dnk,2031,82.89,Denmark,Europe
dnk,2032,83.04,Denmark,Europe
dnk,2033,83.18,Denmark,Europe
dnk,2034,83.33,Denmark,Europe
dnk,2035,83.47,Denmark,Europe
dnk,2036,83.62,Denmark,Europe
dnk,2037,83.76,Denmark,Europe
dnk,2038,83.9,Denmark,Europe
dnk,2039,84.04,Denmark,Europe
dnk,2040,84.17,Denmark,Europe
dnk,2041,84.3,Denmark,Europe
dnk,2042,84.43,Denmark,Europe
dnk,2043,84.55,Denmark,Europe
dnk,2044,84.68,Denmark,Europe
dnk,2045,84.8,Denmark,Europe
dnk,2046,84.92,Denmark,Europe
dnk,2047,85.04,Denmark,Europe
dnk,2048,85.16,Denmark,Europe
dnk,2049,85.27,Denmark,Europe
dnk,2050,85.39,Denmark,Europe
dnk,2051,85.5,Denmark,Europe
dnk,2052,85.62,Denmark,Europe
dnk,2053,85.73,Denmark,Europe
dnk,2054,85.84,Denmark,Europe
dnk,2055,85.95,Denmark,Europe
dnk,2056,86.06,Denmark,Europe
dnk,2057,86.17,Denmark,Europe
dnk,2058,86.28,Denmark,Europe
dnk,2059,86.39,Denmark,Europe
dnk,2060,86.49,Denmark,Europe
dnk,2061,86.6,Denmark,Europe
dnk,2062,86.7,Denmark,Europe
dnk,2063,86.81,Denmark,Europe
dnk,2064,86.92,Denmark,Europe
dnk,2065,87.02,Denmark,Europe
dnk,2066,87.13,Denmark,Europe
dnk,2067,87.24,Denmark,Europe
dnk,2068,87.34,Denmark,Europe
dnk,2069,87.45,Denmark,Europe
dnk,2070,87.56,Denmark,Europe
dnk,2071,87.66,Denmark,Europe
dnk,2072,87.77,Denmark,Europe
dnk,2073,87.88,Denmark,Europe
dnk,2074,87.98,Denmark,Europe
dnk,2075,88.09,Denmark,Europe
dnk,2076,88.19,Denmark,Europe
dnk,2077,88.3,Denmark,Europe
dnk,2078,88.41,Denmark,Europe
dnk,2079,88.51,Denmark,Europe
dnk,2080,88.62,Denmark,Europe
dnk,2081,88.73,Denmark,Europe
dnk,2082,88.84,Denmark,Europe
dnk,2083,88.94,Denmark,Europe
dnk,2084,89.05,Denmark,Europe
dnk,2085,89.15,Denmark,Europe
dnk,2086,89.26,Denmark,Europe
dnk,2087,89.37,Denmark,Europe
dnk,2088,89.47,Denmark,Europe
dnk,2089,89.58,Denmark,Europe
dnk,2090,89.69,Denmark,Europe
dnk,2091,89.8,Denmark,Europe
dnk,2092,89.9,Denmark,Europe
dnk,2093,90.01,Denmark,Europe
dnk,2094,90.12,Denmark,Europe
dnk,2095,90.23,Denmark,Europe
dnk,2096,90.33,Denmark,Europe
dnk,2097,90.44,Denmark,Europe
dnk,2098,90.54,Denmark,Europe
dnk,2099,90.64,Denmark,Europe
dnk,2100,90.75,Denmark,Europe
dji,1800,29.9,Djibouti,Africa
dji,1801,29.9,Djibouti,Africa
dji,1802,29.9,Djibouti,Africa
dji,1803,29.9,Djibouti,Africa
dji,1804,29.9,Djibouti,Africa
dji,1805,29.9,Djibouti,Africa
dji,1806,29.9,Djibouti,Africa
dji,1807,29.9,Djibouti,Africa
dji,1808,29.9,Djibouti,Africa
dji,1809,29.9,Djibouti,Africa
dji,1810,29.9,Djibouti,Africa
dji,1811,29.9,Djibouti,Africa
dji,1812,29.9,Djibouti,Africa
dji,1813,29.9,Djibouti,Africa
dji,1814,29.9,Djibouti,Africa
dji,1815,29.9,Djibouti,Africa
dji,1816,29.9,Djibouti,Africa
dji,1817,29.9,Djibouti,Africa
dji,1818,29.9,Djibouti,Africa
dji,1819,29.9,Djibouti,Africa
dji,1820,29.9,Djibouti,Africa
dji,1821,29.9,Djibouti,Africa
dji,1822,29.9,Djibouti,Africa
dji,1823,29.9,Djibouti,Africa
dji,1824,29.9,Djibouti,Africa
dji,1825,29.9,Djibouti,Africa
dji,1826,29.9,Djibouti,Africa
dji,1827,29.9,Djibouti,Africa
dji,1828,29.9,Djibouti,Africa
dji,1829,29.9,Djibouti,Africa
dji,1830,29.9,Djibouti,Africa
dji,1831,29.9,Djibouti,Africa
dji,1832,29.9,Djibouti,Africa
dji,1833,29.9,Djibouti,Africa
dji,1834,29.9,Djibouti,Africa
dji,1835,29.9,Djibouti,Africa
dji,1836,29.9,Djibouti,Africa
dji,1837,29.9,Djibouti,Africa
dji,1838,29.9,Djibouti,Africa
dji,1839,29.9,Djibouti,Africa
dji,1840,29.9,Djibouti,Africa
dji,1841,29.9,Djibouti,Africa
dji,1842,29.9,Djibouti,Africa
dji,1843,29.9,Djibouti,Africa
dji,1844,29.9,Djibouti,Africa
dji,1845,29.9,Djibouti,Africa
dji,1846,29.9,Djibouti,Africa
dji,1847,29.9,Djibouti,Africa
dji,1848,29.9,Djibouti,Africa
dji,1849,29.9,Djibouti,Africa
dji,1850,29.9,Djibouti,Africa
dji,1851,29.9,Djibouti,Africa
dji,1852,29.9,Djibouti,Africa
dji,1853,29.9,Djibouti,Africa
dji,1854,29.9,Djibouti,Africa
dji,1855,29.9,Djibouti,Africa
dji,1856,29.9,Djibouti,Africa
dji,1857,29.9,Djibouti,Africa
dji,1858,29.9,Djibouti,Africa
dji,1859,29.9,Djibouti,Africa
dji,1860,29.9,Djibouti,Africa
dji,1861,29.9,Djibouti,Africa
dji,1862,29.9,Djibouti,Africa
dji,1863,29.9,Djibouti,Africa
dji,1864,29.9,Djibouti,Africa
dji,1865,29.9,Djibouti,Africa
dji,1866,29.9,Djibouti,Africa
dji,1867,29.9,Djibouti,Africa
dji,1868,29.9,Djibouti,Africa
dji,1869,29.9,Djibouti,Africa
dji,1870,29.9,Djibouti,Africa
dji,1871,30.03,Djibouti,Africa
dji,1872,30.16,Djibouti,Africa
dji,1873,30.3,Djibouti,Africa
dji,1874,30.43,Djibouti,Africa
dji,1875,30.56,Djibouti,Africa
dji,1876,30.69,Djibouti,Africa
dji,1877,30.82,Djibouti,Africa
dji,1878,30.96,Djibouti,Africa
dji,1879,31.09,Djibouti,Africa
dji,1880,31.22,Djibouti,Africa
dji,1881,31.35,Djibouti,Africa
dji,1882,31.49,Djibouti,Africa
dji,1883,31.62,Djibouti,Africa
dji,1884,31.75,Djibouti,Africa
dji,1885,31.88,Djibouti,Africa
dji,1886,32.01,Djibouti,Africa
dji,1887,32.15,Djibouti,Africa
dji,1888,32.28,Djibouti,Africa
dji,1889,32.41,Djibouti,Africa
dji,1890,32.54,Djibouti,Africa
dji,1891,32.67,Djibouti,Africa
dji,1892,32.81,Djibouti,Africa
dji,1893,32.94,Djibouti,Africa
dji,1894,33.07,Djibouti,Africa
dji,1895,33.2,Djibouti,Africa
dji,1896,33.33,Djibouti,Africa
dji,1897,33.47,Djibouti,Africa
dji,1898,33.6,Djibouti,Africa
dji,1899,33.73,Djibouti,Africa
dji,1900,33.86,Djibouti,Africa
dji,1901,34,Djibouti,Africa
dji,1902,34.13,Djibouti,Africa
dji,1903,34.26,Djibouti,Africa
dji,1904,34.39,Djibouti,Africa
dji,1905,34.52,Djibouti,Africa
dji,1906,34.66,Djibouti,Africa
dji,1907,34.79,Djibouti,Africa
dji,1908,34.92,Djibouti,Africa
dji,1909,35.05,Djibouti,Africa
dji,1910,35.18,Djibouti,Africa
dji,1911,35.32,Djibouti,Africa
dji,1912,35.45,Djibouti,Africa
dji,1913,35.58,Djibouti,Africa
dji,1914,35.71,Djibouti,Africa
dji,1915,35.84,Djibouti,Africa
dji,1916,35.98,Djibouti,Africa
dji,1917,36.11,Djibouti,Africa
dji,1918,14.02,Djibouti,Africa
dji,1919,36.37,Djibouti,Africa
dji,1920,36.51,Djibouti,Africa
dji,1921,36.64,Djibouti,Africa
dji,1922,36.77,Djibouti,Africa
dji,1923,36.9,Djibouti,Africa
dji,1924,37.03,Djibouti,Africa
dji,1925,37.17,Djibouti,Africa
dji,1926,37.3,Djibouti,Africa
dji,1927,37.43,Djibouti,Africa
dji,1928,37.56,Djibouti,Africa
dji,1929,37.69,Djibouti,Africa
dji,1930,37.83,Djibouti,Africa
dji,1931,37.96,Djibouti,Africa
dji,1932,38.09,Djibouti,Africa
dji,1933,38.22,Djibouti,Africa
dji,1934,38.35,Djibouti,Africa
dji,1935,38.49,Djibouti,Africa
dji,1936,38.62,Djibouti,Africa
dji,1937,38.75,Djibouti,Africa
dji,1938,38.88,Djibouti,Africa
dji,1939,39.02,Djibouti,Africa
dji,1940,39.15,Djibouti,Africa
dji,1941,39.28,Djibouti,Africa
dji,1942,39.41,Djibouti,Africa
dji,1943,39.54,Djibouti,Africa
dji,1944,39.68,Djibouti,Africa
dji,1945,39.81,Djibouti,Africa
dji,1946,42.74,Djibouti,Africa
dji,1947,45.69,Djibouti,Africa
dji,1948,48.66,Djibouti,Africa
dji,1949,51.64,Djibouti,Africa
dji,1950,54.65,Djibouti,Africa
dji,1951,54.74,Djibouti,Africa
dji,1952,54.87,Djibouti,Africa
dji,1953,55,Djibouti,Africa
dji,1954,55.16,Djibouti,Africa
dji,1955,55.28,Djibouti,Africa
dji,1956,55.44,Djibouti,Africa
dji,1957,55.57,Djibouti,Africa
dji,1958,55.75,Djibouti,Africa
dji,1959,55.94,Djibouti,Africa
dji,1960,56.21,Djibouti,Africa
dji,1961,56.47,Djibouti,Africa
dji,1962,56.71,Djibouti,Africa
dji,1963,56.95,Djibouti,Africa
dji,1964,57.13,Djibouti,Africa
dji,1965,57.3,Djibouti,Africa
dji,1966,57.43,Djibouti,Africa
dji,1967,57.57,Djibouti,Africa
dji,1968,57.84,Djibouti,Africa
dji,1969,58.09,Djibouti,Africa
dji,1970,58.44,Djibouti,Africa
dji,1971,58.18,Djibouti,Africa
dji,1972,59.15,Djibouti,Africa
dji,1973,59.56,Djibouti,Africa
dji,1974,59.83,Djibouti,Africa
dji,1975,60.09,Djibouti,Africa
dji,1976,60.49,Djibouti,Africa
dji,1977,60.71,Djibouti,Africa
dji,1978,60.81,Djibouti,Africa
dji,1979,60.27,Djibouti,Africa
dji,1980,60.84,Djibouti,Africa
dji,1981,60.62,Djibouti,Africa
dji,1982,60.77,Djibouti,Africa
dji,1983,60.72,Djibouti,Africa
dji,1984,60.66,Djibouti,Africa
dji,1985,60.59,Djibouti,Africa
dji,1986,60.6,Djibouti,Africa
dji,1987,60.62,Djibouti,Africa
dji,1988,60.75,Djibouti,Africa
dji,1989,60.77,Djibouti,Africa
dji,1990,60.57,Djibouti,Africa
dji,1991,60.31,Djibouti,Africa
dji,1992,58.99,Djibouti,Africa
dji,1993,60.23,Djibouti,Africa
dji,1994,59.77,Djibouti,Africa
dji,1995,60.49,Djibouti,Africa
dji,1996,60.52,Djibouti,Africa
dji,1997,60.35,Djibouti,Africa
dji,1998,60.21,Djibouti,Africa
dji,1999,60.27,Djibouti,Africa
dji,2000,60.37,Djibouti,Africa
dji,2001,60.45,Djibouti,Africa
dji,2002,60.57,Djibouti,Africa
dji,2003,60.86,Djibouti,Africa
dji,2004,60.98,Djibouti,Africa
dji,2005,61.39,Djibouti,Africa
dji,2006,61.36,Djibouti,Africa
dji,2007,62.15,Djibouti,Africa
dji,2008,62.53,Djibouti,Africa
dji,2009,62.89,Djibouti,Africa
dji,2010,63.24,Djibouti,Africa
dji,2011,63.65,Djibouti,Africa
dji,2012,64.08,Djibouti,Africa
dji,2013,64.47,Djibouti,Africa
dji,2014,64.88,Djibouti,Africa
dji,2015,65.28,Djibouti,Africa
dji,2016,65.8,Djibouti,Africa
dji,2017,66.23,Djibouti,Africa
dji,2018,66.65,Djibouti,Africa
dji,2019,66.82,Djibouti,Africa
dji,2020,66.84,Djibouti,Africa
dji,2021,67.45,Djibouti,Africa
dji,2022,67.65,Djibouti,Africa
dji,2023,67.82,Djibouti,Africa
dji,2024,68,Djibouti,Africa
dji,2025,68.2,Djibouti,Africa
dji,2026,68.42,Djibouti,Africa
dji,2027,68.65,Djibouti,Africa
dji,2028,68.87,Djibouti,Africa
dji,2029,69.09,Djibouti,Africa
dji,2030,69.3,Djibouti,Africa
dji,2031,69.51,Djibouti,Africa
dji,2032,69.71,Djibouti,Africa
dji,2033,69.91,Djibouti,Africa
dji,2034,70.1,Djibouti,Africa
dji,2035,70.29,Djibouti,Africa
dji,2036,70.47,Djibouti,Africa
dji,2037,70.65,Djibouti,Africa
dji,2038,70.83,Djibouti,Africa
dji,2039,71.01,Djibouti,Africa
dji,2040,71.18,Djibouti,Africa
dji,2041,71.35,Djibouti,Africa
dji,2042,71.52,Djibouti,Africa
dji,2043,71.68,Djibouti,Africa
dji,2044,71.84,Djibouti,Africa
dji,2045,72,Djibouti,Africa
dji,2046,72.16,Djibouti,Africa
dji,2047,72.32,Djibouti,Africa
dji,2048,72.48,Djibouti,Africa
dji,2049,72.64,Djibouti,Africa
dji,2050,72.79,Djibouti,Africa
dji,2051,72.95,Djibouti,Africa
dji,2052,73.1,Djibouti,Africa
dji,2053,73.25,Djibouti,Africa
dji,2054,73.4,Djibouti,Africa
dji,2055,73.55,Djibouti,Africa
dji,2056,73.7,Djibouti,Africa
dji,2057,73.85,Djibouti,Africa
dji,2058,74,Djibouti,Africa
dji,2059,74.15,Djibouti,Africa
dji,2060,74.3,Djibouti,Africa
dji,2061,74.45,Djibouti,Africa
dji,2062,74.6,Djibouti,Africa
dji,2063,74.75,Djibouti,Africa
dji,2064,74.9,Djibouti,Africa
dji,2065,75.04,Djibouti,Africa
dji,2066,75.19,Djibouti,Africa
dji,2067,75.34,Djibouti,Africa
dji,2068,75.48,Djibouti,Africa
dji,2069,75.63,Djibouti,Africa
dji,2070,75.78,Djibouti,Africa
dji,2071,75.93,Djibouti,Africa
dji,2072,76.07,Djibouti,Africa
dji,2073,76.22,Djibouti,Africa
dji,2074,76.37,Djibouti,Africa
dji,2075,76.51,Djibouti,Africa
dji,2076,76.66,Djibouti,Africa
dji,2077,76.81,Djibouti,Africa
dji,2078,76.95,Djibouti,Africa
dji,2079,77.1,Djibouti,Africa
dji,2080,77.25,Djibouti,Africa
dji,2081,77.39,Djibouti,Africa
dji,2082,77.54,Djibouti,Africa
dji,2083,77.69,Djibouti,Africa
dji,2084,77.84,Djibouti,Africa
dji,2085,77.99,Djibouti,Africa
dji,2086,78.14,Djibouti,Africa
dji,2087,78.29,Djibouti,Africa
dji,2088,78.44,Djibouti,Africa
dji,2089,78.59,Djibouti,Africa
dji,2090,78.73,Djibouti,Africa
dji,2091,78.88,Djibouti,Africa
dji,2092,79.03,Djibouti,Africa
dji,2093,79.18,Djibouti,Africa
dji,2094,79.33,Djibouti,Africa
dji,2095,79.47,Djibouti,Africa
dji,2096,79.62,Djibouti,Africa
dji,2097,79.76,Djibouti,Africa
dji,2098,79.91,Djibouti,Africa
dji,2099,80.05,Djibouti,Africa
dji,2100,80.19,Djibouti,Africa
dma,1950,49.34,Dominica,North America
dma,1951,50.6,Dominica,North America
dma,1952,51.74,Dominica,North America
dma,1953,53.01,Dominica,North America
dma,1954,54.1,Dominica,North America
dma,1955,55.06,Dominica,North America
dma,1956,56.11,Dominica,North America
dma,1957,57.19,Dominica,North America
dma,1958,58.21,Dominica,North America
dma,1959,59.25,Dominica,North America
dma,1960,60.22,Dominica,North America
dma,1961,61.15,Dominica,North America
dma,1962,62.1,Dominica,North America
dma,1963,62.91,Dominica,North America
dma,1964,63.76,Dominica,North America
dma,1965,64.41,Dominica,North America
dma,1966,65.01,Dominica,North America
dma,1967,65.6,Dominica,North America
dma,1968,66.1,Dominica,North America
dma,1969,66.61,Dominica,North America
dma,1970,67.15,Dominica,North America
dma,1971,67.67,Dominica,North America
dma,1972,68.27,Dominica,North America
dma,1973,68.86,Dominica,North America
dma,1974,69.39,Dominica,North America
dma,1975,69.87,Dominica,North America
dma,1976,70.26,Dominica,North America
dma,1977,70.56,Dominica,North America
dma,1978,71.06,Dominica,North America
dma,1979,70.12,Dominica,North America
dma,1980,71.82,Dominica,North America
dma,1981,71.84,Dominica,North America
dma,1982,72.28,Dominica,North America
dma,1983,72.5,Dominica,North America
dma,1984,72.06,Dominica,North America
dma,1985,71.38,Dominica,North America
dma,1986,71.43,Dominica,North America
dma,1987,71.39,Dominica,North America
dma,1988,71.35,Dominica,North America
dma,1989,71.26,Dominica,North America
dma,1990,71.09,Dominica,North America
dma,1991,71.12,Dominica,North America
dma,1992,71.47,Dominica,North America
dma,1993,71.59,Dominica,North America
dma,1994,71.67,Dominica,North America
dma,1995,71.72,Dominica,North America
dma,1996,71.87,Dominica,North America
dma,1997,72.13,Dominica,North America
dma,1998,71.87,Dominica,North America
dma,1999,72.1,Dominica,North America
dma,2000,72.09,Dominica,North America
dma,2001,72.24,Dominica,North America
dma,2002,72.25,Dominica,North America
dma,2003,72.17,Dominica,North America
dma,2004,72.33,Dominica,North America
dma,2005,72.61,Dominica,North America
dma,2006,72.62,Dominica,North America
dma,2007,72.45,Dominica,North America
dma,2008,72.69,Dominica,North America
dma,2009,72.65,Dominica,North America
dma,2010,72.43,Dominica,North America
dma,2011,72.43,Dominica,North America
dma,2012,72.35,Dominica,North America
dma,2013,72.27,Dominica,North America
dma,2014,72.2,Dominica,North America
dma,2015,71.54,Dominica,North America
dma,2016,72.3,Dominica,North America
dma,2017,71.23,Dominica,North America
dma,2018,72.3,Dominica,North America
dma,2019,72.32,Dominica,North America
dom,1800,29.9,Dominican Republic,North America
dom,1801,29.9,Dominican Republic,North America
dom,1802,29.9,Dominican Republic,North America
dom,1803,29.9,Dominican Republic,North America
dom,1804,29.9,Dominican Republic,North America
dom,1805,29.9,Dominican Republic,North America
dom,1806,29.9,Dominican Republic,North America
dom,1807,29.9,Dominican Republic,North America
dom,1808,29.9,Dominican Republic,North America
dom,1809,29.9,Dominican Republic,North America
dom,1810,29.9,Dominican Republic,North America
dom,1811,29.9,Dominican Republic,North America
dom,1812,29.9,Dominican Republic,North America
dom,1813,29.9,Dominican Republic,North America
dom,1814,29.9,Dominican Republic,North America
dom,1815,29.9,Dominican Republic,North America
dom,1816,29.9,Dominican Republic,North America
dom,1817,29.9,Dominican Republic,North America
dom,1818,29.9,Dominican Republic,North America
dom,1819,29.9,Dominican Republic,North America
dom,1820,29.9,Dominican Republic,North America
dom,1821,29.9,Dominican Republic,North America
dom,1822,29.9,Dominican Republic,North America
dom,1823,29.9,Dominican Republic,North America
dom,1824,29.9,Dominican Republic,North America
dom,1825,29.9,Dominican Republic,North America
dom,1826,29.9,Dominican Republic,North America
dom,1827,29.9,Dominican Republic,North America
dom,1828,29.9,Dominican Republic,North America
dom,1829,29.9,Dominican Republic,North America
dom,1830,29.9,Dominican Republic,North America
dom,1831,29.9,Dominican Republic,North America
dom,1832,29.9,Dominican Republic,North America
dom,1833,29.9,Dominican Republic,North America
dom,1834,29.9,Dominican Republic,North America
dom,1835,29.9,Dominican Republic,North America
dom,1836,29.9,Dominican Republic,North America
dom,1837,29.9,Dominican Republic,North America
dom,1838,29.9,Dominican Republic,North America
dom,1839,29.9,Dominican Republic,North America
dom,1840,29.9,Dominican Republic,North America
dom,1841,29.9,Dominican Republic,North America
dom,1842,29.9,Dominican Republic,North America
dom,1843,29.9,Dominican Republic,North America
dom,1844,29.9,Dominican Republic,North America
dom,1845,29.9,Dominican Republic,North America
dom,1846,29.9,Dominican Republic,North America
dom,1847,29.9,Dominican Republic,North America
dom,1848,29.9,Dominican Republic,North America
dom,1849,29.9,Dominican Republic,North America
dom,1850,29.9,Dominican Republic,North America
dom,1851,29.9,Dominican Republic,North America
dom,1852,29.9,Dominican Republic,North America
dom,1853,29.9,Dominican Republic,North America
dom,1854,29.9,Dominican Republic,North America
dom,1855,29.9,Dominican Republic,North America
dom,1856,29.9,Dominican Republic,North America
dom,1857,29.9,Dominican Republic,North America
dom,1858,29.9,Dominican Republic,North America
dom,1859,29.9,Dominican Republic,North America
dom,1860,29.9,Dominican Republic,North America
dom,1861,29.9,Dominican Republic,North America
dom,1862,29.9,Dominican Republic,North America
dom,1863,29.9,Dominican Republic,North America
dom,1864,29.9,Dominican Republic,North America
dom,1865,29.9,Dominican Republic,North America
dom,1866,29.9,Dominican Republic,North America
dom,1867,29.9,Dominican Republic,North America
dom,1868,29.9,Dominican Republic,North America
dom,1869,29.9,Dominican Republic,North America
dom,1870,29.9,Dominican Republic,North America
dom,1871,30,Dominican Republic,North America
dom,1872,30.1,Dominican Republic,North America
dom,1873,30.2,Dominican Republic,North America
dom,1874,30.3,Dominican Republic,North America
dom,1875,30.4,Dominican Republic,North America
dom,1876,30.5,Dominican Republic,North America
dom,1877,30.6,Dominican Republic,North America
dom,1878,30.7,Dominican Republic,North America
dom,1879,30.8,Dominican Republic,North America
dom,1880,30.9,Dominican Republic,North America
dom,1881,31,Dominican Republic,North America
dom,1882,31.1,Dominican Republic,North America
dom,1883,31.21,Dominican Republic,North America
dom,1884,31.31,Dominican Republic,North America
dom,1885,31.41,Dominican Republic,North America
dom,1886,31.51,Dominican Republic,North America
dom,1887,31.61,Dominican Republic,North America
dom,1888,31.71,Dominican Republic,North America
dom,1889,31.81,Dominican Republic,North America
dom,1890,31.91,Dominican Republic,North America
dom,1891,32.01,Dominican Republic,North America
dom,1892,32.11,Dominican Republic,North America
dom,1893,32.21,Dominican Republic,North America
dom,1894,32.31,Dominican Republic,North America
dom,1895,32.41,Dominican Republic,North America
dom,1896,32.51,Dominican Republic,North America
dom,1897,32.61,Dominican Republic,North America
dom,1898,32.71,Dominican Republic,North America
dom,1899,32.81,Dominican Republic,North America
dom,1900,32.91,Dominican Republic,North America
dom,1901,33.01,Dominican Republic,North America
dom,1902,33.11,Dominican Republic,North America
dom,1903,33.21,Dominican Republic,North America
dom,1904,33.31,Dominican Republic,North America
dom,1905,33.41,Dominican Republic,North America
dom,1906,33.51,Dominican Republic,North America
dom,1907,33.61,Dominican Republic,North America
dom,1908,33.72,Dominican Republic,North America
dom,1909,33.82,Dominican Republic,North America
dom,1910,33.92,Dominican Republic,North America
dom,1911,34.02,Dominican Republic,North America
dom,1912,34.12,Dominican Republic,North America
dom,1913,34.22,Dominican Republic,North America
dom,1914,34.32,Dominican Republic,North America
dom,1915,34.42,Dominican Republic,North America
dom,1916,34.52,Dominican Republic,North America
dom,1917,34.62,Dominican Republic,North America
dom,1918,22.52,Dominican Republic,North America
dom,1919,34.82,Dominican Republic,North America
dom,1920,34.92,Dominican Republic,North America
dom,1921,35.02,Dominican Republic,North America
dom,1922,35.12,Dominican Republic,North America
dom,1923,35.22,Dominican Republic,North America
dom,1924,35.32,Dominican Republic,North America
dom,1925,35.42,Dominican Republic,North America
dom,1926,35.52,Dominican Republic,North America
dom,1927,35.62,Dominican Republic,North America
dom,1928,35.72,Dominican Republic,North America
dom,1929,35.82,Dominican Republic,North America
dom,1930,35.92,Dominican Republic,North America
dom,1931,36.02,Dominican Republic,North America
dom,1932,36.12,Dominican Republic,North America
dom,1933,36.23,Dominican Republic,North America
dom,1934,36.33,Dominican Republic,North America
dom,1935,36.43,Dominican Republic,North America
dom,1936,37.7,Dominican Republic,North America
dom,1937,38.98,Dominican Republic,North America
dom,1938,40.27,Dominican Republic,North America
dom,1939,41.56,Dominican Republic,North America
dom,1940,42.86,Dominican Republic,North America
dom,1941,44.17,Dominican Republic,North America
dom,1942,45.48,Dominican Republic,North America
dom,1943,46.8,Dominican Republic,North America
dom,1944,48.12,Dominican Republic,North America
dom,1945,49.46,Dominican Republic,North America
dom,1946,50.8,Dominican Republic,North America
dom,1947,52.14,Dominican Republic,North America
dom,1948,53.49,Dominican Republic,North America
dom,1949,54.85,Dominican Republic,North America
dom,1950,56.21,Dominican Republic,North America
dom,1951,57.77,Dominican Republic,North America
dom,1952,58.67,Dominican Republic,North America
dom,1953,59.97,Dominican Republic,North America
dom,1954,60.76,Dominican Republic,North America
dom,1955,60.36,Dominican Republic,North America
dom,1956,60.63,Dominican Republic,North America
dom,1957,61.05,Dominican Republic,North America
dom,1958,62.06,Dominican Republic,North America
dom,1959,61.35,Dominican Republic,North America
dom,1960,61.92,Dominican Republic,North America
dom,1961,61.81,Dominican Republic,North America
dom,1962,63.04,Dominican Republic,North America
dom,1963,63.6,Dominican Republic,North America
dom,1964,64.28,Dominican Republic,North America
dom,1965,61.62,Dominican Republic,North America
dom,1966,64.44,Dominican Republic,North America
dom,1967,63.93,Dominican Republic,North America
dom,1968,63.82,Dominican Republic,North America
dom,1969,64.15,Dominican Republic,North America
dom,1970,64.88,Dominican Republic,North America
dom,1971,65.3,Dominican Republic,North America
dom,1972,65.69,Dominican Republic,North America
dom,1973,66.35,Dominican Republic,North America
dom,1974,66.75,Dominican Republic,North America
dom,1975,67.18,Dominican Republic,North America
dom,1976,67.57,Dominican Republic,North America
dom,1977,68.34,Dominican Republic,North America
dom,1978,69.12,Dominican Republic,North America
dom,1979,68.4,Dominican Republic,North America
dom,1980,69.25,Dominican Republic,North America
dom,1981,69.5,Dominican Republic,North America
dom,1982,69.72,Dominican Republic,North America
dom,1983,69.91,Dominican Republic,North America
dom,1984,70.01,Dominican Republic,North America
dom,1985,70.24,Dominican Republic,North America
dom,1986,70.71,Dominican Republic,North America
dom,1987,70.73,Dominican Republic,North America
dom,1988,71.06,Dominican Republic,North America
dom,1989,71.59,Dominican Republic,North America
dom,1990,71.97,Dominican Republic,North America
dom,1991,72.48,Dominican Republic,North America
dom,1992,73.01,Dominican Republic,North America
dom,1993,73.19,Dominican Republic,North America
dom,1994,73.6,Dominican Republic,North America
dom,1995,73.71,Dominican Republic,North America
dom,1996,73.45,Dominican Republic,North America
dom,1997,73.35,Dominican Republic,North America
dom,1998,73.23,Dominican Republic,North America
dom,1999,73.41,Dominican Republic,North America
dom,2000,73.66,Dominican Republic,North America
dom,2001,73.79,Dominican Republic,North America
dom,2002,73.9,Dominican Republic,North America
dom,2003,73.46,Dominican Republic,North America
dom,2004,72.58,Dominican Republic,North America
dom,2005,72.56,Dominican Republic,North America
dom,2006,72.68,Dominican Republic,North America
dom,2007,72.87,Dominican Republic,North America
dom,2008,73.28,Dominican Republic,North America
dom,2009,73.39,Dominican Republic,North America
dom,2010,73.5,Dominican Republic,North America
dom,2011,73.42,Dominican Republic,North America
dom,2012,72.87,Dominican Republic,North America
dom,2013,72.32,Dominican Republic,North America
dom,2014,72.17,Dominican Republic,North America
dom,2015,72,Dominican Republic,North America
dom,2016,72.1,Dominican Republic,North America
dom,2017,72.49,Dominican Republic,North America
dom,2018,72.86,Dominican Republic,North America
dom,2019,73.19,Dominican Republic,North America
dom,2020,72.66,Dominican Republic,North America
dom,2021,73.52,Dominican Republic,North America
dom,2022,73.68,Dominican Republic,North America
dom,2023,73.84,Dominican Republic,North America
dom,2024,74,Dominican Republic,North America
dom,2025,74.16,Dominican Republic,North America
dom,2026,74.32,Dominican Republic,North America
dom,2027,74.48,Dominican Republic,North America
dom,2028,74.64,Dominican Republic,North America
dom,2029,74.8,Dominican Republic,North America
dom,2030,74.96,Dominican Republic,North America
dom,2031,75.12,Dominican Republic,North America
dom,2032,75.28,Dominican Republic,North America
dom,2033,75.44,Dominican Republic,North America
dom,2034,75.6,Dominican Republic,North America
dom,2035,75.75,Dominican Republic,North America
dom,2036,75.91,Dominican Republic,North America
dom,2037,76.07,Dominican Republic,North America
dom,2038,76.22,Dominican Republic,North America
dom,2039,76.38,Dominican Republic,North America
dom,2040,76.53,Dominican Republic,North America
dom,2041,76.69,Dominican Republic,North America
dom,2042,76.84,Dominican Republic,North America
dom,2043,77,Dominican Republic,North America
dom,2044,77.15,Dominican Republic,North America
dom,2045,77.31,Dominican Republic,North America
dom,2046,77.46,Dominican Republic,North America
dom,2047,77.62,Dominican Republic,North America
dom,2048,77.78,Dominican Republic,North America
dom,2049,77.93,Dominican Republic,North America
dom,2050,78.09,Dominican Republic,North America
dom,2051,78.24,Dominican Republic,North America
dom,2052,78.39,Dominican Republic,North America
dom,2053,78.55,Dominican Republic,North America
dom,2054,78.7,Dominican Republic,North America
dom,2055,78.85,Dominican Republic,North America
dom,2056,79.01,Dominican Republic,North America
dom,2057,79.16,Dominican Republic,North America
dom,2058,79.31,Dominican Republic,North America
dom,2059,79.47,Dominican Republic,North America
dom,2060,79.62,Dominican Republic,North America
dom,2061,79.77,Dominican Republic,North America
dom,2062,79.93,Dominican Republic,North America
dom,2063,80.08,Dominican Republic,North America
dom,2064,80.23,Dominican Republic,North America
dom,2065,80.38,Dominican Republic,North America
dom,2066,80.53,Dominican Republic,North America
dom,2067,80.68,Dominican Republic,North America
dom,2068,80.83,Dominican Republic,North America
dom,2069,80.97,Dominican Republic,North America
dom,2070,81.12,Dominican Republic,North America
dom,2071,81.26,Dominican Republic,North America
dom,2072,81.41,Dominican Republic,North America
dom,2073,81.55,Dominican Republic,North America
dom,2074,81.69,Dominican Republic,North America
dom,2075,81.83,Dominican Republic,North America
dom,2076,81.97,Dominican Republic,North America
dom,2077,82.1,Dominican Republic,North America
dom,2078,82.24,Dominican Republic,North America
dom,2079,82.37,Dominican Republic,North America
dom,2080,82.5,Dominican Republic,North America
dom,2081,82.63,Dominican Republic,North America
dom,2082,82.75,Dominican Republic,North America
dom,2083,82.88,Dominican Republic,North America
dom,2084,83,Dominican Republic,North America
dom,2085,83.12,Dominican Republic,North America
dom,2086,83.24,Dominican Republic,North America
dom,2087,83.35,Dominican Republic,North America
dom,2088,83.47,Dominican Republic,North America
dom,2089,83.58,Dominican Republic,North America
dom,2090,83.69,Dominican Republic,North America
dom,2091,83.81,Dominican Republic,North America
dom,2092,83.92,Dominican Republic,North America
dom,2093,84.03,Dominican Republic,North America
dom,2094,84.14,Dominican Republic,North America
dom,2095,84.25,Dominican Republic,North America
dom,2096,84.36,Dominican Republic,North America
dom,2097,84.47,Dominican Republic,North America
dom,2098,84.58,Dominican Republic,North America
dom,2099,84.69,Dominican Republic,North America
dom,2100,84.8,Dominican Republic,North America
ecu,1800,32.9,Ecuador,South America
ecu,1801,32.9,Ecuador,South America
ecu,1802,32.9,Ecuador,South America
ecu,1803,32.9,Ecuador,South America
ecu,1804,32.9,Ecuador,South America
ecu,1805,32.9,Ecuador,South America
ecu,1806,32.9,Ecuador,South America
ecu,1807,32.9,Ecuador,South America
ecu,1808,32.9,Ecuador,South America
ecu,1809,32.9,Ecuador,South America
ecu,1810,32.9,Ecuador,South America
ecu,1811,32.9,Ecuador,South America
ecu,1812,32.9,Ecuador,South America
ecu,1813,32.9,Ecuador,South America
ecu,1814,32.9,Ecuador,South America
ecu,1815,32.9,Ecuador,South America
ecu,1816,32.9,Ecuador,South America
ecu,1817,32.9,Ecuador,South America
ecu,1818,32.9,Ecuador,South America
ecu,1819,32.9,Ecuador,South America
ecu,1820,32.9,Ecuador,South America
ecu,1821,32.9,Ecuador,South America
ecu,1822,32.9,Ecuador,South America
ecu,1823,32.9,Ecuador,South America
ecu,1824,32.9,Ecuador,South America
ecu,1825,32.9,Ecuador,South America
ecu,1826,32.9,Ecuador,South America
ecu,1827,32.9,Ecuador,South America
ecu,1828,32.9,Ecuador,South America
ecu,1829,32.9,Ecuador,South America
ecu,1830,32.9,Ecuador,South America
ecu,1831,32.9,Ecuador,South America
ecu,1832,32.9,Ecuador,South America
ecu,1833,32.9,Ecuador,South America
ecu,1834,32.9,Ecuador,South America
ecu,1835,32.9,Ecuador,South America
ecu,1836,32.9,Ecuador,South America
ecu,1837,32.9,Ecuador,South America
ecu,1838,32.9,Ecuador,South America
ecu,1839,32.9,Ecuador,South America
ecu,1840,32.9,Ecuador,South America
ecu,1841,32.9,Ecuador,South America
ecu,1842,32.9,Ecuador,South America
ecu,1843,32.9,Ecuador,South America
ecu,1844,32.9,Ecuador,South America
ecu,1845,32.9,Ecuador,South America
ecu,1846,32.9,Ecuador,South America
ecu,1847,32.9,Ecuador,South America
ecu,1848,32.9,Ecuador,South America
ecu,1849,32.9,Ecuador,South America
ecu,1850,32.9,Ecuador,South America
ecu,1851,32.9,Ecuador,South America
ecu,1852,32.9,Ecuador,South America
ecu,1853,32.9,Ecuador,South America
ecu,1854,32.9,Ecuador,South America
ecu,1855,32.9,Ecuador,South America
ecu,1856,32.9,Ecuador,South America
ecu,1857,32.9,Ecuador,South America
ecu,1858,32.9,Ecuador,South America
ecu,1859,32.9,Ecuador,South America
ecu,1860,32.9,Ecuador,South America
ecu,1861,32.9,Ecuador,South America
ecu,1862,32.9,Ecuador,South America
ecu,1863,32.9,Ecuador,South America
ecu,1864,32.9,Ecuador,South America
ecu,1865,32.9,Ecuador,South America
ecu,1866,32.9,Ecuador,South America
ecu,1867,32.9,Ecuador,South America
ecu,1868,32.9,Ecuador,South America
ecu,1869,32.9,Ecuador,South America
ecu,1870,32.9,Ecuador,South America
ecu,1871,32.93,Ecuador,South America
ecu,1872,32.95,Ecuador,South America
ecu,1873,32.98,Ecuador,South America
ecu,1874,33,Ecuador,South America
ecu,1875,33.03,Ecuador,South America
ecu,1876,33.06,Ecuador,South America
ecu,1877,33.08,Ecuador,South America
ecu,1878,33.11,Ecuador,South America
ecu,1879,33.13,Ecuador,South America
ecu,1880,33.16,Ecuador,South America
ecu,1881,33.19,Ecuador,South America
ecu,1882,33.21,Ecuador,South America
ecu,1883,33.24,Ecuador,South America
ecu,1884,33.26,Ecuador,South America
ecu,1885,33.29,Ecuador,South America
ecu,1886,33.32,Ecuador,South America
ecu,1887,33.34,Ecuador,South America
ecu,1888,33.37,Ecuador,South America
ecu,1889,33.4,Ecuador,South America
ecu,1890,33.42,Ecuador,South America
ecu,1891,33.45,Ecuador,South America
ecu,1892,33.47,Ecuador,South America
ecu,1893,33.5,Ecuador,South America
ecu,1894,33.53,Ecuador,South America
ecu,1895,33.55,Ecuador,South America
ecu,1896,33.58,Ecuador,South America
ecu,1897,33.6,Ecuador,South America
ecu,1898,33.63,Ecuador,South America
ecu,1899,33.66,Ecuador,South America
ecu,1900,33.68,Ecuador,South America
ecu,1901,33.71,Ecuador,South America
ecu,1902,33.73,Ecuador,South America
ecu,1903,33.76,Ecuador,South America
ecu,1904,33.79,Ecuador,South America
ecu,1905,33.81,Ecuador,South America
ecu,1906,33.84,Ecuador,South America
ecu,1907,33.86,Ecuador,South America
ecu,1908,33.89,Ecuador,South America
ecu,1909,33.92,Ecuador,South America
ecu,1910,33.94,Ecuador,South America
ecu,1911,33.97,Ecuador,South America
ecu,1912,33.99,Ecuador,South America
ecu,1913,34.02,Ecuador,South America
ecu,1914,34.05,Ecuador,South America
ecu,1915,34.07,Ecuador,South America
ecu,1916,34.1,Ecuador,South America
ecu,1917,34.13,Ecuador,South America
ecu,1918,30.19,Ecuador,South America
ecu,1919,34.18,Ecuador,South America
ecu,1920,34.2,Ecuador,South America
ecu,1921,34.23,Ecuador,South America
ecu,1922,34.26,Ecuador,South America
ecu,1923,34.28,Ecuador,South America
ecu,1924,34.31,Ecuador,South America
ecu,1925,34.33,Ecuador,South America
ecu,1926,34.36,Ecuador,South America
ecu,1927,34.39,Ecuador,South America
ecu,1928,34.41,Ecuador,South America
ecu,1929,34.44,Ecuador,South America
ecu,1930,34.46,Ecuador,South America
ecu,1931,34.49,Ecuador,South America
ecu,1932,34.52,Ecuador,South America
ecu,1933,34.54,Ecuador,South America
ecu,1934,34.57,Ecuador,South America
ecu,1935,34.59,Ecuador,South America
ecu,1936,34.62,Ecuador,South America
ecu,1937,34.65,Ecuador,South America
ecu,1938,34.67,Ecuador,South America
ecu,1939,34.7,Ecuador,South America
ecu,1940,36.1,Ecuador,South America
ecu,1941,37.51,Ecuador,South America
ecu,1942,38.92,Ecuador,South America
ecu,1943,40.33,Ecuador,South America
ecu,1944,41.75,Ecuador,South America
ecu,1945,43.16,Ecuador,South America
ecu,1946,44.58,Ecuador,South America
ecu,1947,46,Ecuador,South America
ecu,1948,47.42,Ecuador,South America
ecu,1949,48.85,Ecuador,South America
ecu,1950,50.27,Ecuador,South America
ecu,1951,50.89,Ecuador,South America
ecu,1952,51.57,Ecuador,South America
ecu,1953,52.27,Ecuador,South America
ecu,1954,53.38,Ecuador,South America
ecu,1955,53.94,Ecuador,South America
ecu,1956,54.45,Ecuador,South America
ecu,1957,54.74,Ecuador,South America
ecu,1958,54.92,Ecuador,South America
ecu,1959,55.9,Ecuador,South America
ecu,1960,56.1,Ecuador,South America
ecu,1961,57.16,Ecuador,South America
ecu,1962,57.71,Ecuador,South America
ecu,1963,58.17,Ecuador,South America
ecu,1964,59.34,Ecuador,South America
ecu,1965,59.75,Ecuador,South America
ecu,1966,60.03,Ecuador,South America
ecu,1967,60.44,Ecuador,South America
ecu,1968,60.91,Ecuador,South America
ecu,1969,60.76,Ecuador,South America
ecu,1970,61.35,Ecuador,South America
ecu,1971,61.95,Ecuador,South America
ecu,1972,62.16,Ecuador,South America
ecu,1973,62.53,Ecuador,South America
ecu,1974,63.21,Ecuador,South America
ecu,1975,64.09,Ecuador,South America
ecu,1976,64.8,Ecuador,South America
ecu,1977,65.71,Ecuador,South America
ecu,1978,66,Ecuador,South America
ecu,1979,66.73,Ecuador,South America
ecu,1980,67.01,Ecuador,South America
ecu,1981,67.88,Ecuador,South America
ecu,1982,68.4,Ecuador,South America
ecu,1983,68.26,Ecuador,South America
ecu,1984,69.12,Ecuador,South America
ecu,1985,69.88,Ecuador,South America
ecu,1986,70.39,Ecuador,South America
ecu,1987,69.1,Ecuador,South America
ecu,1988,70.8,Ecuador,South America
ecu,1989,71.52,Ecuador,South America
ecu,1990,71.95,Ecuador,South America
ecu,1991,71.55,Ecuador,South America
ecu,1992,72.07,Ecuador,South America
ecu,1993,72.54,Ecuador,South America
ecu,1994,73.17,Ecuador,South America
ecu,1995,73.63,Ecuador,South America
ecu,1996,73.53,Ecuador,South America
ecu,1997,74.21,Ecuador,South America
ecu,1998,74.07,Ecuador,South America
ecu,1999,74.2,Ecuador,South America
ecu,2000,74.46,Ecuador,South America
ecu,2001,74.96,Ecuador,South America
ecu,2002,74.13,Ecuador,South America
ecu,2003,73.91,Ecuador,South America
ecu,2004,73.89,Ecuador,South America
ecu,2005,73.61,Ecuador,South America
ecu,2006,73.6,Ecuador,South America
ecu,2007,73.72,Ecuador,South America
ecu,2008,73.81,Ecuador,South America
ecu,2009,74.11,Ecuador,South America
ecu,2010,74.27,Ecuador,South America
ecu,2011,74.87,Ecuador,South America
ecu,2012,74.94,Ecuador,South America
ecu,2013,75.23,Ecuador,South America
ecu,2014,75.56,Ecuador,South America
ecu,2015,75.88,Ecuador,South America
ecu,2016,75.86,Ecuador,South America
ecu,2017,76.02,Ecuador,South America
ecu,2018,76.19,Ecuador,South America
ecu,2019,76.38,Ecuador,South America
ecu,2020,73.88,Ecuador,South America
ecu,2021,76.78,Ecuador,South America
ecu,2022,76.98,Ecuador,South America
ecu,2023,77.17,Ecuador,South America
ecu,2024,77.37,Ecuador,South America
ecu,2025,77.56,Ecuador,South America
ecu,2026,77.75,Ecuador,South America
ecu,2027,77.94,Ecuador,South America
ecu,2028,78.13,Ecuador,South America
ecu,2029,78.32,Ecuador,South America
ecu,2030,78.51,Ecuador,South America
ecu,2031,78.69,Ecuador,South America
ecu,2032,78.87,Ecuador,South America
ecu,2033,79.06,Ecuador,South America
ecu,2034,79.24,Ecuador,South America
ecu,2035,79.42,Ecuador,South America
ecu,2036,79.6,Ecuador,South America
ecu,2037,79.78,Ecuador,South America
ecu,2038,79.95,Ecuador,South America
ecu,2039,80.13,Ecuador,South America
ecu,2040,80.31,Ecuador,South America
ecu,2041,80.48,Ecuador,South America
ecu,2042,80.66,Ecuador,South America
ecu,2043,80.83,Ecuador,South America
ecu,2044,81,Ecuador,South America
ecu,2045,81.17,Ecuador,South America
ecu,2046,81.34,Ecuador,South America
ecu,2047,81.51,Ecuador,South America
ecu,2048,81.68,Ecuador,South America
ecu,2049,81.84,Ecuador,South America
ecu,2050,82.01,Ecuador,South America
ecu,2051,82.17,Ecuador,South America
ecu,2052,82.32,Ecuador,South America
ecu,2053,82.48,Ecuador,South America
ecu,2054,82.63,Ecuador,South America
ecu,2055,82.78,Ecuador,South America
ecu,2056,82.92,Ecuador,South America
ecu,2057,83.07,Ecuador,South America
ecu,2058,83.21,Ecuador,South America
ecu,2059,83.34,Ecuador,South America
ecu,2060,83.48,Ecuador,South America
ecu,2061,83.61,Ecuador,South America
ecu,2062,83.74,Ecuador,South America
ecu,2063,83.87,Ecuador,South America
ecu,2064,84,Ecuador,South America
ecu,2065,84.12,Ecuador,South America
ecu,2066,84.25,Ecuador,South America
ecu,2067,84.37,Ecuador,South America
ecu,2068,84.49,Ecuador,South America
ecu,2069,84.6,Ecuador,South America
ecu,2070,84.72,Ecuador,South America
ecu,2071,84.84,Ecuador,South America
ecu,2072,84.95,Ecuador,South America
ecu,2073,85.06,Ecuador,South America
ecu,2074,85.18,Ecuador,South America
ecu,2075,85.29,Ecuador,South America
ecu,2076,85.4,Ecuador,South America
ecu,2077,85.51,Ecuador,South America
ecu,2078,85.62,Ecuador,South America
ecu,2079,85.73,Ecuador,South America
ecu,2080,85.84,Ecuador,South America
ecu,2081,85.94,Ecuador,South America
ecu,2082,86.05,Ecuador,South America
ecu,2083,86.16,Ecuador,South America
ecu,2084,86.27,Ecuador,South America
ecu,2085,86.38,Ecuador,South America
ecu,2086,86.49,Ecuador,South America
ecu,2087,86.6,Ecuador,South America
ecu,2088,86.71,Ecuador,South America
ecu,2089,86.81,Ecuador,South America
ecu,2090,86.92,Ecuador,South America
ecu,2091,87.02,Ecuador,South America
ecu,2092,87.13,Ecuador,South America
ecu,2093,87.24,Ecuador,South America
ecu,2094,87.34,Ecuador,South America
ecu,2095,87.45,Ecuador,South America
ecu,2096,87.56,Ecuador,South America
ecu,2097,87.66,Ecuador,South America
ecu,2098,87.77,Ecuador,South America
ecu,2099,87.88,Ecuador,South America
ecu,2100,87.99,Ecuador,South America
egy,1800,33,Egypt,Africa
egy,1801,33,Egypt,Africa
egy,1802,33,Egypt,Africa
egy,1803,33,Egypt,Africa
egy,1804,33,Egypt,Africa
egy,1805,33,Egypt,Africa
egy,1806,33,Egypt,Africa
egy,1807,33,Egypt,Africa
egy,1808,33,Egypt,Africa
egy,1809,33,Egypt,Africa
egy,1810,33,Egypt,Africa
egy,1811,33,Egypt,Africa
egy,1812,33,Egypt,Africa
egy,1813,33,Egypt,Africa
egy,1814,33,Egypt,Africa
egy,1815,33,Egypt,Africa
egy,1816,33,Egypt,Africa
egy,1817,33,Egypt,Africa
egy,1818,33,Egypt,Africa
egy,1819,33,Egypt,Africa
egy,1820,33,Egypt,Africa
egy,1821,33,Egypt,Africa
egy,1822,33,Egypt,Africa
egy,1823,33,Egypt,Africa
egy,1824,33,Egypt,Africa
egy,1825,33,Egypt,Africa
egy,1826,33,Egypt,Africa
egy,1827,33,Egypt,Africa
egy,1828,33,Egypt,Africa
egy,1829,33,Egypt,Africa
egy,1830,33,Egypt,Africa
egy,1831,33,Egypt,Africa
egy,1832,33,Egypt,Africa
egy,1833,33,Egypt,Africa
egy,1834,33,Egypt,Africa
egy,1835,33,Egypt,Africa
egy,1836,33,Egypt,Africa
egy,1837,33,Egypt,Africa
egy,1838,33,Egypt,Africa
egy,1839,33,Egypt,Africa
egy,1840,33,Egypt,Africa
egy,1841,33,Egypt,Africa
egy,1842,33,Egypt,Africa
egy,1843,33,Egypt,Africa
egy,1844,33,Egypt,Africa
egy,1845,33,Egypt,Africa
egy,1846,33,Egypt,Africa
egy,1847,33,Egypt,Africa
egy,1848,33,Egypt,Africa
egy,1849,33,Egypt,Africa
egy,1850,33,Egypt,Africa
egy,1851,33,Egypt,Africa
egy,1852,33,Egypt,Africa
egy,1853,33,Egypt,Africa
egy,1854,33,Egypt,Africa
egy,1855,33,Egypt,Africa
egy,1856,33,Egypt,Africa
egy,1857,33,Egypt,Africa
egy,1858,33,Egypt,Africa
egy,1859,33,Egypt,Africa
egy,1860,33,Egypt,Africa
egy,1861,33,Egypt,Africa
egy,1862,33,Egypt,Africa
egy,1863,33,Egypt,Africa
egy,1864,33,Egypt,Africa
egy,1865,33,Egypt,Africa
egy,1866,33,Egypt,Africa
egy,1867,33,Egypt,Africa
egy,1868,33,Egypt,Africa
egy,1869,33,Egypt,Africa
egy,1870,33,Egypt,Africa
egy,1871,33.03,Egypt,Africa
egy,1872,33.06,Egypt,Africa
egy,1873,33.09,Egypt,Africa
egy,1874,33.12,Egypt,Africa
egy,1875,33.15,Egypt,Africa
egy,1876,33.18,Egypt,Africa
egy,1877,33.21,Egypt,Africa
egy,1878,33.24,Egypt,Africa
egy,1879,33.27,Egypt,Africa
egy,1880,33.3,Egypt,Africa
egy,1881,33.33,Egypt,Africa
egy,1882,33.36,Egypt,Africa
egy,1883,33.39,Egypt,Africa
egy,1884,33.42,Egypt,Africa
egy,1885,33.45,Egypt,Africa
egy,1886,33.48,Egypt,Africa
egy,1887,33.51,Egypt,Africa
egy,1888,33.54,Egypt,Africa
egy,1889,33.57,Egypt,Africa
egy,1890,33.6,Egypt,Africa
egy,1891,33.63,Egypt,Africa
egy,1892,33.66,Egypt,Africa
egy,1893,33.69,Egypt,Africa
egy,1894,33.72,Egypt,Africa
egy,1895,33.75,Egypt,Africa
egy,1896,33.78,Egypt,Africa
egy,1897,33.81,Egypt,Africa
egy,1898,33.84,Egypt,Africa
egy,1899,33.87,Egypt,Africa
egy,1900,33.9,Egypt,Africa
egy,1901,33.93,Egypt,Africa
egy,1902,33.96,Egypt,Africa
egy,1903,33.99,Egypt,Africa
egy,1904,34.02,Egypt,Africa
egy,1905,34.05,Egypt,Africa
egy,1906,34.08,Egypt,Africa
egy,1907,34.11,Egypt,Africa
egy,1908,34.14,Egypt,Africa
egy,1909,34.17,Egypt,Africa
egy,1910,34.2,Egypt,Africa
egy,1911,34.23,Egypt,Africa
egy,1912,34.26,Egypt,Africa
egy,1913,34.29,Egypt,Africa
egy,1914,34.32,Egypt,Africa
egy,1915,34.35,Egypt,Africa
egy,1916,34.38,Egypt,Africa
egy,1917,34.4,Egypt,Africa
egy,1918,26.35,Egypt,Africa
egy,1919,34.46,Egypt,Africa
egy,1920,34.49,Egypt,Africa
egy,1921,34.52,Egypt,Africa
egy,1922,34.55,Egypt,Africa
egy,1923,34.58,Egypt,Africa
egy,1924,34.61,Egypt,Africa
egy,1925,34.64,Egypt,Africa
egy,1926,34.67,Egypt,Africa
egy,1927,34.7,Egypt,Africa
egy,1928,32.31,Egypt,Africa
egy,1929,32.24,Egypt,Africa
egy,1930,37.32,Egypt,Africa
egy,1931,34.3,Egypt,Africa
egy,1932,32.74,Egypt,Africa
egy,1933,34.14,Egypt,Africa
egy,1934,33.33,Egypt,Africa
egy,1935,35.15,Egypt,Africa
egy,1936,33.17,Egypt,Africa
egy,1937,36.59,Egypt,Africa
egy,1938,36.94,Egypt,Africa
egy,1939,38.25,Egypt,Africa
egy,1940,36.58,Egypt,Africa
egy,1941,38,Egypt,Africa
egy,1942,32.49,Egypt,Africa
egy,1943,31.77,Egypt,Africa
egy,1944,35.64,Egypt,Africa
egy,1945,34.49,Egypt,Africa
egy,1946,36.77,Egypt,Africa
egy,1947,38.62,Egypt,Africa
egy,1948,38.76,Egypt,Africa
egy,1949,39.33,Egypt,Africa
egy,1950,41.25,Egypt,Africa
egy,1951,41.53,Egypt,Africa
egy,1952,43.7,Egypt,Africa
egy,1953,43.7,Egypt,Africa
egy,1954,44.11,Egypt,Africa
egy,1955,43.8,Egypt,Africa
egy,1956,44.63,Egypt,Africa
egy,1957,44.68,Egypt,Africa
egy,1958,44.87,Egypt,Africa
egy,1959,46.43,Egypt,Africa
egy,1960,46.87,Egypt,Africa
egy,1961,47.71,Egypt,Africa
egy,1962,47.71,Egypt,Africa
egy,1963,48.97,Egypt,Africa
egy,1964,49.67,Egypt,Africa
egy,1965,50.67,Egypt,Africa
egy,1966,50.39,Egypt,Africa
egy,1967,50.86,Egypt,Africa
egy,1968,50.85,Egypt,Africa
egy,1969,50.82,Egypt,Africa
egy,1970,51.25,Egypt,Africa
egy,1971,52.54,Egypt,Africa
egy,1972,52.63,Egypt,Africa
egy,1973,52.58,Egypt,Africa
egy,1974,53.85,Egypt,Africa
egy,1975,54.43,Egypt,Africa
egy,1976,55.01,Egypt,Africa
egy,1977,55.78,Egypt,Africa
egy,1978,56.66,Egypt,Africa
egy,1979,57.84,Egypt,Africa
egy,1980,58.48,Egypt,Africa
egy,1981,58.6,Egypt,Africa
egy,1982,59.09,Egypt,Africa
egy,1983,59.76,Egypt,Africa
egy,1984,60.51,Egypt,Africa
egy,1985,60.12,Egypt,Africa
egy,1986,60.65,Egypt,Africa
egy,1987,61.4,Egypt,Africa
egy,1988,62.69,Egypt,Africa
egy,1989,63.15,Egypt,Africa
egy,1990,63.92,Egypt,Africa
egy,1991,64.54,Egypt,Africa
egy,1992,65.21,Egypt,Africa
egy,1993,65.44,Egypt,Africa
egy,1994,65.74,Egypt,Africa
egy,1995,66.38,Egypt,Africa
egy,1996,66.92,Egypt,Africa
egy,1997,67.18,Egypt,Africa
egy,1998,67.55,Egypt,Africa
egy,1999,67.87,Egypt,Africa
egy,2000,68.54,Egypt,Africa
egy,2001,68.35,Egypt,Africa
egy,2002,68.29,Egypt,Africa
egy,2003,68.22,Egypt,Africa
egy,2004,68.48,Egypt,Africa
egy,2005,68.78,Egypt,Africa
egy,2006,68.9,Egypt,Africa
egy,2007,69.22,Egypt,Africa
egy,2008,69.29,Egypt,Africa
egy,2009,69.27,Egypt,Africa
egy,2010,69.44,Egypt,Africa
egy,2011,69.62,Egypt,Africa
egy,2012,69.68,Egypt,Africa
egy,2013,70.08,Egypt,Africa
egy,2014,70.26,Egypt,Africa
egy,2015,69.92,Egypt,Africa
egy,2016,70.21,Egypt,Africa
egy,2017,70.52,Egypt,Africa
egy,2018,70.74,Egypt,Africa
egy,2019,70.97,Egypt,Africa
egy,2020,70.96,Egypt,Africa
egy,2021,71.28,Egypt,Africa
egy,2022,71.44,Egypt,Africa
egy,2023,71.59,Egypt,Africa
egy,2024,71.74,Egypt,Africa
egy,2025,71.9,Egypt,Africa
egy,2026,72.05,Egypt,Africa
egy,2027,72.2,Egypt,Africa
egy,2028,72.35,Egypt,Africa
egy,2029,72.5,Egypt,Africa
egy,2030,72.65,Egypt,Africa
egy,2031,72.8,Egypt,Africa
egy,2032,72.94,Egypt,Africa
egy,2033,73.09,Egypt,Africa
egy,2034,73.23,Egypt,Africa
egy,2035,73.38,Egypt,Africa
egy,2036,73.52,Egypt,Africa
egy,2037,73.67,Egypt,Africa
egy,2038,73.81,Egypt,Africa
egy,2039,73.95,Egypt,Africa
egy,2040,74.09,Egypt,Africa
egy,2041,74.24,Egypt,Africa
egy,2042,74.38,Egypt,Africa
egy,2043,74.52,Egypt,Africa
egy,2044,74.66,Egypt,Africa
egy,2045,74.8,Egypt,Africa
egy,2046,74.94,Egypt,Africa
egy,2047,75.08,Egypt,Africa
egy,2048,75.21,Egypt,Africa
egy,2049,75.35,Egypt,Africa
egy,2050,75.49,Egypt,Africa
egy,2051,75.63,Egypt,Africa
egy,2052,75.76,Egypt,Africa
egy,2053,75.9,Egypt,Africa
egy,2054,76.04,Egypt,Africa
egy,2055,76.18,Egypt,Africa
egy,2056,76.32,Egypt,Africa
egy,2057,76.46,Egypt,Africa
egy,2058,76.6,Egypt,Africa
egy,2059,76.73,Egypt,Africa
egy,2060,76.87,Egypt,Africa
egy,2061,77.01,Egypt,Africa
egy,2062,77.15,Egypt,Africa
egy,2063,77.29,Egypt,Africa
egy,2064,77.43,Egypt,Africa
egy,2065,77.57,Egypt,Africa
egy,2066,77.71,Egypt,Africa
egy,2067,77.84,Egypt,Africa
egy,2068,77.98,Egypt,Africa
egy,2069,78.12,Egypt,Africa
egy,2070,78.26,Egypt,Africa
egy,2071,78.4,Egypt,Africa
egy,2072,78.54,Egypt,Africa
egy,2073,78.68,Egypt,Africa
egy,2074,78.82,Egypt,Africa
egy,2075,78.96,Egypt,Africa
egy,2076,79.1,Egypt,Africa
egy,2077,79.24,Egypt,Africa
egy,2078,79.38,Egypt,Africa
egy,2079,79.52,Egypt,Africa
egy,2080,79.66,Egypt,Africa
egy,2081,79.79,Egypt,Africa
egy,2082,79.93,Egypt,Africa
egy,2083,80.07,Egypt,Africa
egy,2084,80.21,Egypt,Africa
egy,2085,80.35,Egypt,Africa
egy,2086,80.49,Egypt,Africa
egy,2087,80.62,Egypt,Africa
egy,2088,80.76,Egypt,Africa
egy,2089,80.9,Egypt,Africa
egy,2090,81.04,Egypt,Africa
egy,2091,81.17,Egypt,Africa
egy,2092,81.3,Egypt,Africa
egy,2093,81.44,Egypt,Africa
egy,2094,81.57,Egypt,Africa
egy,2095,81.7,Egypt,Africa
egy,2096,81.83,Egypt,Africa
egy,2097,81.95,Egypt,Africa
egy,2098,82.08,Egypt,Africa
egy,2099,82.2,Egypt,Africa
egy,2100,82.33,Egypt,Africa
slv,1800,28.7,El Salvador,North America
slv,1801,28.7,El Salvador,North America
slv,1802,28.7,El Salvador,North America
slv,1803,28.7,El Salvador,North America
slv,1804,28.7,El Salvador,North America
slv,1805,28.7,El Salvador,North America
slv,1806,28.7,El Salvador,North America
slv,1807,28.7,El Salvador,North America
slv,1808,28.7,El Salvador,North America
slv,1809,28.7,El Salvador,North America
slv,1810,28.7,El Salvador,North America
slv,1811,28.7,El Salvador,North America
slv,1812,28.7,El Salvador,North America
slv,1813,28.7,El Salvador,North America
slv,1814,28.7,El Salvador,North America
slv,1815,28.7,El Salvador,North America
slv,1816,28.7,El Salvador,North America
slv,1817,28.7,El Salvador,North America
slv,1818,28.7,El Salvador,North America
slv,1819,28.7,El Salvador,North America
slv,1820,28.7,El Salvador,North America
slv,1821,28.7,El Salvador,North America
slv,1822,28.7,El Salvador,North America
slv,1823,28.7,El Salvador,North America
slv,1824,28.7,El Salvador,North America
slv,1825,28.7,El Salvador,North America
slv,1826,28.7,El Salvador,North America
slv,1827,28.7,El Salvador,North America
slv,1828,28.7,El Salvador,North America
slv,1829,28.7,El Salvador,North America
slv,1830,28.7,El Salvador,North America
slv,1831,28.7,El Salvador,North America
slv,1832,28.7,El Salvador,North America
slv,1833,28.7,El Salvador,North America
slv,1834,28.7,El Salvador,North America
slv,1835,28.7,El Salvador,North America
slv,1836,28.7,El Salvador,North America
slv,1837,28.7,El Salvador,North America
slv,1838,28.7,El Salvador,North America
slv,1839,28.7,El Salvador,North America
slv,1840,28.7,El Salvador,North America
slv,1841,28.7,El Salvador,North America
slv,1842,28.7,El Salvador,North America
slv,1843,28.7,El Salvador,North America
slv,1844,28.7,El Salvador,North America
slv,1845,28.7,El Salvador,North America
slv,1846,28.7,El Salvador,North America
slv,1847,28.7,El Salvador,North America
slv,1848,28.7,El Salvador,North America
slv,1849,28.7,El Salvador,North America
slv,1850,28.7,El Salvador,North America
slv,1851,28.7,El Salvador,North America
slv,1852,28.7,El Salvador,North America
slv,1853,28.7,El Salvador,North America
slv,1854,28.7,El Salvador,North America
slv,1855,28.7,El Salvador,North America
slv,1856,28.7,El Salvador,North America
slv,1857,28.7,El Salvador,North America
slv,1858,28.7,El Salvador,North America
slv,1859,28.7,El Salvador,North America
slv,1860,28.7,El Salvador,North America
slv,1861,28.7,El Salvador,North America
slv,1862,28.7,El Salvador,North America
slv,1863,28.7,El Salvador,North America
slv,1864,28.7,El Salvador,North America
slv,1865,28.7,El Salvador,North America
slv,1866,28.7,El Salvador,North America
slv,1867,28.7,El Salvador,North America
slv,1868,28.7,El Salvador,North America
slv,1869,28.7,El Salvador,North America
slv,1870,28.7,El Salvador,North America
slv,1871,28.72,El Salvador,North America
slv,1872,28.75,El Salvador,North America
slv,1873,28.77,El Salvador,North America
slv,1874,28.79,El Salvador,North America
slv,1875,28.82,El Salvador,North America
slv,1876,28.84,El Salvador,North America
slv,1877,28.86,El Salvador,North America
slv,1878,28.88,El Salvador,North America
slv,1879,28.91,El Salvador,North America
slv,1880,28.93,El Salvador,North America
slv,1881,28.95,El Salvador,North America
slv,1882,28.98,El Salvador,North America
slv,1883,29,El Salvador,North America
slv,1884,29.02,El Salvador,North America
slv,1885,29.05,El Salvador,North America
slv,1886,29.07,El Salvador,North America
slv,1887,29.09,El Salvador,North America
slv,1888,29.12,El Salvador,North America
slv,1889,29.14,El Salvador,North America
slv,1890,29.16,El Salvador,North America
slv,1891,29.18,El Salvador,North America
slv,1892,29.21,El Salvador,North America
slv,1893,29.23,El Salvador,North America
slv,1894,29.25,El Salvador,North America
slv,1895,29.28,El Salvador,North America
slv,1896,29.3,El Salvador,North America
slv,1897,29.32,El Salvador,North America
slv,1898,29.35,El Salvador,North America
slv,1899,29.37,El Salvador,North America
slv,1900,29.39,El Salvador,North America
slv,1901,29.42,El Salvador,North America
slv,1902,29.44,El Salvador,North America
slv,1903,29.46,El Salvador,North America
slv,1904,29.48,El Salvador,North America
slv,1905,29.51,El Salvador,North America
slv,1906,29.53,El Salvador,North America
slv,1907,29.55,El Salvador,North America
slv,1908,29.58,El Salvador,North America
slv,1909,29.6,El Salvador,North America
slv,1910,29.62,El Salvador,North America
slv,1911,29.65,El Salvador,North America
slv,1912,29.67,El Salvador,North America
slv,1913,29.69,El Salvador,North America
slv,1914,29.72,El Salvador,North America
slv,1915,29.74,El Salvador,North America
slv,1916,29.76,El Salvador,North America
slv,1917,29.78,El Salvador,North America
slv,1918,26.35,El Salvador,North America
slv,1919,29.83,El Salvador,North America
slv,1920,29.85,El Salvador,North America
slv,1921,29.88,El Salvador,North America
slv,1922,29.9,El Salvador,North America
slv,1923,29.92,El Salvador,North America
slv,1924,29.95,El Salvador,North America
slv,1925,29.97,El Salvador,North America
slv,1926,29.99,El Salvador,North America
slv,1927,30.01,El Salvador,North America
slv,1928,30.04,El Salvador,North America
slv,1929,30.06,El Salvador,North America
slv,1930,30.08,El Salvador,North America
slv,1931,30.87,El Salvador,North America
slv,1932,31.66,El Salvador,North America
slv,1933,32.45,El Salvador,North America
slv,1934,33.24,El Salvador,North America
slv,1935,34.03,El Salvador,North America
slv,1936,34.82,El Salvador,North America
slv,1937,35.62,El Salvador,North America
slv,1938,36.41,El Salvador,North America
slv,1939,37.21,El Salvador,North America
slv,1940,38,El Salvador,North America
slv,1941,38.8,El Salvador,North America
slv,1942,39.6,El Salvador,North America
slv,1943,40.4,El Salvador,North America
slv,1944,41.21,El Salvador,North America
slv,1945,42.01,El Salvador,North America
slv,1946,42.81,El Salvador,North America
slv,1947,43.62,El Salvador,North America
slv,1948,44.43,El Salvador,North America
slv,1949,45.23,El Salvador,North America
slv,1950,46.04,El Salvador,North America
slv,1951,45.58,El Salvador,North America
slv,1952,46.4,El Salvador,North America
slv,1953,47.5,El Salvador,North America
slv,1954,48.04,El Salvador,North America
slv,1955,48.83,El Salvador,North America
slv,1956,49.95,El Salvador,North America
slv,1957,50.32,El Salvador,North America
slv,1958,50.84,El Salvador,North America
slv,1959,52.06,El Salvador,North America
slv,1960,53.46,El Salvador,North America
slv,1961,53.87,El Salvador,North America
slv,1962,54.38,El Salvador,North America
slv,1963,55.32,El Salvador,North America
slv,1964,55.9,El Salvador,North America
slv,1965,56.44,El Salvador,North America
slv,1966,57.07,El Salvador,North America
slv,1967,58.31,El Salvador,North America
slv,1968,58.04,El Salvador,North America
slv,1969,57.25,El Salvador,North America
slv,1970,57.81,El Salvador,North America
slv,1971,60.22,El Salvador,North America
slv,1972,59.99,El Salvador,North America
slv,1973,61.37,El Salvador,North America
slv,1974,61.64,El Salvador,North America
slv,1975,62.42,El Salvador,North America
slv,1976,63.57,El Salvador,North America
slv,1977,63.65,El Salvador,North America
slv,1978,64.65,El Salvador,North America
slv,1979,64.05,El Salvador,North America
slv,1980,63.81,El Salvador,North America
slv,1981,58.05,El Salvador,North America
slv,1982,62.03,El Salvador,North America
slv,1983,60.59,El Salvador,North America
slv,1984,63.09,El Salvador,North America
slv,1985,65.59,El Salvador,North America
slv,1986,66.26,El Salvador,North America
slv,1987,67.48,El Salvador,North America
slv,1988,68.7,El Salvador,North America
slv,1989,67.66,El Salvador,North America
slv,1990,69.8,El Salvador,North America
slv,1991,70.14,El Salvador,North America
slv,1992,70.82,El Salvador,North America
slv,1993,70.87,El Salvador,North America
slv,1994,70.92,El Salvador,North America
slv,1995,71.59,El Salvador,North America
slv,1996,72.18,El Salvador,North America
slv,1997,72.1,El Salvador,North America
slv,1998,71.38,El Salvador,North America
slv,1999,72.79,El Salvador,North America
slv,2000,73.07,El Salvador,North America
slv,2001,73,El Salvador,North America
slv,2002,74.26,El Salvador,North America
slv,2003,73.86,El Salvador,North America
slv,2004,73.61,El Salvador,North America
slv,2005,73.58,El Salvador,North America
slv,2006,73.71,El Salvador,North America
slv,2007,74.11,El Salvador,North America
slv,2008,74.65,El Salvador,North America
slv,2009,74.06,El Salvador,North America
slv,2010,75.19,El Salvador,North America
slv,2011,75.07,El Salvador,North America
slv,2012,74.5,El Salvador,North America
slv,2013,74.27,El Salvador,North America
slv,2014,73.48,El Salvador,North America
slv,2015,73.4,El Salvador,North America
slv,2016,75.21,El Salvador,North America
slv,2017,75.41,El Salvador,North America
slv,2018,75.59,El Salvador,North America
slv,2019,75.72,El Salvador,North America
slv,2020,75.06,El Salvador,North America
slv,2021,76.16,El Salvador,North America
slv,2022,76.37,El Salvador,North America
slv,2023,76.59,El Salvador,North America
slv,2024,76.8,El Salvador,North America
slv,2025,77.01,El Salvador,North America
slv,2026,77.22,El Salvador,North America
slv,2027,77.42,El Salvador,North America
slv,2028,77.63,El Salvador,North America
slv,2029,77.83,El Salvador,North America
slv,2030,78.03,El Salvador,North America
slv,2031,78.23,El Salvador,North America
slv,2032,78.43,El Salvador,North America
slv,2033,78.63,El Salvador,North America
slv,2034,78.82,El Salvador,North America
slv,2035,79.01,El Salvador,North America
slv,2036,79.21,El Salvador,North America
slv,2037,79.4,El Salvador,North America
slv,2038,79.59,El Salvador,North America
slv,2039,79.78,El Salvador,North America
slv,2040,79.97,El Salvador,North America
slv,2041,80.15,El Salvador,North America
slv,2042,80.34,El Salvador,North America
slv,2043,80.53,El Salvador,North America
slv,2044,80.72,El Salvador,North America
slv,2045,80.9,El Salvador,North America
slv,2046,81.09,El Salvador,North America
slv,2047,81.27,El Salvador,North America
slv,2048,81.45,El Salvador,North America
slv,2049,81.64,El Salvador,North America
slv,2050,81.82,El Salvador,North America
slv,2051,82,El Salvador,North America
slv,2052,82.18,El Salvador,North America
slv,2053,82.35,El Salvador,North America
slv,2054,82.53,El Salvador,North America
slv,2055,82.71,El Salvador,North America
slv,2056,82.88,El Salvador,North America
slv,2057,83.06,El Salvador,North America
slv,2058,83.23,El Salvador,North America
slv,2059,83.4,El Salvador,North America
slv,2060,83.57,El Salvador,North America
slv,2061,83.74,El Salvador,North America
slv,2062,83.91,El Salvador,North America
slv,2063,84.07,El Salvador,North America
slv,2064,84.23,El Salvador,North America
slv,2065,84.39,El Salvador,North America
slv,2066,84.55,El Salvador,North America
slv,2067,84.71,El Salvador,North America
slv,2068,84.86,El Salvador,North America
slv,2069,85.01,El Salvador,North America
slv,2070,85.16,El Salvador,North America
slv,2071,85.3,El Salvador,North America
slv,2072,85.45,El Salvador,North America
slv,2073,85.59,El Salvador,North America
slv,2074,85.72,El Salvador,North America
slv,2075,85.86,El Salvador,North America
slv,2076,85.99,El Salvador,North America
slv,2077,86.12,El Salvador,North America
slv,2078,86.25,El Salvador,North America
slv,2079,86.37,El Salvador,North America
slv,2080,86.5,El Salvador,North America
slv,2081,86.63,El Salvador,North America
slv,2082,86.75,El Salvador,North America
slv,2083,86.88,El Salvador,North America
slv,2084,87,El Salvador,North America
slv,2085,87.12,El Salvador,North America
slv,2086,87.24,El Salvador,North America
slv,2087,87.36,El Salvador,North America
slv,2088,87.48,El Salvador,North America
slv,2089,87.6,El Salvador,North America
slv,2090,87.72,El Salvador,North America
slv,2091,87.84,El Salvador,North America
slv,2092,87.96,El Salvador,North America
slv,2093,88.07,El Salvador,North America
slv,2094,88.19,El Salvador,North America
slv,2095,88.3,El Salvador,North America
slv,2096,88.41,El Salvador,North America
slv,2097,88.53,El Salvador,North America
slv,2098,88.64,El Salvador,North America
slv,2099,88.75,El Salvador,North America
slv,2100,88.86,El Salvador,North America
gnq,1800,29.8,Equatorial Guinea,Africa
gnq,1801,29.8,Equatorial Guinea,Africa
gnq,1802,29.8,Equatorial Guinea,Africa
gnq,1803,29.8,Equatorial Guinea,Africa
gnq,1804,29.8,Equatorial Guinea,Africa
gnq,1805,29.8,Equatorial Guinea,Africa
gnq,1806,29.8,Equatorial Guinea,Africa
gnq,1807,29.8,Equatorial Guinea,Africa
gnq,1808,29.8,Equatorial Guinea,Africa
gnq,1809,29.8,Equatorial Guinea,Africa
gnq,1810,29.8,Equatorial Guinea,Africa
gnq,1811,29.8,Equatorial Guinea,Africa
gnq,1812,29.8,Equatorial Guinea,Africa
gnq,1813,29.8,Equatorial Guinea,Africa
gnq,1814,29.8,Equatorial Guinea,Africa
gnq,1815,29.8,Equatorial Guinea,Africa
gnq,1816,29.8,Equatorial Guinea,Africa
gnq,1817,29.8,Equatorial Guinea,Africa
gnq,1818,29.8,Equatorial Guinea,Africa
gnq,1819,29.8,Equatorial Guinea,Africa
gnq,1820,29.8,Equatorial Guinea,Africa
gnq,1821,29.8,Equatorial Guinea,Africa
gnq,1822,29.8,Equatorial Guinea,Africa
gnq,1823,29.8,Equatorial Guinea,Africa
gnq,1824,29.8,Equatorial Guinea,Africa
gnq,1825,29.8,Equatorial Guinea,Africa
gnq,1826,29.8,Equatorial Guinea,Africa
gnq,1827,29.8,Equatorial Guinea,Africa
gnq,1828,29.8,Equatorial Guinea,Africa
gnq,1829,29.8,Equatorial Guinea,Africa
gnq,1830,29.8,Equatorial Guinea,Africa
gnq,1831,29.8,Equatorial Guinea,Africa
gnq,1832,29.8,Equatorial Guinea,Africa
gnq,1833,29.8,Equatorial Guinea,Africa
gnq,1834,29.8,Equatorial Guinea,Africa
gnq,1835,29.8,Equatorial Guinea,Africa
gnq,1836,29.8,Equatorial Guinea,Africa
gnq,1837,29.8,Equatorial Guinea,Africa
gnq,1838,29.8,Equatorial Guinea,Africa
gnq,1839,29.8,Equatorial Guinea,Africa
gnq,1840,29.8,Equatorial Guinea,Africa
gnq,1841,29.8,Equatorial Guinea,Africa
gnq,1842,29.8,Equatorial Guinea,Africa
gnq,1843,29.8,Equatorial Guinea,Africa
gnq,1844,29.8,Equatorial Guinea,Africa
gnq,1845,29.8,Equatorial Guinea,Africa
gnq,1846,29.8,Equatorial Guinea,Africa
gnq,1847,29.8,Equatorial Guinea,Africa
gnq,1848,29.8,Equatorial Guinea,Africa
gnq,1849,29.8,Equatorial Guinea,Africa
gnq,1850,29.8,Equatorial Guinea,Africa
gnq,1851,29.8,Equatorial Guinea,Africa
gnq,1852,29.8,Equatorial Guinea,Africa
gnq,1853,29.8,Equatorial Guinea,Africa
gnq,1854,29.8,Equatorial Guinea,Africa
gnq,1855,29.8,Equatorial Guinea,Africa
gnq,1856,29.8,Equatorial Guinea,Africa
gnq,1857,29.8,Equatorial Guinea,Africa
gnq,1858,29.8,Equatorial Guinea,Africa
gnq,1859,29.8,Equatorial Guinea,Africa
gnq,1860,29.8,Equatorial Guinea,Africa
gnq,1861,29.8,Equatorial Guinea,Africa
gnq,1862,29.8,Equatorial Guinea,Africa
gnq,1863,29.8,Equatorial Guinea,Africa
gnq,1864,29.8,Equatorial Guinea,Africa
gnq,1865,29.8,Equatorial Guinea,Africa
gnq,1866,29.8,Equatorial Guinea,Africa
gnq,1867,29.8,Equatorial Guinea,Africa
gnq,1868,29.8,Equatorial Guinea,Africa
gnq,1869,29.8,Equatorial Guinea,Africa
gnq,1870,29.8,Equatorial Guinea,Africa
gnq,1871,29.86,Equatorial Guinea,Africa
gnq,1872,29.92,Equatorial Guinea,Africa
gnq,1873,29.98,Equatorial Guinea,Africa
gnq,1874,30.04,Equatorial Guinea,Africa
gnq,1875,30.09,Equatorial Guinea,Africa
gnq,1876,30.15,Equatorial Guinea,Africa
gnq,1877,30.21,Equatorial Guinea,Africa
gnq,1878,30.27,Equatorial Guinea,Africa
gnq,1879,30.33,Equatorial Guinea,Africa
gnq,1880,30.39,Equatorial Guinea,Africa
gnq,1881,30.45,Equatorial Guinea,Africa
gnq,1882,30.51,Equatorial Guinea,Africa
gnq,1883,30.57,Equatorial Guinea,Africa
gnq,1884,30.63,Equatorial Guinea,Africa
gnq,1885,30.68,Equatorial Guinea,Africa
gnq,1886,30.74,Equatorial Guinea,Africa
gnq,1887,30.8,Equatorial Guinea,Africa
gnq,1888,30.86,Equatorial Guinea,Africa
gnq,1889,30.92,Equatorial Guinea,Africa
gnq,1890,30.98,Equatorial Guinea,Africa
gnq,1891,31.04,Equatorial Guinea,Africa
gnq,1892,31.1,Equatorial Guinea,Africa
gnq,1893,31.16,Equatorial Guinea,Africa
gnq,1894,31.22,Equatorial Guinea,Africa
gnq,1895,31.27,Equatorial Guinea,Africa
gnq,1896,31.33,Equatorial Guinea,Africa
gnq,1897,31.39,Equatorial Guinea,Africa
gnq,1898,31.45,Equatorial Guinea,Africa
gnq,1899,31.51,Equatorial Guinea,Africa
gnq,1900,31.57,Equatorial Guinea,Africa
gnq,1901,31.63,Equatorial Guinea,Africa
gnq,1902,31.69,Equatorial Guinea,Africa
gnq,1903,31.75,Equatorial Guinea,Africa
gnq,1904,31.81,Equatorial Guinea,Africa
gnq,1905,31.86,Equatorial Guinea,Africa
gnq,1906,31.92,Equatorial Guinea,Africa
gnq,1907,31.98,Equatorial Guinea,Africa
gnq,1908,32.04,Equatorial Guinea,Africa
gnq,1909,32.1,Equatorial Guinea,Africa
gnq,1910,32.16,Equatorial Guinea,Africa
gnq,1911,32.22,Equatorial Guinea,Africa
gnq,1912,32.28,Equatorial Guinea,Africa
gnq,1913,32.34,Equatorial Guinea,Africa
gnq,1914,32.39,Equatorial Guinea,Africa
gnq,1915,32.45,Equatorial Guinea,Africa
gnq,1916,32.51,Equatorial Guinea,Africa
gnq,1917,32.57,Equatorial Guinea,Africa
gnq,1918,12.62,Equatorial Guinea,Africa
gnq,1919,32.69,Equatorial Guinea,Africa
gnq,1920,32.75,Equatorial Guinea,Africa
gnq,1921,32.81,Equatorial Guinea,Africa
gnq,1922,32.87,Equatorial Guinea,Africa
gnq,1923,32.93,Equatorial Guinea,Africa
gnq,1924,32.98,Equatorial Guinea,Africa
gnq,1925,33.04,Equatorial Guinea,Africa
gnq,1926,33.1,Equatorial Guinea,Africa
gnq,1927,33.16,Equatorial Guinea,Africa
gnq,1928,33.22,Equatorial Guinea,Africa
gnq,1929,33.28,Equatorial Guinea,Africa
gnq,1930,33.34,Equatorial Guinea,Africa
gnq,1931,33.4,Equatorial Guinea,Africa
gnq,1932,33.46,Equatorial Guinea,Africa
gnq,1933,33.52,Equatorial Guinea,Africa
gnq,1934,33.57,Equatorial Guinea,Africa
gnq,1935,33.63,Equatorial Guinea,Africa
gnq,1936,33.69,Equatorial Guinea,Africa
gnq,1937,33.75,Equatorial Guinea,Africa
gnq,1938,33.81,Equatorial Guinea,Africa
gnq,1939,33.87,Equatorial Guinea,Africa
gnq,1940,33.93,Equatorial Guinea,Africa
gnq,1941,33.99,Equatorial Guinea,Africa
gnq,1942,34.05,Equatorial Guinea,Africa
gnq,1943,34.11,Equatorial Guinea,Africa
gnq,1944,34.16,Equatorial Guinea,Africa
gnq,1945,34.22,Equatorial Guinea,Africa
gnq,1946,35.22,Equatorial Guinea,Africa
gnq,1947,36.22,Equatorial Guinea,Africa
gnq,1948,37.23,Equatorial Guinea,Africa
gnq,1949,38.24,Equatorial Guinea,Africa
gnq,1950,39.25,Equatorial Guinea,Africa
gnq,1951,39.25,Equatorial Guinea,Africa
gnq,1952,39.25,Equatorial Guinea,Africa
gnq,1953,39.27,Equatorial Guinea,Africa
gnq,1954,39.32,Equatorial Guinea,Africa
gnq,1955,39.33,Equatorial Guinea,Africa
gnq,1956,39.45,Equatorial Guinea,Africa
gnq,1957,39.63,Equatorial Guinea,Africa
gnq,1958,39.79,Equatorial Guinea,Africa
gnq,1959,40.03,Equatorial Guinea,Africa
gnq,1960,40.37,Equatorial Guinea,Africa
gnq,1961,40.73,Equatorial Guinea,Africa
gnq,1962,41.14,Equatorial Guinea,Africa
gnq,1963,41.71,Equatorial Guinea,Africa
gnq,1964,42.3,Equatorial Guinea,Africa
gnq,1965,42.89,Equatorial Guinea,Africa
gnq,1966,43.43,Equatorial Guinea,Africa
gnq,1967,43.97,Equatorial Guinea,Africa
gnq,1968,44.49,Equatorial Guinea,Africa
gnq,1969,44.92,Equatorial Guinea,Africa
gnq,1970,45.21,Equatorial Guinea,Africa
gnq,1971,45.54,Equatorial Guinea,Africa
gnq,1972,45.85,Equatorial Guinea,Africa
gnq,1973,46.25,Equatorial Guinea,Africa
gnq,1974,46.73,Equatorial Guinea,Africa
gnq,1975,47.39,Equatorial Guinea,Africa
gnq,1976,48.2,Equatorial Guinea,Africa
gnq,1977,49,Equatorial Guinea,Africa
gnq,1978,49.62,Equatorial Guinea,Africa
gnq,1979,47.07,Equatorial Guinea,Africa
gnq,1980,50.47,Equatorial Guinea,Africa
gnq,1981,50.71,Equatorial Guinea,Africa
gnq,1982,50.91,Equatorial Guinea,Africa
gnq,1983,50.99,Equatorial Guinea,Africa
gnq,1984,50.83,Equatorial Guinea,Africa
gnq,1985,51.06,Equatorial Guinea,Africa
gnq,1986,51.1,Equatorial Guinea,Africa
gnq,1987,51.06,Equatorial Guinea,Africa
gnq,1988,51.02,Equatorial Guinea,Africa
gnq,1989,51.06,Equatorial Guinea,Africa
gnq,1990,51.06,Equatorial Guinea,Africa
gnq,1991,51.24,Equatorial Guinea,Africa
gnq,1992,51.57,Equatorial Guinea,Africa
gnq,1993,51.8,Equatorial Guinea,Africa
gnq,1994,51.99,Equatorial Guinea,Africa
gnq,1995,52.23,Equatorial Guinea,Africa
gnq,1996,52.69,Equatorial Guinea,Africa
gnq,1997,54.39,Equatorial Guinea,Africa
gnq,1998,55.51,Equatorial Guinea,Africa
gnq,1999,56.56,Equatorial Guinea,Africa
gnq,2000,57.61,Equatorial Guinea,Africa
gnq,2001,58.94,Equatorial Guinea,Africa
gnq,2002,60.02,Equatorial Guinea,Africa
gnq,2003,60.46,Equatorial Guinea,Africa
gnq,2004,60.94,Equatorial Guinea,Africa
gnq,2005,61.13,Equatorial Guinea,Africa
gnq,2006,61.97,Equatorial Guinea,Africa
gnq,2007,62.46,Equatorial Guinea,Africa
gnq,2008,62.9,Equatorial Guinea,Africa
gnq,2009,63.52,Equatorial Guinea,Africa
gnq,2010,63.54,Equatorial Guinea,Africa
gnq,2011,63.13,Equatorial Guinea,Africa
gnq,2012,63.39,Equatorial Guinea,Africa
gnq,2013,64.45,Equatorial Guinea,Africa
gnq,2014,65.02,Equatorial Guinea,Africa
gnq,2015,64.77,Equatorial Guinea,Africa
gnq,2016,64.93,Equatorial Guinea,Africa
gnq,2017,65.57,Equatorial Guinea,Africa
gnq,2018,65.85,Equatorial Guinea,Africa
gnq,2019,65.98,Equatorial Guinea,Africa
gnq,2020,66.13,Equatorial Guinea,Africa
gnq,2021,66.69,Equatorial Guinea,Africa
gnq,2022,67.04,Equatorial Guinea,Africa
gnq,2023,67.38,Equatorial Guinea,Africa
gnq,2024,67.71,Equatorial Guinea,Africa
gnq,2025,68.04,Equatorial Guinea,Africa
gnq,2026,68.37,Equatorial Guinea,Africa
gnq,2027,68.69,Equatorial Guinea,Africa
gnq,2028,69,Equatorial Guinea,Africa
gnq,2029,69.31,Equatorial Guinea,Africa
gnq,2030,69.61,Equatorial Guinea,Africa
gnq,2031,69.9,Equatorial Guinea,Africa
gnq,2032,70.19,Equatorial Guinea,Africa
gnq,2033,70.46,Equatorial Guinea,Africa
gnq,2034,70.74,Equatorial Guinea,Africa
gnq,2035,71.01,Equatorial Guinea,Africa
gnq,2036,71.27,Equatorial Guinea,Africa
gnq,2037,71.52,Equatorial Guinea,Africa
gnq,2038,71.77,Equatorial Guinea,Africa
gnq,2039,72.01,Equatorial Guinea,Africa
gnq,2040,72.25,Equatorial Guinea,Africa
gnq,2041,72.48,Equatorial Guinea,Africa
gnq,2042,72.7,Equatorial Guinea,Africa
gnq,2043,72.92,Equatorial Guinea,Africa
gnq,2044,73.14,Equatorial Guinea,Africa
gnq,2045,73.35,Equatorial Guinea,Africa
gnq,2046,73.55,Equatorial Guinea,Africa
gnq,2047,73.75,Equatorial Guinea,Africa
gnq,2048,73.95,Equatorial Guinea,Africa
gnq,2049,74.14,Equatorial Guinea,Africa
gnq,2050,74.33,Equatorial Guinea,Africa
gnq,2051,74.52,Equatorial Guinea,Africa
gnq,2052,74.7,Equatorial Guinea,Africa
gnq,2053,74.88,Equatorial Guinea,Africa
gnq,2054,75.06,Equatorial Guinea,Africa
gnq,2055,75.23,Equatorial Guinea,Africa
gnq,2056,75.4,Equatorial Guinea,Africa
gnq,2057,75.57,Equatorial Guinea,Africa
gnq,2058,75.73,Equatorial Guinea,Africa
gnq,2059,75.9,Equatorial Guinea,Africa
gnq,2060,76.05,Equatorial Guinea,Africa
gnq,2061,76.21,Equatorial Guinea,Africa
gnq,2062,76.37,Equatorial Guinea,Africa
gnq,2063,76.52,Equatorial Guinea,Africa
gnq,2064,76.67,Equatorial Guinea,Africa
gnq,2065,76.83,Equatorial Guinea,Africa
gnq,2066,76.97,Equatorial Guinea,Africa
gnq,2067,77.12,Equatorial Guinea,Africa
gnq,2068,77.27,Equatorial Guinea,Africa
gnq,2069,77.41,Equatorial Guinea,Africa
gnq,2070,77.55,Equatorial Guinea,Africa
gnq,2071,77.7,Equatorial Guinea,Africa
gnq,2072,77.84,Equatorial Guinea,Africa
gnq,2073,77.98,Equatorial Guinea,Africa
gnq,2074,78.12,Equatorial Guinea,Africa
gnq,2075,78.26,Equatorial Guinea,Africa
gnq,2076,78.4,Equatorial Guinea,Africa
gnq,2077,78.54,Equatorial Guinea,Africa
gnq,2078,78.67,Equatorial Guinea,Africa
gnq,2079,78.8,Equatorial Guinea,Africa
gnq,2080,78.93,Equatorial Guinea,Africa
gnq,2081,79.06,Equatorial Guinea,Africa
gnq,2082,79.18,Equatorial Guinea,Africa
gnq,2083,79.31,Equatorial Guinea,Africa
gnq,2084,79.43,Equatorial Guinea,Africa
gnq,2085,79.56,Equatorial Guinea,Africa
gnq,2086,79.68,Equatorial Guinea,Africa
gnq,2087,79.81,Equatorial Guinea,Africa
gnq,2088,79.93,Equatorial Guinea,Africa
gnq,2089,80.05,Equatorial Guinea,Africa
gnq,2090,80.17,Equatorial Guinea,Africa
gnq,2091,80.3,Equatorial Guinea,Africa
gnq,2092,80.42,Equatorial Guinea,Africa
gnq,2093,80.54,Equatorial Guinea,Africa
gnq,2094,80.66,Equatorial Guinea,Africa
gnq,2095,80.78,Equatorial Guinea,Africa
gnq,2096,80.9,Equatorial Guinea,Africa
gnq,2097,81.02,Equatorial Guinea,Africa
gnq,2098,81.15,Equatorial Guinea,Africa
gnq,2099,81.27,Equatorial Guinea,Africa
gnq,2100,81.39,Equatorial Guinea,Africa
eri,1800,30.2,Eritrea,Africa
eri,1801,30.2,Eritrea,Africa
eri,1802,30.2,Eritrea,Africa
eri,1803,30.2,Eritrea,Africa
eri,1804,30.2,Eritrea,Africa
eri,1805,30.2,Eritrea,Africa
eri,1806,30.2,Eritrea,Africa
eri,1807,30.2,Eritrea,Africa
eri,1808,30.2,Eritrea,Africa
eri,1809,30.2,Eritrea,Africa
eri,1810,30.2,Eritrea,Africa
eri,1811,30.2,Eritrea,Africa
eri,1812,30.2,Eritrea,Africa
eri,1813,30.2,Eritrea,Africa
eri,1814,30.2,Eritrea,Africa
eri,1815,30.2,Eritrea,Africa
eri,1816,30.2,Eritrea,Africa
eri,1817,30.2,Eritrea,Africa
eri,1818,30.2,Eritrea,Africa
eri,1819,30.2,Eritrea,Africa
eri,1820,30.2,Eritrea,Africa
eri,1821,30.2,Eritrea,Africa
eri,1822,30.2,Eritrea,Africa
eri,1823,30.2,Eritrea,Africa
eri,1824,30.2,Eritrea,Africa
eri,1825,30.2,Eritrea,Africa
eri,1826,30.2,Eritrea,Africa
eri,1827,30.2,Eritrea,Africa
eri,1828,30.2,Eritrea,Africa
eri,1829,30.2,Eritrea,Africa
eri,1830,30.2,Eritrea,Africa
eri,1831,30.2,Eritrea,Africa
eri,1832,30.2,Eritrea,Africa
eri,1833,30.2,Eritrea,Africa
eri,1834,30.2,Eritrea,Africa
eri,1835,30.2,Eritrea,Africa
eri,1836,30.2,Eritrea,Africa
eri,1837,30.2,Eritrea,Africa
eri,1838,30.2,Eritrea,Africa
eri,1839,30.2,Eritrea,Africa
eri,1840,30.2,Eritrea,Africa
eri,1841,30.2,Eritrea,Africa
eri,1842,30.2,Eritrea,Africa
eri,1843,30.2,Eritrea,Africa
eri,1844,30.2,Eritrea,Africa
eri,1845,30.2,Eritrea,Africa
eri,1846,30.2,Eritrea,Africa
eri,1847,30.2,Eritrea,Africa
eri,1848,30.2,Eritrea,Africa
eri,1849,30.2,Eritrea,Africa
eri,1850,30.2,Eritrea,Africa
eri,1851,30.2,Eritrea,Africa
eri,1852,30.2,Eritrea,Africa
eri,1853,30.2,Eritrea,Africa
eri,1854,30.2,Eritrea,Africa
eri,1855,30.2,Eritrea,Africa
eri,1856,30.2,Eritrea,Africa
eri,1857,30.2,Eritrea,Africa
eri,1858,30.2,Eritrea,Africa
eri,1859,30.2,Eritrea,Africa
eri,1860,30.2,Eritrea,Africa
eri,1861,30.2,Eritrea,Africa
eri,1862,30.2,Eritrea,Africa
eri,1863,30.2,Eritrea,Africa
eri,1864,30.2,Eritrea,Africa
eri,1865,30.2,Eritrea,Africa
eri,1866,30.2,Eritrea,Africa
eri,1867,30.2,Eritrea,Africa
eri,1868,30.2,Eritrea,Africa
eri,1869,30.2,Eritrea,Africa
eri,1870,30.2,Eritrea,Africa
eri,1871,30.25,Eritrea,Africa
eri,1872,30.29,Eritrea,Africa
eri,1873,30.34,Eritrea,Africa
eri,1874,30.38,Eritrea,Africa
eri,1875,30.43,Eritrea,Africa
eri,1876,30.48,Eritrea,Africa
eri,1877,30.52,Eritrea,Africa
eri,1878,30.57,Eritrea,Africa
eri,1879,30.62,Eritrea,Africa
eri,1880,30.66,Eritrea,Africa
eri,1881,30.71,Eritrea,Africa
eri,1882,30.75,Eritrea,Africa
eri,1883,30.8,Eritrea,Africa
eri,1884,30.85,Eritrea,Africa
eri,1885,30.89,Eritrea,Africa
eri,1886,30.94,Eritrea,Africa
eri,1887,30.98,Eritrea,Africa
eri,1888,31.03,Eritrea,Africa
eri,1889,31.08,Eritrea,Africa
eri,1890,31.12,Eritrea,Africa
eri,1891,31.17,Eritrea,Africa
eri,1892,31.21,Eritrea,Africa
eri,1893,31.26,Eritrea,Africa
eri,1894,31.31,Eritrea,Africa
eri,1895,31.35,Eritrea,Africa
eri,1896,31.4,Eritrea,Africa
eri,1897,31.45,Eritrea,Africa
eri,1898,31.49,Eritrea,Africa
eri,1899,31.54,Eritrea,Africa
eri,1900,31.58,Eritrea,Africa
eri,1901,31.63,Eritrea,Africa
eri,1902,31.68,Eritrea,Africa
eri,1903,31.72,Eritrea,Africa
eri,1904,31.77,Eritrea,Africa
eri,1905,31.81,Eritrea,Africa
eri,1906,31.86,Eritrea,Africa
eri,1907,31.91,Eritrea,Africa
eri,1908,31.95,Eritrea,Africa
eri,1909,32,Eritrea,Africa
eri,1910,32.04,Eritrea,Africa
eri,1911,32.09,Eritrea,Africa
eri,1912,32.14,Eritrea,Africa
eri,1913,32.18,Eritrea,Africa
eri,1914,32.23,Eritrea,Africa
eri,1915,32.28,Eritrea,Africa
eri,1916,32.32,Eritrea,Africa
eri,1917,32.37,Eritrea,Africa
eri,1918,12.54,Eritrea,Africa
eri,1919,32.46,Eritrea,Africa
eri,1920,32.51,Eritrea,Africa
eri,1921,32.55,Eritrea,Africa
eri,1922,32.6,Eritrea,Africa
eri,1923,32.64,Eritrea,Africa
eri,1924,32.69,Eritrea,Africa
eri,1925,32.74,Eritrea,Africa
eri,1926,32.78,Eritrea,Africa
eri,1927,32.83,Eritrea,Africa
eri,1928,32.87,Eritrea,Africa
eri,1929,32.92,Eritrea,Africa
eri,1930,32.97,Eritrea,Africa
eri,1931,33.01,Eritrea,Africa
eri,1932,33.06,Eritrea,Africa
eri,1933,33.11,Eritrea,Africa
eri,1934,33.15,Eritrea,Africa
eri,1935,33.2,Eritrea,Africa
eri,1936,33.24,Eritrea,Africa
eri,1937,33.29,Eritrea,Africa
eri,1938,33.34,Eritrea,Africa
eri,1939,33.38,Eritrea,Africa
eri,1940,33.43,Eritrea,Africa
eri,1941,33.47,Eritrea,Africa
eri,1942,33.52,Eritrea,Africa
eri,1943,33.57,Eritrea,Africa
eri,1944,33.61,Eritrea,Africa
eri,1945,33.66,Eritrea,Africa
eri,1946,34.88,Eritrea,Africa
eri,1947,36.1,Eritrea,Africa
eri,1948,37.33,Eritrea,Africa
eri,1949,38.56,Eritrea,Africa
eri,1950,39.79,Eritrea,Africa
eri,1951,39.95,Eritrea,Africa
eri,1952,40.11,Eritrea,Africa
eri,1953,40.33,Eritrea,Africa
eri,1954,40.57,Eritrea,Africa
eri,1955,40.81,Eritrea,Africa
eri,1956,41.06,Eritrea,Africa
eri,1957,41.31,Eritrea,Africa
eri,1958,41.54,Eritrea,Africa
eri,1959,41.8,Eritrea,Africa
eri,1960,42.12,Eritrea,Africa
eri,1961,42.42,Eritrea,Africa
eri,1962,42.7,Eritrea,Africa
eri,1963,42.98,Eritrea,Africa
eri,1964,38.57,Eritrea,Africa
eri,1965,38.94,Eritrea,Africa
eri,1966,39.33,Eritrea,Africa
eri,1967,39.71,Eritrea,Africa
eri,1968,40.09,Eritrea,Africa
eri,1969,40.47,Eritrea,Africa
eri,1970,40.89,Eritrea,Africa
eri,1971,41.32,Eritrea,Africa
eri,1972,41.77,Eritrea,Africa
eri,1973,42.23,Eritrea,Africa
eri,1974,40.2,Eritrea,Africa
eri,1975,40.66,Eritrea,Africa
eri,1976,41.12,Eritrea,Africa
eri,1977,41.55,Eritrea,Africa
eri,1978,41.94,Eritrea,Africa
eri,1979,42.34,Eritrea,Africa
eri,1980,42.72,Eritrea,Africa
eri,1981,43.17,Eritrea,Africa
eri,1982,43.6,Eritrea,Africa
eri,1983,43.98,Eritrea,Africa
eri,1984,44.32,Eritrea,Africa
eri,1985,44.64,Eritrea,Africa
eri,1986,45.11,Eritrea,Africa
eri,1987,45.59,Eritrea,Africa
eri,1988,46.05,Eritrea,Africa
eri,1989,46.26,Eritrea,Africa
eri,1990,46.21,Eritrea,Africa
eri,1991,47.04,Eritrea,Africa
eri,1992,52.72,Eritrea,Africa
eri,1993,53.19,Eritrea,Africa
eri,1994,53.56,Eritrea,Africa
eri,1995,53.61,Eritrea,Africa
eri,1996,54,Eritrea,Africa
eri,1997,54.48,Eritrea,Africa
eri,1998,54.48,Eritrea,Africa
eri,1999,47.25,Eritrea,Africa
eri,2000,54.83,Eritrea,Africa
eri,2001,56.08,Eritrea,Africa
eri,2002,56.57,Eritrea,Africa
eri,2003,56.96,Eritrea,Africa
eri,2004,57.35,Eritrea,Africa
eri,2005,57.7,Eritrea,Africa
eri,2006,58.25,Eritrea,Africa
eri,2007,58.74,Eritrea,Africa
eri,2008,59.07,Eritrea,Africa
eri,2009,59.56,Eritrea,Africa
eri,2010,59.95,Eritrea,Africa
eri,2011,60.38,Eritrea,Africa
eri,2012,60.86,Eritrea,Africa
eri,2013,61.3,Eritrea,Africa
eri,2014,61.76,Eritrea,Africa
eri,2015,62.2,Eritrea,Africa
eri,2016,62.59,Eritrea,Africa
eri,2017,63.01,Eritrea,Africa
eri,2018,63.42,Eritrea,Africa
eri,2019,63.8,Eritrea,Africa
eri,2020,63.97,Eritrea,Africa
eri,2021,64.47,Eritrea,Africa
eri,2022,64.78,Eritrea,Africa
eri,2023,65.08,Eritrea,Africa
eri,2024,65.37,Eritrea,Africa
eri,2025,65.66,Eritrea,Africa
eri,2026,65.93,Eritrea,Africa
eri,2027,66.2,Eritrea,Africa
eri,2028,66.46,Eritrea,Africa
eri,2029,66.72,Eritrea,Africa
eri,2030,66.96,Eritrea,Africa
eri,2031,67.2,Eritrea,Africa
eri,2032,67.43,Eritrea,Africa
eri,2033,67.65,Eritrea,Africa
eri,2034,67.86,Eritrea,Africa
eri,2035,68.07,Eritrea,Africa
eri,2036,68.27,Eritrea,Africa
eri,2037,68.47,Eritrea,Africa
eri,2038,68.66,Eritrea,Africa
eri,2039,68.85,Eritrea,Africa
eri,2040,69.04,Eritrea,Africa
eri,2041,69.22,Eritrea,Africa
eri,2042,69.4,Eritrea,Africa
eri,2043,69.57,Eritrea,Africa
eri,2044,69.74,Eritrea,Africa
eri,2045,69.91,Eritrea,Africa
eri,2046,70.07,Eritrea,Africa
eri,2047,70.24,Eritrea,Africa
eri,2048,70.4,Eritrea,Africa
eri,2049,70.56,Eritrea,Africa
eri,2050,70.73,Eritrea,Africa
eri,2051,70.89,Eritrea,Africa
eri,2052,71.05,Eritrea,Africa
eri,2053,71.21,Eritrea,Africa
eri,2054,71.36,Eritrea,Africa
eri,2055,71.52,Eritrea,Africa
eri,2056,71.68,Eritrea,Africa
eri,2057,71.83,Eritrea,Africa
eri,2058,71.99,Eritrea,Africa
eri,2059,72.14,Eritrea,Africa
eri,2060,72.29,Eritrea,Africa
eri,2061,72.44,Eritrea,Africa
eri,2062,72.59,Eritrea,Africa
eri,2063,72.74,Eritrea,Africa
eri,2064,72.89,Eritrea,Africa
eri,2065,73.04,Eritrea,Africa
eri,2066,73.18,Eritrea,Africa
eri,2067,73.33,Eritrea,Africa
eri,2068,73.48,Eritrea,Africa
eri,2069,73.62,Eritrea,Africa
eri,2070,73.77,Eritrea,Africa
eri,2071,73.91,Eritrea,Africa
eri,2072,74.06,Eritrea,Africa
eri,2073,74.2,Eritrea,Africa
eri,2074,74.35,Eritrea,Africa
eri,2075,74.49,Eritrea,Africa
eri,2076,74.64,Eritrea,Africa
eri,2077,74.78,Eritrea,Africa
eri,2078,74.92,Eritrea,Africa
eri,2079,75.07,Eritrea,Africa
eri,2080,75.21,Eritrea,Africa
eri,2081,75.36,Eritrea,Africa
eri,2082,75.5,Eritrea,Africa
eri,2083,75.65,Eritrea,Africa
eri,2084,75.79,Eritrea,Africa
eri,2085,75.94,Eritrea,Africa
eri,2086,76.08,Eritrea,Africa
eri,2087,76.22,Eritrea,Africa
eri,2088,76.36,Eritrea,Africa
eri,2089,76.51,Eritrea,Africa
eri,2090,76.65,Eritrea,Africa
eri,2091,76.79,Eritrea,Africa
eri,2092,76.93,Eritrea,Africa
eri,2093,77.07,Eritrea,Africa
eri,2094,77.22,Eritrea,Africa
eri,2095,77.36,Eritrea,Africa
eri,2096,77.5,Eritrea,Africa
eri,2097,77.65,Eritrea,Africa
eri,2098,77.79,Eritrea,Africa
eri,2099,77.93,Eritrea,Africa
eri,2100,78.08,Eritrea,Africa
est,1800,36.14,Estonia,Europe
est,1801,35.7,Estonia,Europe
est,1802,35.26,Estonia,Europe
est,1803,34.82,Estonia,Europe
est,1804,34.37,Estonia,Europe
est,1805,33.93,Estonia,Europe
est,1806,34.12,Estonia,Europe
est,1807,34.3,Estonia,Europe
est,1808,34.49,Estonia,Europe
est,1809,34.67,Estonia,Europe
est,1810,34.86,Estonia,Europe
est,1811,35.49,Estonia,Europe
est,1812,36.13,Estonia,Europe
est,1813,36.76,Estonia,Europe
est,1814,37.39,Estonia,Europe
est,1815,38.02,Estonia,Europe
est,1816,39.1,Estonia,Europe
est,1817,40.17,Estonia,Europe
est,1818,41.24,Estonia,Europe
est,1819,42.32,Estonia,Europe
est,1820,43.39,Estonia,Europe
est,1821,41.83,Estonia,Europe
est,1822,40.27,Estonia,Europe
est,1823,38.71,Estonia,Europe
est,1824,37.15,Estonia,Europe
est,1825,35.59,Estonia,Europe
est,1826,35.55,Estonia,Europe
est,1827,35.51,Estonia,Europe
est,1828,35.46,Estonia,Europe
est,1829,35.42,Estonia,Europe
est,1830,35.38,Estonia,Europe
est,1831,36.04,Estonia,Europe
est,1832,36.71,Estonia,Europe
est,1833,37.38,Estonia,Europe
est,1834,38.04,Estonia,Europe
est,1835,38.71,Estonia,Europe
est,1836,38.35,Estonia,Europe
est,1837,37.98,Estonia,Europe
est,1838,37.62,Estonia,Europe
est,1839,37.26,Estonia,Europe
est,1840,36.89,Estonia,Europe
est,1841,36.55,Estonia,Europe
est,1842,36.2,Estonia,Europe
est,1843,35.86,Estonia,Europe
est,1844,35.51,Estonia,Europe
est,1845,35.17,Estonia,Europe
est,1846,34.94,Estonia,Europe
est,1847,34.71,Estonia,Europe
est,1848,34.48,Estonia,Europe
est,1849,34.25,Estonia,Europe
est,1850,34.02,Estonia,Europe
est,1851,35.1,Estonia,Europe
est,1852,36.18,Estonia,Europe
est,1853,37.26,Estonia,Europe
est,1854,38.33,Estonia,Europe
est,1855,39.41,Estonia,Europe
est,1856,39.33,Estonia,Europe
est,1857,39.25,Estonia,Europe
est,1858,39.17,Estonia,Europe
est,1859,39.08,Estonia,Europe
est,1860,39,Estonia,Europe
est,1861,37.39,Estonia,Europe
est,1862,35.79,Estonia,Europe
est,1863,34.18,Estonia,Europe
est,1864,32.57,Estonia,Europe
est,1865,30.96,Estonia,Europe
est,1866,33.02,Estonia,Europe
est,1867,35.08,Estonia,Europe
est,1868,37.14,Estonia,Europe
est,1869,39.2,Estonia,Europe
est,1870,41.25,Estonia,Europe
est,1871,41.47,Estonia,Europe
est,1872,41.69,Estonia,Europe
est,1873,41.91,Estonia,Europe
est,1874,42.13,Estonia,Europe
est,1875,42.35,Estonia,Europe
est,1876,41.89,Estonia,Europe
est,1877,41.44,Estonia,Europe
est,1878,40.99,Estonia,Europe
est,1879,40.54,Estonia,Europe
est,1880,40.09,Estonia,Europe
est,1881,40.33,Estonia,Europe
est,1882,40.57,Estonia,Europe
est,1883,40.81,Estonia,Europe
est,1884,41.05,Estonia,Europe
est,1885,41.29,Estonia,Europe
est,1886,41.48,Estonia,Europe
est,1887,41.68,Estonia,Europe
est,1888,41.88,Estonia,Europe
est,1889,42.08,Estonia,Europe
est,1890,42.27,Estonia,Europe
est,1891,42.42,Estonia,Europe
est,1892,42.57,Estonia,Europe
est,1893,42.73,Estonia,Europe
est,1894,42.88,Estonia,Europe
est,1895,43.03,Estonia,Europe
est,1896,43.01,Estonia,Europe
est,1897,43,Estonia,Europe
est,1898,43.05,Estonia,Europe
est,1899,43.1,Estonia,Europe
est,1900,43.15,Estonia,Europe
est,1901,43.54,Estonia,Europe
est,1902,43.93,Estonia,Europe
est,1903,44.32,Estonia,Europe
est,1904,44.71,Estonia,Europe
est,1905,45.09,Estonia,Europe
est,1906,45.48,Estonia,Europe
est,1907,45.87,Estonia,Europe
est,1908,46.26,Estonia,Europe
est,1909,46.65,Estonia,Europe
est,1910,47.04,Estonia,Europe
est,1911,47.43,Estonia,Europe
est,1912,47.81,Estonia,Europe
est,1913,48.2,Estonia,Europe
est,1914,47.5,Estonia,Europe
est,1915,44.5,Estonia,Europe
est,1916,44.3,Estonia,Europe
est,1917,37,Estonia,Europe
est,1918,35,Estonia,Europe
est,1919,37.72,Estonia,Europe
est,1920,46.36,Estonia,Europe
est,1921,52.59,Estonia,Europe
est,1922,51.7,Estonia,Europe
est,1923,53.31,Estonia,Europe
est,1924,54.16,Estonia,Europe
est,1925,54.92,Estonia,Europe
est,1926,52.49,Estonia,Europe
est,1927,50.06,Estonia,Europe
est,1928,53.02,Estonia,Europe
est,1929,51.61,Estonia,Europe
est,1930,54.81,Estonia,Europe
est,1931,54.01,Estonia,Europe
est,1932,55.77,Estonia,Europe
est,1933,56.79,Estonia,Europe
est,1934,57.43,Estonia,Europe
est,1935,56.27,Estonia,Europe
est,1936,56.76,Estonia,Europe
est,1937,57.67,Estonia,Europe
est,1938,58.96,Estonia,Europe
est,1939,58.3,Estonia,Europe
est,1940,56.8,Estonia,Europe
est,1941,46.57,Estonia,Europe
est,1942,55.76,Estonia,Europe
est,1943,56.05,Estonia,Europe
est,1944,32.59,Estonia,Europe
est,1945,49.09,Estonia,Europe
est,1946,58.26,Estonia,Europe
est,1947,51.38,Estonia,Europe
est,1948,63.93,Estonia,Europe
est,1949,65.36,Estonia,Europe
est,1950,66.74,Estonia,Europe
est,1951,66.91,Estonia,Europe
est,1952,67.08,Estonia,Europe
est,1953,67.27,Estonia,Europe
est,1954,67.47,Estonia,Europe
est,1955,67.68,Estonia,Europe
est,1956,67.9,Estonia,Europe
est,1957,68.06,Estonia,Europe
est,1958,68.28,Estonia,Europe
est,1959,68.55,Estonia,Europe
est,1960,69.41,Estonia,Europe
est,1961,69.58,Estonia,Europe
est,1962,69.82,Estonia,Europe
est,1963,69.95,Estonia,Europe
est,1964,70.56,Estonia,Europe
est,1965,70.82,Estonia,Europe
est,1966,70.7,Estonia,Europe
est,1967,70.92,Estonia,Europe
est,1968,70.64,Estonia,Europe
est,1969,70.31,Estonia,Europe
est,1970,70.46,Estonia,Europe
est,1971,70.57,Estonia,Europe
est,1972,70.3,Estonia,Europe
est,1973,70.71,Estonia,Europe
est,1974,70.84,Estonia,Europe
est,1975,70.23,Estonia,Europe
est,1976,69.94,Estonia,Europe
est,1977,69.87,Estonia,Europe
est,1978,69.69,Estonia,Europe
est,1979,69.39,Estonia,Europe
est,1980,69.66,Estonia,Europe
est,1981,69.41,Estonia,Europe
est,1982,69.87,Estonia,Europe
est,1983,69.85,Estonia,Europe
est,1984,69.64,Estonia,Europe
est,1985,69.82,Estonia,Europe
est,1986,70.97,Estonia,Europe
est,1987,71.14,Estonia,Europe
est,1988,71.02,Estonia,Europe
est,1989,70.47,Estonia,Europe
est,1990,69.99,Estonia,Europe
est,1991,69.51,Estonia,Europe
est,1992,69.47,Estonia,Europe
est,1993,68.35,Estonia,Europe
est,1994,66.77,Estonia,Europe
est,1995,68,Estonia,Europe
est,1996,70.01,Estonia,Europe
est,1997,70.28,Estonia,Europe
est,1998,69.89,Estonia,Europe
est,1999,70.74,Estonia,Europe
est,2000,71.05,Estonia,Europe
est,2001,70.76,Estonia,Europe
est,2002,71.44,Estonia,Europe
est,2003,72.09,Estonia,Europe
est,2004,72.54,Estonia,Europe
est,2005,73.01,Estonia,Europe
est,2006,73.26,Estonia,Europe
est,2007,73.32,Estonia,Europe
est,2008,74.44,Estonia,Europe
est,2009,75.18,Estonia,Europe
est,2010,76.25,Estonia,Europe
est,2011,76.25,Estonia,Europe
est,2012,76.49,Estonia,Europe
est,2013,77.22,Estonia,Europe
est,2014,77.25,Estonia,Europe
est,2015,77.78,Estonia,Europe
est,2016,77.69,Estonia,Europe
est,2017,77.79,Estonia,Europe
est,2018,77.9,Estonia,Europe
est,2019,78.05,Estonia,Europe
est,2020,77.65,Estonia,Europe
est,2021,78.33,Estonia,Europe
est,2022,78.46,Estonia,Europe
est,2023,78.58,Estonia,Europe
est,2024,78.71,Estonia,Europe
est,2025,78.85,Estonia,Europe
est,2026,78.99,Estonia,Europe
est,2027,79.14,Estonia,Europe
est,2028,79.29,Estonia,Europe
est,2029,79.44,Estonia,Europe
est,2030,79.59,Estonia,Europe
est,2031,79.74,Estonia,Europe
est,2032,79.89,Estonia,Europe
est,2033,80.04,Estonia,Europe
est,2034,80.18,Estonia,Europe
est,2035,80.33,Estonia,Europe
est,2036,80.47,Estonia,Europe
est,2037,80.62,Estonia,Europe
est,2038,80.76,Estonia,Europe
est,2039,80.9,Estonia,Europe
est,2040,81.03,Estonia,Europe
est,2041,81.17,Estonia,Europe
est,2042,81.3,Estonia,Europe
est,2043,81.43,Estonia,Europe
est,2044,81.56,Estonia,Europe
est,2045,81.68,Estonia,Europe
est,2046,81.81,Estonia,Europe
est,2047,81.93,Estonia,Europe
est,2048,82.05,Estonia,Europe
est,2049,82.17,Estonia,Europe
est,2050,82.29,Estonia,Europe
est,2051,82.41,Estonia,Europe
est,2052,82.52,Estonia,Europe
est,2053,82.64,Estonia,Europe
est,2054,82.75,Estonia,Europe
est,2055,82.87,Estonia,Europe
est,2056,82.98,Estonia,Europe
est,2057,83.1,Estonia,Europe
est,2058,83.21,Estonia,Europe
est,2059,83.33,Estonia,Europe
est,2060,83.44,Estonia,Europe
est,2061,83.55,Estonia,Europe
est,2062,83.67,Estonia,Europe
est,2063,83.78,Estonia,Europe
est,2064,83.89,Estonia,Europe
est,2065,84,Estonia,Europe
est,2066,84.11,Estonia,Europe
est,2067,84.22,Estonia,Europe
est,2068,84.33,Estonia,Europe
est,2069,84.44,Estonia,Europe
est,2070,84.54,Estonia,Europe
est,2071,84.65,Estonia,Europe
est,2072,84.76,Estonia,Europe
est,2073,84.87,Estonia,Europe
est,2074,84.98,Estonia,Europe
est,2075,85.09,Estonia,Europe
est,2076,85.2,Estonia,Europe
est,2077,85.31,Estonia,Europe
est,2078,85.42,Estonia,Europe
est,2079,85.52,Estonia,Europe
est,2080,85.63,Estonia,Europe
est,2081,85.74,Estonia,Europe
est,2082,85.85,Estonia,Europe
est,2083,85.95,Estonia,Europe
est,2084,86.06,Estonia,Europe
est,2085,86.16,Estonia,Europe
est,2086,86.27,Estonia,Europe
est,2087,86.38,Estonia,Europe
est,2088,86.48,Estonia,Europe
est,2089,86.59,Estonia,Europe
est,2090,86.69,Estonia,Europe
est,2091,86.8,Estonia,Europe
est,2092,86.9,Estonia,Europe
est,2093,87.01,Estonia,Europe
est,2094,87.11,Estonia,Europe
est,2095,87.22,Estonia,Europe
est,2096,87.32,Estonia,Europe
est,2097,87.42,Estonia,Europe
est,2098,87.52,Estonia,Europe
est,2099,87.62,Estonia,Europe
est,2100,87.72,Estonia,Europe
eth,1800,29.7,Ethiopia,Africa
eth,1801,29.7,Ethiopia,Africa
eth,1802,29.7,Ethiopia,Africa
eth,1803,29.7,Ethiopia,Africa
eth,1804,29.7,Ethiopia,Africa
eth,1805,29.7,Ethiopia,Africa
eth,1806,29.7,Ethiopia,Africa
eth,1807,29.7,Ethiopia,Africa
eth,1808,29.7,Ethiopia,Africa
eth,1809,29.7,Ethiopia,Africa
eth,1810,29.7,Ethiopia,Africa
eth,1811,29.7,Ethiopia,Africa
eth,1812,29.7,Ethiopia,Africa
eth,1813,29.7,Ethiopia,Africa
eth,1814,29.7,Ethiopia,Africa
eth,1815,29.7,Ethiopia,Africa
eth,1816,29.7,Ethiopia,Africa
eth,1817,29.7,Ethiopia,Africa
eth,1818,29.7,Ethiopia,Africa
eth,1819,29.7,Ethiopia,Africa
eth,1820,29.7,Ethiopia,Africa
eth,1821,29.7,Ethiopia,Africa
eth,1822,29.7,Ethiopia,Africa
eth,1823,29.7,Ethiopia,Africa
eth,1824,29.7,Ethiopia,Africa
eth,1825,29.7,Ethiopia,Africa
eth,1826,29.7,Ethiopia,Africa
eth,1827,29.7,Ethiopia,Africa
eth,1828,28,Ethiopia,Africa
eth,1829,27,Ethiopia,Africa
eth,1830,26,Ethiopia,Africa
eth,1831,27,Ethiopia,Africa
eth,1832,29.7,Ethiopia,Africa
eth,1833,29.7,Ethiopia,Africa
eth,1834,29.7,Ethiopia,Africa
eth,1835,28,Ethiopia,Africa
eth,1836,27,Ethiopia,Africa
eth,1837,26,Ethiopia,Africa
eth,1838,27,Ethiopia,Africa
eth,1839,29.7,Ethiopia,Africa
eth,1840,29.7,Ethiopia,Africa
eth,1841,29.7,Ethiopia,Africa
eth,1842,29.7,Ethiopia,Africa
eth,1843,29.7,Ethiopia,Africa
eth,1844,29.7,Ethiopia,Africa
eth,1845,29.7,Ethiopia,Africa
eth,1846,29.7,Ethiopia,Africa
eth,1847,29.7,Ethiopia,Africa
eth,1848,29.7,Ethiopia,Africa
eth,1849,29.7,Ethiopia,Africa
eth,1850,29.7,Ethiopia,Africa
eth,1851,29.7,Ethiopia,Africa
eth,1852,29.7,Ethiopia,Africa
eth,1853,29.7,Ethiopia,Africa
eth,1854,29.7,Ethiopia,Africa
eth,1855,29.7,Ethiopia,Africa
eth,1856,29.7,Ethiopia,Africa
eth,1857,29.7,Ethiopia,Africa
eth,1858,29.7,Ethiopia,Africa
eth,1859,29.7,Ethiopia,Africa
eth,1860,29.7,Ethiopia,Africa
eth,1861,29.7,Ethiopia,Africa
eth,1862,29.7,Ethiopia,Africa
eth,1863,29.7,Ethiopia,Africa
eth,1864,26,Ethiopia,Africa
eth,1865,25,Ethiopia,Africa
eth,1866,24,Ethiopia,Africa
eth,1867,29.7,Ethiopia,Africa
eth,1868,29.7,Ethiopia,Africa
eth,1869,29.7,Ethiopia,Africa
eth,1870,29.7,Ethiopia,Africa
eth,1871,29.7,Ethiopia,Africa
eth,1872,29.7,Ethiopia,Africa
eth,1873,29.7,Ethiopia,Africa
eth,1874,29.7,Ethiopia,Africa
eth,1875,29.7,Ethiopia,Africa
eth,1876,29.7,Ethiopia,Africa
eth,1877,29.7,Ethiopia,Africa
eth,1878,29.7,Ethiopia,Africa
eth,1879,29.7,Ethiopia,Africa
eth,1880,27,Ethiopia,Africa
eth,1881,26,Ethiopia,Africa
eth,1882,29.7,Ethiopia,Africa
eth,1883,29.7,Ethiopia,Africa
eth,1884,29.7,Ethiopia,Africa
eth,1885,29.7,Ethiopia,Africa
eth,1886,29.7,Ethiopia,Africa
eth,1887,29.7,Ethiopia,Africa
eth,1888,17,Ethiopia,Africa
eth,1889,5,Ethiopia,Africa
eth,1890,4,Ethiopia,Africa
eth,1891,8,Ethiopia,Africa
eth,1892,14,Ethiopia,Africa
eth,1893,29.7,Ethiopia,Africa
eth,1894,29.7,Ethiopia,Africa
eth,1895,29.5,Ethiopia,Africa
eth,1896,28.7,Ethiopia,Africa
eth,1897,29.7,Ethiopia,Africa
eth,1898,29.7,Ethiopia,Africa
eth,1899,29.7,Ethiopia,Africa
eth,1900,29.7,Ethiopia,Africa
eth,1901,29.7,Ethiopia,Africa
eth,1902,29.7,Ethiopia,Africa
eth,1903,29.7,Ethiopia,Africa
eth,1904,29.7,Ethiopia,Africa
eth,1905,29.7,Ethiopia,Africa
eth,1906,29.7,Ethiopia,Africa
eth,1907,29.7,Ethiopia,Africa
eth,1908,29.7,Ethiopia,Africa
eth,1909,29.7,Ethiopia,Africa
eth,1910,29.7,Ethiopia,Africa
eth,1911,29.7,Ethiopia,Africa
eth,1912,29.7,Ethiopia,Africa
eth,1913,29.7,Ethiopia,Africa
eth,1914,29.7,Ethiopia,Africa
eth,1915,29.7,Ethiopia,Africa
eth,1916,29.7,Ethiopia,Africa
eth,1917,29.7,Ethiopia,Africa
eth,1918,11.49,Ethiopia,Africa
eth,1919,29.7,Ethiopia,Africa
eth,1920,29.7,Ethiopia,Africa
eth,1921,29.7,Ethiopia,Africa
eth,1922,29.7,Ethiopia,Africa
eth,1923,29.7,Ethiopia,Africa
eth,1924,29.7,Ethiopia,Africa
eth,1925,29.7,Ethiopia,Africa
eth,1926,29.7,Ethiopia,Africa
eth,1927,29.7,Ethiopia,Africa
eth,1928,29.7,Ethiopia,Africa
eth,1929,29.7,Ethiopia,Africa
eth,1930,29.7,Ethiopia,Africa
eth,1931,29.7,Ethiopia,Africa
eth,1932,29.7,Ethiopia,Africa
eth,1933,29.7,Ethiopia,Africa
eth,1934,29.7,Ethiopia,Africa
eth,1935,27.5,Ethiopia,Africa
eth,1936,23,Ethiopia,Africa
eth,1937,29,Ethiopia,Africa
eth,1938,29,Ethiopia,Africa
eth,1939,29,Ethiopia,Africa
eth,1940,28,Ethiopia,Africa
eth,1941,28,Ethiopia,Africa
eth,1942,29.7,Ethiopia,Africa
eth,1943,29.7,Ethiopia,Africa
eth,1944,29.7,Ethiopia,Africa
eth,1945,29.7,Ethiopia,Africa
eth,1946,30.42,Ethiopia,Africa
eth,1947,31.14,Ethiopia,Africa
eth,1948,31.86,Ethiopia,Africa
eth,1949,32.58,Ethiopia,Africa
eth,1950,33.3,Ethiopia,Africa
eth,1951,33.47,Ethiopia,Africa
eth,1952,33.83,Ethiopia,Africa
eth,1953,34.25,Ethiopia,Africa
eth,1954,34.72,Ethiopia,Africa
eth,1955,35.24,Ethiopia,Africa
eth,1956,35.81,Ethiopia,Africa
eth,1957,33,Ethiopia,Africa
eth,1958,31,Ethiopia,Africa
eth,1959,37.74,Ethiopia,Africa
eth,1960,38.42,Ethiopia,Africa
eth,1961,39.08,Ethiopia,Africa
eth,1962,39.71,Ethiopia,Africa
eth,1963,40.29,Ethiopia,Africa
eth,1964,40.2,Ethiopia,Africa
eth,1965,39,Ethiopia,Africa
eth,1966,40,Ethiopia,Africa
eth,1967,42.03,Ethiopia,Africa
eth,1968,42.36,Ethiopia,Africa
eth,1969,42.66,Ethiopia,Africa
eth,1970,42.95,Ethiopia,Africa
eth,1971,43.22,Ethiopia,Africa
eth,1972,43.1,Ethiopia,Africa
eth,1973,41,Ethiopia,Africa
eth,1974,38.9,Ethiopia,Africa
eth,1975,40,Ethiopia,Africa
eth,1976,44.12,Ethiopia,Africa
eth,1977,43.7,Ethiopia,Africa
eth,1978,43.4,Ethiopia,Africa
eth,1979,44.29,Ethiopia,Africa
eth,1980,44.61,Ethiopia,Africa
eth,1981,44.99,Ethiopia,Africa
eth,1982,45.34,Ethiopia,Africa
eth,1983,42.56,Ethiopia,Africa
eth,1984,41.52,Ethiopia,Africa
eth,1985,46.34,Ethiopia,Africa
eth,1986,46.89,Ethiopia,Africa
eth,1987,47.36,Ethiopia,Africa
eth,1988,47.56,Ethiopia,Africa
eth,1989,47.25,Ethiopia,Africa
eth,1990,46.91,Ethiopia,Africa
eth,1991,48.35,Ethiopia,Africa
eth,1992,48.88,Ethiopia,Africa
eth,1993,49.19,Ethiopia,Africa
eth,1994,49.39,Ethiopia,Africa
eth,1995,49.64,Ethiopia,Africa
eth,1996,50.15,Ethiopia,Africa
eth,1997,50.64,Ethiopia,Africa
eth,1998,51.12,Ethiopia,Africa
eth,1999,50.75,Ethiopia,Africa
eth,2000,51.13,Ethiopia,Africa
eth,2001,53.27,Ethiopia,Africa
eth,2002,54.17,Ethiopia,Africa
eth,2003,54.99,Ethiopia,Africa
eth,2004,55.94,Ethiopia,Africa
eth,2005,57.04,Ethiopia,Africa
eth,2006,58.18,Ethiopia,Africa
eth,2007,59.52,Ethiopia,Africa
eth,2008,60.81,Ethiopia,Africa
eth,2009,61.93,Ethiopia,Africa
eth,2010,63.05,Ethiopia,Africa
eth,2011,64.05,Ethiopia,Africa
eth,2012,64.89,Ethiopia,Africa
eth,2013,65.6,Ethiopia,Africa
eth,2014,66.25,Ethiopia,Africa
eth,2015,66.84,Ethiopia,Africa
eth,2016,67.36,Ethiopia,Africa
eth,2017,67.92,Ethiopia,Africa
eth,2018,68.38,Ethiopia,Africa
eth,2019,68.84,Ethiopia,Africa
eth,2020,68.96,Ethiopia,Africa
eth,2021,69.58,Ethiopia,Africa
eth,2022,69.94,Ethiopia,Africa
eth,2023,70.29,Ethiopia,Africa
eth,2024,70.63,Ethiopia,Africa
eth,2025,70.95,Ethiopia,Africa
eth,2026,71.27,Ethiopia,Africa
eth,2027,71.57,Ethiopia,Africa
eth,2028,71.87,Ethiopia,Africa
eth,2029,72.16,Ethiopia,Africa
eth,2030,72.43,Ethiopia,Africa
eth,2031,72.7,Ethiopia,Africa
eth,2032,72.96,Ethiopia,Africa
eth,2033,73.21,Ethiopia,Africa
eth,2034,73.46,Ethiopia,Africa
eth,2035,73.7,Ethiopia,Africa
eth,2036,73.93,Ethiopia,Africa
eth,2037,74.16,Ethiopia,Africa
eth,2038,74.37,Ethiopia,Africa
eth,2039,74.59,Ethiopia,Africa
eth,2040,74.8,Ethiopia,Africa
eth,2041,75,Ethiopia,Africa
eth,2042,75.2,Ethiopia,Africa
eth,2043,75.4,Ethiopia,Africa
eth,2044,75.6,Ethiopia,Africa
eth,2045,75.79,Ethiopia,Africa
eth,2046,75.98,Ethiopia,Africa
eth,2047,76.17,Ethiopia,Africa
eth,2048,76.35,Ethiopia,Africa
eth,2049,76.54,Ethiopia,Africa
eth,2050,76.71,Ethiopia,Africa
eth,2051,76.89,Ethiopia,Africa
eth,2052,77.07,Ethiopia,Africa
eth,2053,77.24,Ethiopia,Africa
eth,2054,77.41,Ethiopia,Africa
eth,2055,77.59,Ethiopia,Africa
eth,2056,77.76,Ethiopia,Africa
eth,2057,77.93,Ethiopia,Africa
eth,2058,78.1,Ethiopia,Africa
eth,2059,78.27,Ethiopia,Africa
eth,2060,78.44,Ethiopia,Africa
eth,2061,78.6,Ethiopia,Africa
eth,2062,78.77,Ethiopia,Africa
eth,2063,78.93,Ethiopia,Africa
eth,2064,79.09,Ethiopia,Africa
eth,2065,79.26,Ethiopia,Africa
eth,2066,79.42,Ethiopia,Africa
eth,2067,79.58,Ethiopia,Africa
eth,2068,79.74,Ethiopia,Africa
eth,2069,79.9,Ethiopia,Africa
eth,2070,80.06,Ethiopia,Africa
eth,2071,80.22,Ethiopia,Africa
eth,2072,80.38,Ethiopia,Africa
eth,2073,80.54,Ethiopia,Africa
eth,2074,80.7,Ethiopia,Africa
eth,2075,80.86,Ethiopia,Africa
eth,2076,81.02,Ethiopia,Africa
eth,2077,81.17,Ethiopia,Africa
eth,2078,81.33,Ethiopia,Africa
eth,2079,81.48,Ethiopia,Africa
eth,2080,81.64,Ethiopia,Africa
eth,2081,81.8,Ethiopia,Africa
eth,2082,81.95,Ethiopia,Africa
eth,2083,82.11,Ethiopia,Africa
eth,2084,82.27,Ethiopia,Africa
eth,2085,82.43,Ethiopia,Africa
eth,2086,82.58,Ethiopia,Africa
eth,2087,82.74,Ethiopia,Africa
eth,2088,82.89,Ethiopia,Africa
eth,2089,83.05,Ethiopia,Africa
eth,2090,83.2,Ethiopia,Africa
eth,2091,83.35,Ethiopia,Africa
eth,2092,83.5,Ethiopia,Africa
eth,2093,83.65,Ethiopia,Africa
eth,2094,83.81,Ethiopia,Africa
eth,2095,83.96,Ethiopia,Africa
eth,2096,84.11,Ethiopia,Africa
eth,2097,84.26,Ethiopia,Africa
eth,2098,84.42,Ethiopia,Africa
eth,2099,84.57,Ethiopia,Africa
eth,2100,84.72,Ethiopia,Africa
fji,1800,26.1,Fiji,Oceania
fji,1801,26.1,Fiji,Oceania
fji,1802,26.1,Fiji,Oceania
fji,1803,26.1,Fiji,Oceania
fji,1804,26.1,Fiji,Oceania
fji,1805,26.1,Fiji,Oceania
fji,1806,26.1,Fiji,Oceania
fji,1807,26.1,Fiji,Oceania
fji,1808,26.1,Fiji,Oceania
fji,1809,26.1,Fiji,Oceania
fji,1810,26.1,Fiji,Oceania
fji,1811,26.1,Fiji,Oceania
fji,1812,26.1,Fiji,Oceania
fji,1813,26.1,Fiji,Oceania
fji,1814,26.1,Fiji,Oceania
fji,1815,26.1,Fiji,Oceania
fji,1816,26.1,Fiji,Oceania
fji,1817,26.1,Fiji,Oceania
fji,1818,26.1,Fiji,Oceania
fji,1819,26.1,Fiji,Oceania
fji,1820,26.1,Fiji,Oceania
fji,1821,26.1,Fiji,Oceania
fji,1822,26.1,Fiji,Oceania
fji,1823,26.1,Fiji,Oceania
fji,1824,26.1,Fiji,Oceania
fji,1825,26.1,Fiji,Oceania
fji,1826,26.1,Fiji,Oceania
fji,1827,26.1,Fiji,Oceania
fji,1828,26.1,Fiji,Oceania
fji,1829,26.1,Fiji,Oceania
fji,1830,26.1,Fiji,Oceania
fji,1831,26.1,Fiji,Oceania
fji,1832,26.1,Fiji,Oceania
fji,1833,26.1,Fiji,Oceania
fji,1834,26.1,Fiji,Oceania
fji,1835,26.1,Fiji,Oceania
fji,1836,26.1,Fiji,Oceania
fji,1837,26.1,Fiji,Oceania
fji,1838,26.1,Fiji,Oceania
fji,1839,26.1,Fiji,Oceania
fji,1840,26.1,Fiji,Oceania
fji,1841,26.1,Fiji,Oceania
fji,1842,26.1,Fiji,Oceania
fji,1843,26.1,Fiji,Oceania
fji,1844,26.1,Fiji,Oceania
fji,1845,26.1,Fiji,Oceania
fji,1846,26.1,Fiji,Oceania
fji,1847,26.1,Fiji,Oceania
fji,1848,26.1,Fiji,Oceania
fji,1849,26.1,Fiji,Oceania
fji,1850,26.1,Fiji,Oceania
fji,1851,26.1,Fiji,Oceania
fji,1852,26.1,Fiji,Oceania
fji,1853,26.1,Fiji,Oceania
fji,1854,26.1,Fiji,Oceania
fji,1855,26.1,Fiji,Oceania
fji,1856,26.1,Fiji,Oceania
fji,1857,26.1,Fiji,Oceania
fji,1858,26.1,Fiji,Oceania
fji,1859,26.1,Fiji,Oceania
fji,1860,26.1,Fiji,Oceania
fji,1861,26.1,Fiji,Oceania
fji,1862,26.1,Fiji,Oceania
fji,1863,26.1,Fiji,Oceania
fji,1864,26.1,Fiji,Oceania
fji,1865,26.1,Fiji,Oceania
fji,1866,26.1,Fiji,Oceania
fji,1867,26.1,Fiji,Oceania
fji,1868,26.1,Fiji,Oceania
fji,1869,26.1,Fiji,Oceania
fji,1870,26.1,Fiji,Oceania
fji,1871,26.15,Fiji,Oceania
fji,1872,26.2,Fiji,Oceania
fji,1873,26.26,Fiji,Oceania
fji,1874,26.31,Fiji,Oceania
fji,1875,1.01,Fiji,Oceania
fji,1876,26.41,Fiji,Oceania
fji,1877,26.46,Fiji,Oceania
fji,1878,26.52,Fiji,Oceania
fji,1879,26.57,Fiji,Oceania
fji,1880,26.62,Fiji,Oceania
fji,1881,26.67,Fiji,Oceania
fji,1882,26.72,Fiji,Oceania
fji,1883,26.78,Fiji,Oceania
fji,1884,26.83,Fiji,Oceania
fji,1885,26.88,Fiji,Oceania
fji,1886,26.93,Fiji,Oceania
fji,1887,26.98,Fiji,Oceania
fji,1888,27.04,Fiji,Oceania
fji,1889,27.09,Fiji,Oceania
fji,1890,27.14,Fiji,Oceania
fji,1891,27.19,Fiji,Oceania
fji,1892,27.24,Fiji,Oceania
fji,1893,27.3,Fiji,Oceania
fji,1894,27.35,Fiji,Oceania
fji,1895,27.4,Fiji,Oceania
fji,1896,27.45,Fiji,Oceania
fji,1897,27.51,Fiji,Oceania
fji,1898,27.56,Fiji,Oceania
fji,1899,27.61,Fiji,Oceania
fji,1900,27.66,Fiji,Oceania
fji,1901,27.71,Fiji,Oceania
fji,1902,27.77,Fiji,Oceania
fji,1903,27.82,Fiji,Oceania
fji,1904,27.87,Fiji,Oceania
fji,1905,27.92,Fiji,Oceania
fji,1906,27.97,Fiji,Oceania
fji,1907,28.03,Fiji,Oceania
fji,1908,28.08,Fiji,Oceania
fji,1909,28.13,Fiji,Oceania
fji,1910,28.18,Fiji,Oceania
fji,1911,28.23,Fiji,Oceania
fji,1912,28.29,Fiji,Oceania
fji,1913,28.34,Fiji,Oceania
fji,1914,28.39,Fiji,Oceania
fji,1915,28.44,Fiji,Oceania
fji,1916,28.49,Fiji,Oceania
fji,1917,28.55,Fiji,Oceania
fji,1918,7.25,Fiji,Oceania
fji,1919,28.65,Fiji,Oceania
fji,1920,28.7,Fiji,Oceania
fji,1921,28.75,Fiji,Oceania
fji,1922,28.81,Fiji,Oceania
fji,1923,28.86,Fiji,Oceania
fji,1924,28.91,Fiji,Oceania
fji,1925,28.96,Fiji,Oceania
fji,1926,30.13,Fiji,Oceania
fji,1927,31.29,Fiji,Oceania
fji,1928,32.47,Fiji,Oceania
fji,1929,33.64,Fiji,Oceania
fji,1930,34.82,Fiji,Oceania
fji,1931,36.01,Fiji,Oceania
fji,1932,37.19,Fiji,Oceania
fji,1933,38.39,Fiji,Oceania
fji,1934,39.58,Fiji,Oceania
fji,1935,40.78,Fiji,Oceania
fji,1936,41.99,Fiji,Oceania
fji,1937,43.19,Fiji,Oceania
fji,1938,44.41,Fiji,Oceania
fji,1939,45.62,Fiji,Oceania
fji,1940,46.84,Fiji,Oceania
fji,1941,48.07,Fiji,Oceania
fji,1942,49.29,Fiji,Oceania
fji,1943,50.53,Fiji,Oceania
fji,1944,51.76,Fiji,Oceania
fji,1945,53,Fiji,Oceania
fji,1946,54.25,Fiji,Oceania
fji,1947,55.49,Fiji,Oceania
fji,1948,56.75,Fiji,Oceania
fji,1949,58,Fiji,Oceania
fji,1950,59.26,Fiji,Oceania
fji,1951,59.85,Fiji,Oceania
fji,1952,60.02,Fiji,Oceania
fji,1953,61.31,Fiji,Oceania
fji,1954,61.95,Fiji,Oceania
fji,1955,63,Fiji,Oceania
fji,1956,63.95,Fiji,Oceania
fji,1957,64.24,Fiji,Oceania
fji,1958,64.64,Fiji,Oceania
fji,1959,64.51,Fiji,Oceania
fji,1960,64.6,Fiji,Oceania
fji,1961,64.77,Fiji,Oceania
fji,1962,64.76,Fiji,Oceania
fji,1963,65.13,Fiji,Oceania
fji,1964,65.42,Fiji,Oceania
fji,1965,65.57,Fiji,Oceania
fji,1966,65.51,Fiji,Oceania
fji,1967,65.55,Fiji,Oceania
fji,1968,65.27,Fiji,Oceania
fji,1969,65.34,Fiji,Oceania
fji,1970,65.17,Fiji,Oceania
fji,1971,64.66,Fiji,Oceania
fji,1972,65.13,Fiji,Oceania
fji,1973,65.13,Fiji,Oceania
fji,1974,65.43,Fiji,Oceania
fji,1975,65.03,Fiji,Oceania
fji,1976,66.47,Fiji,Oceania
fji,1977,67.68,Fiji,Oceania
fji,1978,67.31,Fiji,Oceania
fji,1979,67.78,Fiji,Oceania
fji,1980,66.47,Fiji,Oceania
fji,1981,65.69,Fiji,Oceania
fji,1982,66.17,Fiji,Oceania
fji,1983,66.48,Fiji,Oceania
fji,1984,66.95,Fiji,Oceania
fji,1985,66.11,Fiji,Oceania
fji,1986,65.8,Fiji,Oceania
fji,1987,66.09,Fiji,Oceania
fji,1988,66.21,Fiji,Oceania
fji,1989,66.24,Fiji,Oceania
fji,1990,66.34,Fiji,Oceania
fji,1991,66.32,Fiji,Oceania
fji,1992,66.4,Fiji,Oceania
fji,1993,66.19,Fiji,Oceania
fji,1994,66.18,Fiji,Oceania
fji,1995,66.12,Fiji,Oceania
fji,1996,65.97,Fiji,Oceania
fji,1997,65.93,Fiji,Oceania
fji,1998,66.45,Fiji,Oceania
fji,1999,65.89,Fiji,Oceania
fji,2000,65.75,Fiji,Oceania
fji,2001,66.24,Fiji,Oceania
fji,2002,66.63,Fiji,Oceania
fji,2003,66.55,Fiji,Oceania
fji,2004,67.07,Fiji,Oceania
fji,2005,67.11,Fiji,Oceania
fji,2006,67.11,Fiji,Oceania
fji,2007,67.09,Fiji,Oceania
fji,2008,67.1,Fiji,Oceania
fji,2009,67.53,Fiji,Oceania
fji,2010,67.64,Fiji,Oceania
fji,2011,67.7,Fiji,Oceania
fji,2012,67.73,Fiji,Oceania
fji,2013,67.87,Fiji,Oceania
fji,2014,67.96,Fiji,Oceania
fji,2015,68.02,Fiji,Oceania
fji,2016,67.96,Fiji,Oceania
fji,2017,68.19,Fiji,Oceania
fji,2018,68.27,Fiji,Oceania
fji,2019,68.38,Fiji,Oceania
fji,2020,68.44,Fiji,Oceania
fji,2021,68.63,Fiji,Oceania
fji,2022,68.77,Fiji,Oceania
fji,2023,68.91,Fiji,Oceania
fji,2024,69.05,Fiji,Oceania
fji,2025,69.2,Fiji,Oceania
fji,2026,69.35,Fiji,Oceania
fji,2027,69.51,Fiji,Oceania
fji,2028,69.67,Fiji,Oceania
fji,2029,69.84,Fiji,Oceania
fji,2030,70.01,Fiji,Oceania
fji,2031,70.17,Fiji,Oceania
fji,2032,70.33,Fiji,Oceania
fji,2033,70.48,Fiji,Oceania
fji,2034,70.63,Fiji,Oceania
fji,2035,70.76,Fiji,Oceania
fji,2036,70.9,Fiji,Oceania
fji,2037,71.02,Fiji,Oceania
fji,2038,71.15,Fiji,Oceania
fji,2039,71.28,Fiji,Oceania
fji,2040,71.4,Fiji,Oceania
fji,2041,71.53,Fiji,Oceania
fji,2042,71.65,Fiji,Oceania
fji,2043,71.78,Fiji,Oceania
fji,2044,71.91,Fiji,Oceania
fji,2045,72.03,Fiji,Oceania
fji,2046,72.15,Fiji,Oceania
fji,2047,72.28,Fiji,Oceania
fji,2048,72.4,Fiji,Oceania
fji,2049,72.52,Fiji,Oceania
fji,2050,72.64,Fiji,Oceania
fji,2051,72.76,Fiji,Oceania
fji,2052,72.89,Fiji,Oceania
fji,2053,73.01,Fiji,Oceania
fji,2054,73.13,Fiji,Oceania
fji,2055,73.25,Fiji,Oceania
fji,2056,73.37,Fiji,Oceania
fji,2057,73.49,Fiji,Oceania
fji,2058,73.62,Fiji,Oceania
fji,2059,73.74,Fiji,Oceania
fji,2060,73.86,Fiji,Oceania
fji,2061,73.98,Fiji,Oceania
fji,2062,74.11,Fiji,Oceania
fji,2063,74.23,Fiji,Oceania
fji,2064,74.35,Fiji,Oceania
fji,2065,74.47,Fiji,Oceania
fji,2066,74.6,Fiji,Oceania
fji,2067,74.72,Fiji,Oceania
fji,2068,74.85,Fiji,Oceania
fji,2069,74.98,Fiji,Oceania
fji,2070,75.1,Fiji,Oceania
fji,2071,75.23,Fiji,Oceania
fji,2072,75.36,Fiji,Oceania
fji,2073,75.48,Fiji,Oceania
fji,2074,75.61,Fiji,Oceania
fji,2075,75.74,Fiji,Oceania
fji,2076,75.87,Fiji,Oceania
fji,2077,76,Fiji,Oceania
fji,2078,76.13,Fiji,Oceania
fji,2079,76.26,Fiji,Oceania
fji,2080,76.39,Fiji,Oceania
fji,2081,76.52,Fiji,Oceania
fji,2082,76.65,Fiji,Oceania
fji,2083,76.78,Fiji,Oceania
fji,2084,76.92,Fiji,Oceania
fji,2085,77.05,Fiji,Oceania
fji,2086,77.19,Fiji,Oceania
fji,2087,77.32,Fiji,Oceania
fji,2088,77.46,Fiji,Oceania
fji,2089,77.6,Fiji,Oceania
fji,2090,77.73,Fiji,Oceania
fji,2091,77.87,Fiji,Oceania
fji,2092,78.01,Fiji,Oceania
fji,2093,78.14,Fiji,Oceania
fji,2094,78.28,Fiji,Oceania
fji,2095,78.42,Fiji,Oceania
fji,2096,78.56,Fiji,Oceania
fji,2097,78.7,Fiji,Oceania
fji,2098,78.83,Fiji,Oceania
fji,2099,78.97,Fiji,Oceania
fji,2100,79.11,Fiji,Oceania
fin,1800,36.57,Finland,Europe
fin,1801,40.3,Finland,Europe
fin,1802,39.2,Finland,Europe
fin,1803,28.53,Finland,Europe
fin,1804,35.91,Finland,Europe
fin,1805,39.8,Finland,Europe
fin,1806,38.78,Finland,Europe
fin,1807,36.6,Finland,Europe
fin,1808,12.48,Finland,Europe
fin,1809,13.43,Finland,Europe
fin,1810,36.95,Finland,Europe
fin,1811,30.69,Finland,Europe
fin,1812,37.61,Finland,Europe
fin,1813,34.18,Finland,Europe
fin,1814,34.99,Finland,Europe
fin,1815,35.72,Finland,Europe
fin,1816,38.69,Finland,Europe
fin,1817,38.09,Finland,Europe
fin,1818,37.17,Finland,Europe
fin,1819,35.03,Finland,Europe
fin,1820,37.29,Finland,Europe
fin,1821,40.16,Finland,Europe
fin,1822,34.9,Finland,Europe
fin,1823,38.91,Finland,Europe
fin,1824,35.83,Finland,Europe
fin,1825,37.26,Finland,Europe
fin,1826,38.13,Finland,Europe
fin,1827,42.21,Finland,Europe
fin,1828,40.65,Finland,Europe
fin,1829,36.3,Finland,Europe
fin,1830,36.3,Finland,Europe
fin,1831,34.05,Finland,Europe
fin,1832,28.95,Finland,Europe
fin,1833,20.38,Finland,Europe
fin,1834,38.9,Finland,Europe
fin,1835,37.79,Finland,Europe
fin,1836,30.78,Finland,Europe
fin,1837,34.38,Finland,Europe
fin,1838,40.12,Finland,Europe
fin,1839,42.66,Finland,Europe
fin,1840,41.47,Finland,Europe
fin,1841,41.01,Finland,Europe
fin,1842,41.76,Finland,Europe
fin,1843,41.54,Finland,Europe
fin,1844,42.17,Finland,Europe
fin,1845,40.86,Finland,Europe
fin,1846,38.61,Finland,Europe
fin,1847,40.84,Finland,Europe
fin,1848,40.19,Finland,Europe
fin,1849,39.42,Finland,Europe
fin,1850,37.35,Finland,Europe
fin,1851,40.33,Finland,Europe
fin,1852,32.86,Finland,Europe
fin,1853,33.57,Finland,Europe
fin,1854,37.97,Finland,Europe
fin,1855,31.94,Finland,Europe
fin,1856,29.96,Finland,Europe
fin,1857,30.12,Finland,Europe
fin,1858,33.81,Finland,Europe
fin,1859,38.5,Finland,Europe
fin,1860,38.15,Finland,Europe
fin,1861,38.02,Finland,Europe
fin,1862,34.13,Finland,Europe
fin,1863,32.38,Finland,Europe
fin,1864,39.64,Finland,Europe
fin,1865,35.78,Finland,Europe
fin,1866,28.74,Finland,Europe
fin,1867,25.33,Finland,Europe
fin,1868,8.11,Finland,Europe
fin,1869,37.12,Finland,Europe
fin,1870,45.66,Finland,Europe
fin,1871,46.25,Finland,Europe
fin,1872,44.08,Finland,Europe
fin,1873,39.52,Finland,Europe
fin,1874,39.11,Finland,Europe
fin,1875,40.66,Finland,Europe
fin,1876,41.83,Finland,Europe
fin,1877,38.99,Finland,Europe
fin,1878,39.19,Finland,Europe
fin,1879,44.97,Finland,Europe
fin,1880,39.69,Finland,Europe
fin,1881,37.67,Finland,Europe
fin,1882,40.49,Finland,Europe
fin,1883,42.82,Finland,Europe
fin,1884,42.9,Finland,Europe
fin,1885,41.33,Finland,Europe
fin,1886,40.95,Finland,Europe
fin,1887,45.64,Finland,Europe
fin,1888,45.2,Finland,Europe
fin,1889,44.97,Finland,Europe
fin,1890,44.66,Finland,Europe
fin,1891,42.62,Finland,Europe
fin,1892,39.78,Finland,Europe
fin,1893,43.39,Finland,Europe
fin,1894,45.28,Finland,Europe
fin,1895,47.7,Finland,Europe
fin,1896,46.62,Finland,Europe
fin,1897,48.23,Finland,Europe
fin,1898,48.14,Finland,Europe
fin,1899,44.47,Finland,Europe
fin,1900,41.87,Finland,Europe
fin,1901,42.94,Finland,Europe
fin,1902,46.31,Finland,Europe
fin,1903,46.72,Finland,Europe
fin,1904,47.29,Finland,Europe
fin,1905,46.12,Finland,Europe
fin,1906,47.16,Finland,Europe
fin,1907,47.07,Finland,Europe
fin,1908,46.24,Finland,Europe
fin,1909,48.77,Finland,Europe
fin,1910,48.63,Finland,Europe
fin,1911,48.83,Finland,Europe
fin,1912,49.24,Finland,Europe
fin,1913,49.16,Finland,Europe
fin,1914,49.84,Finland,Europe
fin,1915,49.66,Finland,Europe
fin,1916,48.14,Finland,Europe
fin,1917,46.6,Finland,Europe
fin,1918,32.79,Finland,Europe
fin,1919,43.18,Finland,Europe
fin,1920,47.67,Finland,Europe
fin,1921,52.55,Finland,Europe
fin,1922,52.06,Finland,Europe
fin,1923,52.66,Finland,Europe
fin,1924,50.36,Finland,Europe
fin,1925,53.57,Finland,Europe
fin,1926,53.99,Finland,Europe
fin,1927,52.01,Finland,Europe
fin,1928,53.87,Finland,Europe
fin,1929,51.44,Finland,Europe
fin,1930,54.64,Finland,Europe
fin,1931,55.05,Finland,Europe
fin,1932,55.97,Finland,Europe
fin,1933,55.63,Finland,Europe
fin,1934,56.23,Finland,Europe
fin,1935,57.55,Finland,Europe
fin,1936,56.35,Finland,Europe
fin,1937,57.3,Finland,Europe
fin,1938,57.4,Finland,Europe
fin,1939,54.87,Finland,Europe
fin,1940,46.82,Finland,Europe
fin,1941,46.67,Finland,Europe
fin,1942,54.1,Finland,Europe
fin,1943,56.48,Finland,Europe
fin,1944,48.18,Finland,Europe
fin,1945,57.41,Finland,Europe
fin,1946,60.51,Finland,Europe
fin,1947,60.77,Finland,Europe
fin,1948,62.24,Finland,Europe
fin,1949,62.13,Finland,Europe
fin,1950,64.51,Finland,Europe
fin,1951,65.84,Finland,Europe
fin,1952,66.67,Finland,Europe
fin,1953,66.93,Finland,Europe
fin,1954,67.62,Finland,Europe
fin,1955,67.73,Finland,Europe
fin,1956,68.09,Finland,Europe
fin,1957,67.94,Finland,Europe
fin,1958,68.69,Finland,Europe
fin,1959,69.01,Finland,Europe
fin,1960,69.22,Finland,Europe
fin,1961,69.22,Finland,Europe
fin,1962,69.16,Finland,Europe
fin,1963,69.38,Finland,Europe
fin,1964,69.55,Finland,Europe
fin,1965,69.56,Finland,Europe
fin,1966,69.86,Finland,Europe
fin,1967,70,Finland,Europe
fin,1968,70.09,Finland,Europe
fin,1969,70.12,Finland,Europe
fin,1970,70.66,Finland,Europe
fin,1971,70.86,Finland,Europe
fin,1972,71.25,Finland,Europe
fin,1973,71.68,Finland,Europe
fin,1974,71.71,Finland,Europe
fin,1975,72.17,Finland,Europe
fin,1976,72.43,Finland,Europe
fin,1977,72.8,Finland,Europe
fin,1978,73.33,Finland,Europe
fin,1979,73.63,Finland,Europe
fin,1980,74.01,Finland,Europe
fin,1981,74.33,Finland,Europe
fin,1982,74.74,Finland,Europe
fin,1983,74.8,Finland,Europe
fin,1984,74.97,Finland,Europe
fin,1985,74.88,Finland,Europe
fin,1986,75.01,Finland,Europe
fin,1987,75.1,Finland,Europe
fin,1988,75.11,Finland,Europe
fin,1989,75.28,Finland,Europe
fin,1990,75.43,Finland,Europe
fin,1991,75.74,Finland,Europe
fin,1992,75.98,Finland,Europe
fin,1993,76.3,Finland,Europe
fin,1994,76.79,Finland,Europe
fin,1995,76.94,Finland,Europe
fin,1996,77.17,Finland,Europe
fin,1997,77.33,Finland,Europe
fin,1998,77.57,Finland,Europe
fin,1999,77.8,Finland,Europe
fin,2000,78.04,Finland,Europe
fin,2001,78.39,Finland,Europe
fin,2002,78.6,Finland,Europe
fin,2003,78.82,Finland,Europe
fin,2004,79.03,Finland,Europe
fin,2005,79.32,Finland,Europe
fin,2006,79.63,Finland,Europe
fin,2007,79.74,Finland,Europe
fin,2008,79.99,Finland,Europe
fin,2009,80.18,Finland,Europe
fin,2010,80.4,Finland,Europe
fin,2011,80.71,Finland,Europe
fin,2012,80.91,Finland,Europe
fin,2013,81.16,Finland,Europe
fin,2014,81.41,Finland,Europe
fin,2015,81.68,Finland,Europe
fin,2016,81.76,Finland,Europe
fin,2017,81.77,Finland,Europe
fin,2018,81.83,Finland,Europe
fin,2019,81.87,Finland,Europe
fin,2020,81.97,Finland,Europe
fin,2021,82.2,Finland,Europe
fin,2022,82.36,Finland,Europe
fin,2023,82.52,Finland,Europe
fin,2024,82.67,Finland,Europe
fin,2025,82.82,Finland,Europe
fin,2026,82.97,Finland,Europe
fin,2027,83.11,Finland,Europe
fin,2028,83.25,Finland,Europe
fin,2029,83.39,Finland,Europe
fin,2030,83.52,Finland,Europe
fin,2031,83.65,Finland,Europe
fin,2032,83.77,Finland,Europe
fin,2033,83.9,Finland,Europe
fin,2034,84.02,Finland,Europe
fin,2035,84.14,Finland,Europe
fin,2036,84.26,Finland,Europe
fin,2037,84.38,Finland,Europe
fin,2038,84.5,Finland,Europe
fin,2039,84.62,Finland,Europe
fin,2040,84.74,Finland,Europe
fin,2041,84.86,Finland,Europe
fin,2042,84.97,Finland,Europe
fin,2043,85.09,Finland,Europe
fin,2044,85.21,Finland,Europe
fin,2045,85.33,Finland,Europe
fin,2046,85.44,Finland,Europe
fin,2047,85.56,Finland,Europe
fin,2048,85.68,Finland,Europe
fin,2049,85.8,Finland,Europe
fin,2050,85.91,Finland,Europe
fin,2051,86.03,Finland,Europe
fin,2052,86.14,Finland,Europe
fin,2053,86.26,Finland,Europe
fin,2054,86.37,Finland,Europe
fin,2055,86.48,Finland,Europe
fin,2056,86.59,Finland,Europe
fin,2057,86.71,Finland,Europe
fin,2058,86.82,Finland,Europe
fin,2059,86.93,Finland,Europe
fin,2060,87.04,Finland,Europe
fin,2061,87.15,Finland,Europe
fin,2062,87.26,Finland,Europe
fin,2063,87.37,Finland,Europe
fin,2064,87.49,Finland,Europe
fin,2065,87.6,Finland,Europe
fin,2066,87.71,Finland,Europe
fin,2067,87.82,Finland,Europe
fin,2068,87.93,Finland,Europe
fin,2069,88.04,Finland,Europe
fin,2070,88.15,Finland,Europe
fin,2071,88.26,Finland,Europe
fin,2072,88.37,Finland,Europe
fin,2073,88.48,Finland,Europe
fin,2074,88.59,Finland,Europe
fin,2075,88.7,Finland,Europe
fin,2076,88.81,Finland,Europe
fin,2077,88.92,Finland,Europe
fin,2078,89.03,Finland,Europe
fin,2079,89.14,Finland,Europe
fin,2080,89.25,Finland,Europe
fin,2081,89.36,Finland,Europe
fin,2082,89.47,Finland,Europe
fin,2083,89.58,Finland,Europe
fin,2084,89.69,Finland,Europe
fin,2085,89.81,Finland,Europe
fin,2086,89.92,Finland,Europe
fin,2087,90.03,Finland,Europe
fin,2088,90.13,Finland,Europe
fin,2089,90.24,Finland,Europe
fin,2090,90.35,Finland,Europe
fin,2091,90.46,Finland,Europe
fin,2092,90.57,Finland,Europe
fin,2093,90.67,Finland,Europe
fin,2094,90.78,Finland,Europe
fin,2095,90.89,Finland,Europe
fin,2096,91,Finland,Europe
fin,2097,91.11,Finland,Europe
fin,2098,91.23,Finland,Europe
fin,2099,91.34,Finland,Europe
fin,2100,91.45,Finland,Europe
fra,1800,33.97,France,Europe
fra,1801,36.37,France,Europe
fra,1802,34.38,France,Europe
fra,1803,30.64,France,Europe
fra,1804,29.38,France,Europe
fra,1805,34.88,France,Europe
fra,1806,35,France,Europe
fra,1807,34.2,France,Europe
fra,1808,34.5,France,Europe
fra,1809,35,France,Europe
fra,1810,37.4,France,Europe
fra,1811,36.1,France,Europe
fra,1812,31.7,France,Europe
fra,1813,31.2,France,Europe
fra,1814,30.1,France,Europe
fra,1815,36.5,France,Europe
fra,1816,40.04,France,Europe
fra,1817,39.18,France,Europe
fra,1818,38.53,France,Europe
fra,1819,37.25,France,Europe
fra,1820,39.21,France,Europe
fra,1821,39.83,France,Europe
fra,1822,38.3,France,Europe
fra,1823,39.97,France,Europe
fra,1824,39.14,France,Europe
fra,1825,38.53,France,Europe
fra,1826,37.76,France,Europe
fra,1827,39.35,France,Europe
fra,1828,37.53,France,Europe
fra,1829,39.36,France,Europe
fra,1830,39.56,France,Europe
fra,1831,39.65,France,Europe
fra,1832,35.81,France,Europe
fra,1833,38.83,France,Europe
fra,1834,35.01,France,Europe
fra,1835,39.48,France,Europe
fra,1836,41.95,France,Europe
fra,1837,39.38,France,Europe
fra,1838,39.33,France,Europe
fra,1839,40.91,France,Europe
fra,1840,40.37,France,Europe
fra,1841,40.68,France,Europe
fra,1842,40.01,France,Europe
fra,1843,40.75,France,Europe
fra,1844,42.29,France,Europe
fra,1845,43.58,France,Europe
fra,1846,40.67,France,Europe
fra,1847,40.41,France,Europe
fra,1848,40.29,France,Europe
fra,1849,35.91,France,Europe
fra,1850,43.28,France,Europe
fra,1851,41.77,France,Europe
fra,1852,41.32,France,Europe
fra,1853,42.52,France,Europe
fra,1854,36.13,France,Europe
fra,1855,37.54,France,Europe
fra,1856,40.18,France,Europe
fra,1857,39.59,France,Europe
fra,1858,39.67,France,Europe
fra,1859,35.26,France,Europe
fra,1860,43.33,France,Europe
fra,1861,40.45,France,Europe
fra,1862,42.7,France,Europe
fra,1863,41.73,France,Europe
fra,1864,42.01,France,Europe
fra,1865,40.16,France,Europe
fra,1866,41.83,France,Europe
fra,1867,42.33,France,Europe
fra,1868,40.23,France,Europe
fra,1869,41.14,France,Europe
fra,1870,36.41,France,Europe
fra,1871,29.59,France,Europe
fra,1872,42.65,France,Europe
fra,1873,41.77,France,Europe
fra,1874,44.32,France,Europe
fra,1875,43.2,France,Europe
fra,1876,43.59,France,Europe
fra,1877,44.37,France,Europe
fra,1878,43.41,France,Europe
fra,1879,44.05,France,Europe
fra,1880,42.79,France,Europe
fra,1881,43.62,France,Europe
fra,1882,43.23,France,Europe
fra,1883,43.36,France,Europe
fra,1884,42.6,France,Europe
fra,1885,44.06,France,Europe
fra,1886,43.27,France,Europe
fra,1887,43.85,France,Europe
fra,1888,44.26,France,Europe
fra,1889,45.68,France,Europe
fra,1890,43.48,France,Europe
fra,1891,44.24,France,Europe
fra,1892,43.7,France,Europe
fra,1893,43.74,France,Europe
fra,1894,45.68,France,Europe
fra,1895,45.36,France,Europe
fra,1896,47.73,France,Europe
fra,1897,48.11,France,Europe
fra,1898,46.17,France,Europe
fra,1899,45.41,France,Europe
fra,1900,45.27,France,Europe
fra,1901,47.21,France,Europe
fra,1902,48.22,France,Europe
fra,1903,48.65,France,Europe
fra,1904,48.31,France,Europe
fra,1905,48.6,France,Europe
fra,1906,47.98,France,Europe
fra,1907,48.53,France,Europe
fra,1908,49.56,France,Europe
fra,1909,50.28,France,Europe
fra,1910,51.66,France,Europe
fra,1911,48.45,France,Europe
fra,1912,51.92,France,Europe
fra,1913,51.66,France,Europe
fra,1914,38.08,France,Europe
fra,1915,35.85,France,Europe
fra,1916,39.76,France,Europe
fra,1917,42.88,France,Europe
fra,1918,34.57,France,Europe
fra,1919,47.85,France,Europe
fra,1920,51.96,France,Europe
fra,1921,53.07,France,Europe
fra,1922,55.32,France,Europe
fra,1923,55.05,France,Europe
fra,1924,55.69,France,Europe
fra,1925,54.81,France,Europe
fra,1926,54.45,France,Europe
fra,1927,56.24,France,Europe
fra,1928,55.89,France,Europe
fra,1929,54.72,France,Europe
fra,1930,57.35,France,Europe
fra,1931,57.41,France,Europe
fra,1932,57.76,France,Europe
fra,1933,58.21,France,Europe
fra,1934,58.88,France,Europe
fra,1935,58.85,France,Europe
fra,1936,59.35,France,Europe
fra,1937,59.72,France,Europe
fra,1938,59.53,France,Europe
fra,1939,60.19,France,Europe
fra,1940,49.93,France,Europe
fra,1941,58.24,France,Europe
fra,1942,58.02,France,Europe
fra,1943,53.87,France,Europe
fra,1944,47.68,France,Europe
fra,1945,55.54,France,Europe
fra,1946,63.04,France,Europe
fra,1947,64.67,France,Europe
fra,1948,66.55,France,Europe
fra,1949,65.64,France,Europe
fra,1950,67.13,France,Europe
fra,1951,66.68,France,Europe
fra,1952,68.08,France,Europe
fra,1953,68.51,France,Europe
fra,1954,69.04,France,Europe
fra,1955,69.33,France,Europe
fra,1956,69.45,France,Europe
fra,1957,69.9,France,Europe
fra,1958,70.79,France,Europe
fra,1959,70.96,France,Europe
fra,1960,71.19,France,Europe
fra,1961,71.35,France,Europe
fra,1962,71.18,France,Europe
fra,1963,71.19,France,Europe
fra,1964,71.74,France,Europe
fra,1965,71.83,France,Europe
fra,1966,72.04,France,Europe
fra,1967,72.13,France,Europe
fra,1968,72.12,France,Europe
fra,1969,72.08,France,Europe
fra,1970,72.6,France,Europe
fra,1971,72.74,France,Europe
fra,1972,72.93,France,Europe
fra,1973,73.24,France,Europe
fra,1974,73.38,France,Europe
fra,1975,73.34,France,Europe
fra,1976,73.57,France,Europe
fra,1977,74.02,France,Europe
fra,1978,74.32,France,Europe
fra,1979,74.52,France,Europe
fra,1980,74.68,France,Europe
fra,1981,74.88,France,Europe
fra,1982,75.11,France,Europe
fra,1983,75.27,France,Europe
fra,1984,75.59,France,Europe
fra,1985,75.77,France,Europe
fra,1986,76.05,France,Europe
fra,1987,76.51,France,Europe
fra,1988,76.8,France,Europe
fra,1989,76.98,France,Europe
fra,1990,77.21,France,Europe
fra,1991,77.37,France,Europe
fra,1992,77.6,France,Europe
fra,1993,77.77,France,Europe
fra,1994,78.04,France,Europe
fra,1995,78.19,France,Europe
fra,1996,78.39,France,Europe
fra,1997,78.72,France,Europe
fra,1998,78.77,France,Europe
fra,1999,78.93,France,Europe
fra,2000,79.19,France,Europe
fra,2001,79.35,France,Europe
fra,2002,79.52,France,Europe
fra,2003,79.73,France,Europe
fra,2004,80.32,France,Europe
fra,2005,80.56,France,Europe
fra,2006,80.84,France,Europe
fra,2007,81.09,France,Europe
fra,2008,81.24,France,Europe
fra,2009,81.37,France,Europe
fra,2010,81.58,France,Europe
fra,2011,81.82,France,Europe
fra,2012,82,France,Europe
fra,2013,82.26,France,Europe
fra,2014,82.57,France,Europe
fra,2015,82.52,France,Europe
fra,2016,82.83,France,Europe
fra,2017,82.87,France,Europe
fra,2018,82.92,France,Europe
fra,2019,82.87,France,Europe
fra,2020,82.17,France,Europe
fra,2021,83.12,France,Europe
fra,2022,83.26,France,Europe
fra,2023,83.39,France,Europe
fra,2024,83.52,France,Europe
fra,2025,83.65,France,Europe
fra,2026,83.79,France,Europe
fra,2027,83.92,France,Europe
fra,2028,84.05,France,Europe
fra,2029,84.19,France,Europe
fra,2030,84.33,France,Europe
fra,2031,84.46,France,Europe
fra,2032,84.6,France,Europe
fra,2033,84.73,France,Europe
fra,2034,84.86,France,Europe
fra,2035,84.98,France,Europe
fra,2036,85.1,France,Europe
fra,2037,85.22,France,Europe
fra,2038,85.34,France,Europe
fra,2039,85.46,France,Europe
fra,2040,85.57,France,Europe
fra,2041,85.69,France,Europe
fra,2042,85.8,France,Europe
fra,2043,85.92,France,Europe
fra,2044,86.04,France,Europe
fra,2045,86.15,France,Europe
fra,2046,86.27,France,Europe
fra,2047,86.39,France,Europe
fra,2048,86.51,France,Europe
fra,2049,86.62,France,Europe
fra,2050,86.74,France,Europe
fra,2051,86.85,France,Europe
fra,2052,86.97,France,Europe
fra,2053,87.08,France,Europe
fra,2054,87.19,France,Europe
fra,2055,87.31,France,Europe
fra,2056,87.42,France,Europe
fra,2057,87.53,France,Europe
fra,2058,87.64,France,Europe
fra,2059,87.75,France,Europe
fra,2060,87.87,France,Europe
fra,2061,87.98,France,Europe
fra,2062,88.1,France,Europe
fra,2063,88.21,France,Europe
fra,2064,88.32,France,Europe
fra,2065,88.44,France,Europe
fra,2066,88.55,France,Europe
fra,2067,88.66,France,Europe
fra,2068,88.77,France,Europe
fra,2069,88.88,France,Europe
fra,2070,88.99,France,Europe
fra,2071,89.1,France,Europe
fra,2072,89.21,France,Europe
fra,2073,89.32,France,Europe
fra,2074,89.43,France,Europe
fra,2075,89.54,France,Europe
fra,2076,89.66,France,Europe
fra,2077,89.77,France,Europe
fra,2078,89.88,France,Europe
fra,2079,90,France,Europe
fra,2080,90.11,France,Europe
fra,2081,90.22,France,Europe
fra,2082,90.33,France,Europe
fra,2083,90.44,France,Europe
fra,2084,90.55,France,Europe
fra,2085,90.66,France,Europe
fra,2086,90.77,France,Europe
fra,2087,90.88,France,Europe
fra,2088,90.99,France,Europe
fra,2089,91.1,France,Europe
fra,2090,91.21,France,Europe
fra,2091,91.32,France,Europe
fra,2092,91.43,France,Europe
fra,2093,91.54,France,Europe
fra,2094,91.65,France,Europe
fra,2095,91.76,France,Europe
fra,2096,91.87,France,Europe
fra,2097,91.98,France,Europe
fra,2098,92.09,France,Europe
fra,2099,92.2,France,Europe
fra,2100,92.3,France,Europe
gab,1800,30.6,Gabon,Africa
gab,1801,30.6,Gabon,Africa
gab,1802,30.6,Gabon,Africa
gab,1803,30.6,Gabon,Africa
gab,1804,30.6,Gabon,Africa
gab,1805,30.6,Gabon,Africa
gab,1806,30.6,Gabon,Africa
gab,1807,30.6,Gabon,Africa
gab,1808,30.6,Gabon,Africa
gab,1809,30.6,Gabon,Africa
gab,1810,30.6,Gabon,Africa
gab,1811,30.6,Gabon,Africa
gab,1812,30.6,Gabon,Africa
gab,1813,30.6,Gabon,Africa
gab,1814,30.6,Gabon,Africa
gab,1815,30.6,Gabon,Africa
gab,1816,30.6,Gabon,Africa
gab,1817,30.6,Gabon,Africa
gab,1818,30.6,Gabon,Africa
gab,1819,30.6,Gabon,Africa
gab,1820,30.6,Gabon,Africa
gab,1821,30.6,Gabon,Africa
gab,1822,30.6,Gabon,Africa
gab,1823,30.6,Gabon,Africa
gab,1824,30.6,Gabon,Africa
gab,1825,30.6,Gabon,Africa
gab,1826,30.6,Gabon,Africa
gab,1827,30.6,Gabon,Africa
gab,1828,30.6,Gabon,Africa
gab,1829,30.6,Gabon,Africa
gab,1830,30.6,Gabon,Africa
gab,1831,30.6,Gabon,Africa
gab,1832,30.6,Gabon,Africa
gab,1833,30.6,Gabon,Africa
gab,1834,30.6,Gabon,Africa
gab,1835,30.6,Gabon,Africa
gab,1836,30.6,Gabon,Africa
gab,1837,30.6,Gabon,Africa
gab,1838,30.6,Gabon,Africa
gab,1839,30.6,Gabon,Africa
gab,1840,30.6,Gabon,Africa
gab,1841,30.6,Gabon,Africa
gab,1842,30.6,Gabon,Africa
gab,1843,30.6,Gabon,Africa
gab,1844,30.6,Gabon,Africa
gab,1845,30.6,Gabon,Africa
gab,1846,30.6,Gabon,Africa
gab,1847,30.6,Gabon,Africa
gab,1848,30.6,Gabon,Africa
gab,1849,30.6,Gabon,Africa
gab,1850,30.6,Gabon,Africa
gab,1851,30.6,Gabon,Africa
gab,1852,30.6,Gabon,Africa
gab,1853,30.6,Gabon,Africa
gab,1854,30.6,Gabon,Africa
gab,1855,30.6,Gabon,Africa
gab,1856,30.6,Gabon,Africa
gab,1857,30.6,Gabon,Africa
gab,1858,30.6,Gabon,Africa
gab,1859,30.6,Gabon,Africa
gab,1860,30.6,Gabon,Africa
gab,1861,30.6,Gabon,Africa
gab,1862,30.6,Gabon,Africa
gab,1863,30.6,Gabon,Africa
gab,1864,30.6,Gabon,Africa
gab,1865,30.6,Gabon,Africa
gab,1866,30.6,Gabon,Africa
gab,1867,30.6,Gabon,Africa
gab,1868,30.6,Gabon,Africa
gab,1869,30.6,Gabon,Africa
gab,1870,30.6,Gabon,Africa
gab,1871,30.73,Gabon,Africa
gab,1872,30.87,Gabon,Africa
gab,1873,31,Gabon,Africa
gab,1874,31.14,Gabon,Africa
gab,1875,31.27,Gabon,Africa
gab,1876,31.41,Gabon,Africa
gab,1877,31.54,Gabon,Africa
gab,1878,31.68,Gabon,Africa
gab,1879,31.81,Gabon,Africa
gab,1880,31.95,Gabon,Africa
gab,1881,32.08,Gabon,Africa
gab,1882,32.22,Gabon,Africa
gab,1883,32.35,Gabon,Africa
gab,1884,32.49,Gabon,Africa
gab,1885,32.62,Gabon,Africa
gab,1886,32.76,Gabon,Africa
gab,1887,32.89,Gabon,Africa
gab,1888,33.03,Gabon,Africa
gab,1889,33.16,Gabon,Africa
gab,1890,33.3,Gabon,Africa
gab,1891,33.43,Gabon,Africa
gab,1892,33.57,Gabon,Africa
gab,1893,33.7,Gabon,Africa
gab,1894,33.84,Gabon,Africa
gab,1895,33.97,Gabon,Africa
gab,1896,34.11,Gabon,Africa
gab,1897,34.24,Gabon,Africa
gab,1898,34.38,Gabon,Africa
gab,1899,34.51,Gabon,Africa
gab,1900,34.65,Gabon,Africa
gab,1901,34.78,Gabon,Africa
gab,1902,34.92,Gabon,Africa
gab,1903,35.05,Gabon,Africa
gab,1904,35.19,Gabon,Africa
gab,1905,35.32,Gabon,Africa
gab,1906,35.46,Gabon,Africa
gab,1907,35.59,Gabon,Africa
gab,1908,35.73,Gabon,Africa
gab,1909,35.86,Gabon,Africa
gab,1910,36,Gabon,Africa
gab,1911,36.13,Gabon,Africa
gab,1912,36.27,Gabon,Africa
gab,1913,36.4,Gabon,Africa
gab,1914,36.54,Gabon,Africa
gab,1915,36.67,Gabon,Africa
gab,1916,36.81,Gabon,Africa
gab,1917,36.94,Gabon,Africa
gab,1918,14.34,Gabon,Africa
gab,1919,37.21,Gabon,Africa
gab,1920,37.35,Gabon,Africa
gab,1921,37.48,Gabon,Africa
gab,1922,37.62,Gabon,Africa
gab,1923,37.75,Gabon,Africa
gab,1924,37.89,Gabon,Africa
gab,1925,38.02,Gabon,Africa
gab,1926,38.16,Gabon,Africa
gab,1927,38.29,Gabon,Africa
gab,1928,38.43,Gabon,Africa
gab,1929,38.56,Gabon,Africa
gab,1930,38.7,Gabon,Africa
gab,1931,38.83,Gabon,Africa
gab,1932,38.97,Gabon,Africa
gab,1933,39.1,Gabon,Africa
gab,1934,39.24,Gabon,Africa
gab,1935,39.37,Gabon,Africa
gab,1936,39.51,Gabon,Africa
gab,1937,39.64,Gabon,Africa
gab,1938,39.78,Gabon,Africa
gab,1939,39.91,Gabon,Africa
gab,1940,40.05,Gabon,Africa
gab,1941,40.18,Gabon,Africa
gab,1942,40.32,Gabon,Africa
gab,1943,40.45,Gabon,Africa
gab,1944,40.59,Gabon,Africa
gab,1945,40.72,Gabon,Africa
gab,1946,42.29,Gabon,Africa
gab,1947,43.87,Gabon,Africa
gab,1948,45.45,Gabon,Africa
gab,1949,47.05,Gabon,Africa
gab,1950,48.65,Gabon,Africa
gab,1951,48.67,Gabon,Africa
gab,1952,48.74,Gabon,Africa
gab,1953,48.8,Gabon,Africa
gab,1954,48.84,Gabon,Africa
gab,1955,48.87,Gabon,Africa
gab,1956,49.04,Gabon,Africa
gab,1957,49.24,Gabon,Africa
gab,1958,49.43,Gabon,Africa
gab,1959,49.71,Gabon,Africa
gab,1960,49.98,Gabon,Africa
gab,1961,50.32,Gabon,Africa
gab,1962,50.65,Gabon,Africa
gab,1963,51,Gabon,Africa
gab,1964,51.24,Gabon,Africa
gab,1965,51.69,Gabon,Africa
gab,1966,51.97,Gabon,Africa
gab,1967,52.28,Gabon,Africa
gab,1968,52.55,Gabon,Africa
gab,1969,52.85,Gabon,Africa
gab,1970,53.16,Gabon,Africa
gab,1971,53.51,Gabon,Africa
gab,1972,53.89,Gabon,Africa
gab,1973,54.31,Gabon,Africa
gab,1974,54.92,Gabon,Africa
gab,1975,55.56,Gabon,Africa
gab,1976,56.36,Gabon,Africa
gab,1977,56.87,Gabon,Africa
gab,1978,57.22,Gabon,Africa
gab,1979,57.65,Gabon,Africa
gab,1980,58.12,Gabon,Africa
gab,1981,58.47,Gabon,Africa
gab,1982,58.72,Gabon,Africa
gab,1983,59.02,Gabon,Africa
gab,1984,59.41,Gabon,Africa
gab,1985,59.78,Gabon,Africa
gab,1986,60.33,Gabon,Africa
gab,1987,60.51,Gabon,Africa
gab,1988,60.45,Gabon,Africa
gab,1989,60.45,Gabon,Africa
gab,1990,60.45,Gabon,Africa
gab,1991,60.6,Gabon,Africa
gab,1992,60.85,Gabon,Africa
gab,1993,60.73,Gabon,Africa
gab,1994,60.56,Gabon,Africa
gab,1995,60.41,Gabon,Africa
gab,1996,60.02,Gabon,Africa
gab,1997,60.22,Gabon,Africa
gab,1998,60.1,Gabon,Africa
gab,1999,59.84,Gabon,Africa
gab,2000,59.59,Gabon,Africa
gab,2001,59.52,Gabon,Africa
gab,2002,59.77,Gabon,Africa
gab,2003,59.82,Gabon,Africa
gab,2004,60.17,Gabon,Africa
gab,2005,61.11,Gabon,Africa
gab,2006,61.66,Gabon,Africa
gab,2007,62.03,Gabon,Africa
gab,2008,62.17,Gabon,Africa
gab,2009,62.69,Gabon,Africa
gab,2010,63.27,Gabon,Africa
gab,2011,63.69,Gabon,Africa
gab,2012,64.47,Gabon,Africa
gab,2013,65.28,Gabon,Africa
gab,2014,65.89,Gabon,Africa
gab,2015,66.27,Gabon,Africa
gab,2016,66.63,Gabon,Africa
gab,2017,67.05,Gabon,Africa
gab,2018,67.46,Gabon,Africa
gab,2019,67.81,Gabon,Africa
gab,2020,67.83,Gabon,Africa
gab,2021,68.22,Gabon,Africa
gab,2022,68.38,Gabon,Africa
gab,2023,68.53,Gabon,Africa
gab,2024,68.68,Gabon,Africa
gab,2025,68.84,Gabon,Africa
gab,2026,69.01,Gabon,Africa
gab,2027,69.18,Gabon,Africa
gab,2028,69.34,Gabon,Africa
gab,2029,69.5,Gabon,Africa
gab,2030,69.66,Gabon,Africa
gab,2031,69.82,Gabon,Africa
gab,2032,69.98,Gabon,Africa
gab,2033,70.13,Gabon,Africa
gab,2034,70.28,Gabon,Africa
gab,2035,70.43,Gabon,Africa
gab,2036,70.57,Gabon,Africa
gab,2037,70.72,Gabon,Africa
gab,2038,70.86,Gabon,Africa
gab,2039,71,Gabon,Africa
gab,2040,71.14,Gabon,Africa
gab,2041,71.27,Gabon,Africa
gab,2042,71.41,Gabon,Africa
gab,2043,71.55,Gabon,Africa
gab,2044,71.68,Gabon,Africa
gab,2045,71.81,Gabon,Africa
gab,2046,71.95,Gabon,Africa
gab,2047,72.08,Gabon,Africa
gab,2048,72.21,Gabon,Africa
gab,2049,72.34,Gabon,Africa
gab,2050,72.46,Gabon,Africa
gab,2051,72.59,Gabon,Africa
gab,2052,72.72,Gabon,Africa
gab,2053,72.84,Gabon,Africa
gab,2054,72.97,Gabon,Africa
gab,2055,73.09,Gabon,Africa
gab,2056,73.22,Gabon,Africa
gab,2057,73.35,Gabon,Africa
gab,2058,73.47,Gabon,Africa
gab,2059,73.6,Gabon,Africa
gab,2060,73.73,Gabon,Africa
gab,2061,73.86,Gabon,Africa
gab,2062,73.98,Gabon,Africa
gab,2063,74.11,Gabon,Africa
gab,2064,74.23,Gabon,Africa
gab,2065,74.36,Gabon,Africa
gab,2066,74.48,Gabon,Africa
gab,2067,74.61,Gabon,Africa
gab,2068,74.74,Gabon,Africa
gab,2069,74.86,Gabon,Africa
gab,2070,74.99,Gabon,Africa
gab,2071,75.12,Gabon,Africa
gab,2072,75.25,Gabon,Africa
gab,2073,75.37,Gabon,Africa
gab,2074,75.5,Gabon,Africa
gab,2075,75.63,Gabon,Africa
gab,2076,75.75,Gabon,Africa
gab,2077,75.88,Gabon,Africa
gab,2078,76.01,Gabon,Africa
gab,2079,76.13,Gabon,Africa
gab,2080,76.26,Gabon,Africa
gab,2081,76.39,Gabon,Africa
gab,2082,76.52,Gabon,Africa
gab,2083,76.65,Gabon,Africa
gab,2084,76.78,Gabon,Africa
gab,2085,76.91,Gabon,Africa
gab,2086,77.04,Gabon,Africa
gab,2087,77.17,Gabon,Africa
gab,2088,77.3,Gabon,Africa
gab,2089,77.43,Gabon,Africa
gab,2090,77.56,Gabon,Africa
gab,2091,77.68,Gabon,Africa
gab,2092,77.81,Gabon,Africa
gab,2093,77.94,Gabon,Africa
gab,2094,78.08,Gabon,Africa
gab,2095,78.21,Gabon,Africa
gab,2096,78.34,Gabon,Africa
gab,2097,78.48,Gabon,Africa
gab,2098,78.61,Gabon,Africa
gab,2099,78.75,Gabon,Africa
gab,2100,78.89,Gabon,Africa
gmb,1800,28.8,Gambia,Africa
gmb,1801,28.8,Gambia,Africa
gmb,1802,28.8,Gambia,Africa
gmb,1803,28.8,Gambia,Africa
gmb,1804,28.8,Gambia,Africa
gmb,1805,28.8,Gambia,Africa
gmb,1806,28.8,Gambia,Africa
gmb,1807,28.8,Gambia,Africa
gmb,1808,28.8,Gambia,Africa
gmb,1809,28.8,Gambia,Africa
gmb,1810,28.8,Gambia,Africa
gmb,1811,28.8,Gambia,Africa
gmb,1812,28.8,Gambia,Africa
gmb,1813,28.8,Gambia,Africa
gmb,1814,28.8,Gambia,Africa
gmb,1815,28.8,Gambia,Africa
gmb,1816,28.8,Gambia,Africa
gmb,1817,28.8,Gambia,Africa
gmb,1818,28.8,Gambia,Africa
gmb,1819,28.8,Gambia,Africa
gmb,1820,28.8,Gambia,Africa
gmb,1821,28.8,Gambia,Africa
gmb,1822,28.8,Gambia,Africa
gmb,1823,28.8,Gambia,Africa
gmb,1824,28.8,Gambia,Africa
gmb,1825,28.8,Gambia,Africa
gmb,1826,28.8,Gambia,Africa
gmb,1827,28.8,Gambia,Africa
gmb,1828,28.8,Gambia,Africa
gmb,1829,28.8,Gambia,Africa
gmb,1830,28.8,Gambia,Africa
gmb,1831,28.8,Gambia,Africa
gmb,1832,28.8,Gambia,Africa
gmb,1833,28.8,Gambia,Africa
gmb,1834,28.8,Gambia,Africa
gmb,1835,28.8,Gambia,Africa
gmb,1836,28.8,Gambia,Africa
gmb,1837,28.8,Gambia,Africa
gmb,1838,28.8,Gambia,Africa
gmb,1839,28.8,Gambia,Africa
gmb,1840,28.8,Gambia,Africa
gmb,1841,28.8,Gambia,Africa
gmb,1842,28.8,Gambia,Africa
gmb,1843,28.8,Gambia,Africa
gmb,1844,28.8,Gambia,Africa
gmb,1845,28.8,Gambia,Africa
gmb,1846,28.8,Gambia,Africa
gmb,1847,28.8,Gambia,Africa
gmb,1848,28.8,Gambia,Africa
gmb,1849,28.8,Gambia,Africa
gmb,1850,28.8,Gambia,Africa
gmb,1851,28.8,Gambia,Africa
gmb,1852,28.8,Gambia,Africa
gmb,1853,28.8,Gambia,Africa
gmb,1854,28.8,Gambia,Africa
gmb,1855,28.8,Gambia,Africa
gmb,1856,28.8,Gambia,Africa
gmb,1857,28.8,Gambia,Africa
gmb,1858,28.8,Gambia,Africa
gmb,1859,28.8,Gambia,Africa
gmb,1860,28.8,Gambia,Africa
gmb,1861,28.8,Gambia,Africa
gmb,1862,28.8,Gambia,Africa
gmb,1863,28.8,Gambia,Africa
gmb,1864,28.8,Gambia,Africa
gmb,1865,28.8,Gambia,Africa
gmb,1866,28.8,Gambia,Africa
gmb,1867,28.8,Gambia,Africa
gmb,1868,28.8,Gambia,Africa
gmb,1869,28.8,Gambia,Africa
gmb,1870,28.8,Gambia,Africa
gmb,1871,29.07,Gambia,Africa
gmb,1872,29.34,Gambia,Africa
gmb,1873,29.6,Gambia,Africa
gmb,1874,29.87,Gambia,Africa
gmb,1875,30.14,Gambia,Africa
gmb,1876,30.41,Gambia,Africa
gmb,1877,30.68,Gambia,Africa
gmb,1878,30.95,Gambia,Africa
gmb,1879,31.21,Gambia,Africa
gmb,1880,31.48,Gambia,Africa
gmb,1881,31.75,Gambia,Africa
gmb,1882,32.02,Gambia,Africa
gmb,1883,32.29,Gambia,Africa
gmb,1884,32.56,Gambia,Africa
gmb,1885,32.82,Gambia,Africa
gmb,1886,33.09,Gambia,Africa
gmb,1887,33.36,Gambia,Africa
gmb,1888,33.63,Gambia,Africa
gmb,1889,33.9,Gambia,Africa
gmb,1890,34.16,Gambia,Africa
gmb,1891,34.43,Gambia,Africa
gmb,1892,34.7,Gambia,Africa
gmb,1893,34.97,Gambia,Africa
gmb,1894,35.24,Gambia,Africa
gmb,1895,35.51,Gambia,Africa
gmb,1896,35.77,Gambia,Africa
gmb,1897,36.04,Gambia,Africa
gmb,1898,36.31,Gambia,Africa
gmb,1899,36.58,Gambia,Africa
gmb,1900,36.85,Gambia,Africa
gmb,1901,37.12,Gambia,Africa
gmb,1902,37.38,Gambia,Africa
gmb,1903,37.65,Gambia,Africa
gmb,1904,37.92,Gambia,Africa
gmb,1905,38.19,Gambia,Africa
gmb,1906,38.46,Gambia,Africa
gmb,1907,38.72,Gambia,Africa
gmb,1908,38.99,Gambia,Africa
gmb,1909,39.26,Gambia,Africa
gmb,1910,39.53,Gambia,Africa
gmb,1911,39.8,Gambia,Africa
gmb,1912,40.07,Gambia,Africa
gmb,1913,40.33,Gambia,Africa
gmb,1914,40.6,Gambia,Africa
gmb,1915,40.87,Gambia,Africa
gmb,1916,41.14,Gambia,Africa
gmb,1917,41.41,Gambia,Africa
gmb,1918,16.53,Gambia,Africa
gmb,1919,41.94,Gambia,Africa
gmb,1920,42.21,Gambia,Africa
gmb,1921,42.48,Gambia,Africa
gmb,1922,42.75,Gambia,Africa
gmb,1923,43.02,Gambia,Africa
gmb,1924,43.28,Gambia,Africa
gmb,1925,43.55,Gambia,Africa
gmb,1926,43.82,Gambia,Africa
gmb,1927,44.09,Gambia,Africa
gmb,1928,44.36,Gambia,Africa
gmb,1929,44.63,Gambia,Africa
gmb,1930,44.89,Gambia,Africa
gmb,1931,45.16,Gambia,Africa
gmb,1932,45.43,Gambia,Africa
gmb,1933,45.7,Gambia,Africa
gmb,1934,45.97,Gambia,Africa
gmb,1935,46.24,Gambia,Africa
gmb,1936,46.5,Gambia,Africa
gmb,1937,46.77,Gambia,Africa
gmb,1938,47.04,Gambia,Africa
gmb,1939,47.31,Gambia,Africa
gmb,1940,47.58,Gambia,Africa
gmb,1941,47.84,Gambia,Africa
gmb,1942,48.11,Gambia,Africa
gmb,1943,48.38,Gambia,Africa
gmb,1944,48.65,Gambia,Africa
gmb,1945,48.92,Gambia,Africa
gmb,1946,49.49,Gambia,Africa
gmb,1947,50.07,Gambia,Africa
gmb,1948,50.65,Gambia,Africa
gmb,1949,51.23,Gambia,Africa
gmb,1950,51.81,Gambia,Africa
gmb,1951,52.1,Gambia,Africa
gmb,1952,52.27,Gambia,Africa
gmb,1953,52.46,Gambia,Africa
gmb,1954,52.67,Gambia,Africa
gmb,1955,52.84,Gambia,Africa
gmb,1956,52.99,Gambia,Africa
gmb,1957,53.15,Gambia,Africa
gmb,1958,53.27,Gambia,Africa
gmb,1959,53.56,Gambia,Africa
gmb,1960,53.85,Gambia,Africa
gmb,1961,54.14,Gambia,Africa
gmb,1962,54.37,Gambia,Africa
gmb,1963,54.6,Gambia,Africa
gmb,1964,54.85,Gambia,Africa
gmb,1965,55.21,Gambia,Africa
gmb,1966,55.6,Gambia,Africa
gmb,1967,55.97,Gambia,Africa
gmb,1968,56.22,Gambia,Africa
gmb,1969,56.52,Gambia,Africa
gmb,1970,56.59,Gambia,Africa
gmb,1971,56.66,Gambia,Africa
gmb,1972,56.7,Gambia,Africa
gmb,1973,56.78,Gambia,Africa
gmb,1974,56.87,Gambia,Africa
gmb,1975,56.99,Gambia,Africa
gmb,1976,57.14,Gambia,Africa
gmb,1977,57.33,Gambia,Africa
gmb,1978,57,Gambia,Africa
gmb,1979,57.88,Gambia,Africa
gmb,1980,58.16,Gambia,Africa
gmb,1981,56.54,Gambia,Africa
gmb,1982,58.88,Gambia,Africa
gmb,1983,59.2,Gambia,Africa
gmb,1984,59.44,Gambia,Africa
gmb,1985,59.64,Gambia,Africa
gmb,1986,59.87,Gambia,Africa
gmb,1987,60.05,Gambia,Africa
gmb,1988,60.25,Gambia,Africa
gmb,1989,60.39,Gambia,Africa
gmb,1990,60.61,Gambia,Africa
gmb,1991,60.8,Gambia,Africa
gmb,1992,60.75,Gambia,Africa
gmb,1993,61.18,Gambia,Africa
gmb,1994,61.25,Gambia,Africa
gmb,1995,61.37,Gambia,Africa
gmb,1996,61.43,Gambia,Africa
gmb,1997,61.12,Gambia,Africa
gmb,1998,61.51,Gambia,Africa
gmb,1999,61.48,Gambia,Africa
gmb,2000,61.6,Gambia,Africa
gmb,2001,61.69,Gambia,Africa
gmb,2002,61.73,Gambia,Africa
gmb,2003,61.82,Gambia,Africa
gmb,2004,61.97,Gambia,Africa
gmb,2005,62.16,Gambia,Africa
gmb,2006,62.43,Gambia,Africa
gmb,2007,62.6,Gambia,Africa
gmb,2008,62.94,Gambia,Africa
gmb,2009,63.28,Gambia,Africa
gmb,2010,63.71,Gambia,Africa
gmb,2011,64.17,Gambia,Africa
gmb,2012,64.53,Gambia,Africa
gmb,2013,64.79,Gambia,Africa
gmb,2014,65.03,Gambia,Africa
gmb,2015,65.36,Gambia,Africa
gmb,2016,65.69,Gambia,Africa
gmb,2017,66.04,Gambia,Africa
gmb,2018,66.39,Gambia,Africa
gmb,2019,66.74,Gambia,Africa
gmb,2020,66.86,Gambia,Africa
gmb,2021,67.47,Gambia,Africa
gmb,2022,67.83,Gambia,Africa
gmb,2023,68.19,Gambia,Africa
gmb,2024,68.53,Gambia,Africa
gmb,2025,68.85,Gambia,Africa
gmb,2026,69.16,Gambia,Africa
gmb,2027,69.45,Gambia,Africa
gmb,2028,69.73,Gambia,Africa
gmb,2029,70,Gambia,Africa
gmb,2030,70.26,Gambia,Africa
gmb,2031,70.51,Gambia,Africa
gmb,2032,70.76,Gambia,Africa
gmb,2033,70.99,Gambia,Africa
gmb,2034,71.22,Gambia,Africa
gmb,2035,71.45,Gambia,Africa
gmb,2036,71.66,Gambia,Africa
gmb,2037,71.87,Gambia,Africa
gmb,2038,72.08,Gambia,Africa
gmb,2039,72.27,Gambia,Africa
gmb,2040,72.47,Gambia,Africa
gmb,2041,72.66,Gambia,Africa
gmb,2042,72.85,Gambia,Africa
gmb,2043,73.03,Gambia,Africa
gmb,2044,73.21,Gambia,Africa
gmb,2045,73.39,Gambia,Africa
gmb,2046,73.57,Gambia,Africa
gmb,2047,73.74,Gambia,Africa
gmb,2048,73.91,Gambia,Africa
gmb,2049,74.07,Gambia,Africa
gmb,2050,74.23,Gambia,Africa
gmb,2051,74.38,Gambia,Africa
gmb,2052,74.54,Gambia,Africa
gmb,2053,74.69,Gambia,Africa
gmb,2054,74.84,Gambia,Africa
gmb,2055,74.98,Gambia,Africa
gmb,2056,75.13,Gambia,Africa
gmb,2057,75.28,Gambia,Africa
gmb,2058,75.42,Gambia,Africa
gmb,2059,75.56,Gambia,Africa
gmb,2060,75.7,Gambia,Africa
gmb,2061,75.85,Gambia,Africa
gmb,2062,75.99,Gambia,Africa
gmb,2063,76.13,Gambia,Africa
gmb,2064,76.26,Gambia,Africa
gmb,2065,76.4,Gambia,Africa
gmb,2066,76.54,Gambia,Africa
gmb,2067,76.67,Gambia,Africa
gmb,2068,76.81,Gambia,Africa
gmb,2069,76.94,Gambia,Africa
gmb,2070,77.08,Gambia,Africa
gmb,2071,77.21,Gambia,Africa
gmb,2072,77.34,Gambia,Africa
gmb,2073,77.47,Gambia,Africa
gmb,2074,77.6,Gambia,Africa
gmb,2075,77.73,Gambia,Africa
gmb,2076,77.85,Gambia,Africa
gmb,2077,77.98,Gambia,Africa
gmb,2078,78.11,Gambia,Africa
gmb,2079,78.23,Gambia,Africa
gmb,2080,78.36,Gambia,Africa
gmb,2081,78.49,Gambia,Africa
gmb,2082,78.61,Gambia,Africa
gmb,2083,78.74,Gambia,Africa
gmb,2084,78.87,Gambia,Africa
gmb,2085,78.99,Gambia,Africa
gmb,2086,79.12,Gambia,Africa
gmb,2087,79.25,Gambia,Africa
gmb,2088,79.38,Gambia,Africa
gmb,2089,79.51,Gambia,Africa
gmb,2090,79.64,Gambia,Africa
gmb,2091,79.77,Gambia,Africa
gmb,2092,79.9,Gambia,Africa
gmb,2093,80.03,Gambia,Africa
gmb,2094,80.16,Gambia,Africa
gmb,2095,80.3,Gambia,Africa
gmb,2096,80.43,Gambia,Africa
gmb,2097,80.56,Gambia,Africa
gmb,2098,80.7,Gambia,Africa
gmb,2099,80.84,Gambia,Africa
gmb,2100,80.97,Gambia,Africa
geo,1800,31.87,Georgia,Asia
geo,1801,31.87,Georgia,Asia
geo,1802,31.87,Georgia,Asia
geo,1803,31.87,Georgia,Asia
geo,1804,31.87,Georgia,Asia
geo,1805,31.87,Georgia,Asia
geo,1806,31.87,Georgia,Asia
geo,1807,31.87,Georgia,Asia
geo,1808,31.87,Georgia,Asia
geo,1809,31.87,Georgia,Asia
geo,1810,31.87,Georgia,Asia
geo,1811,31.87,Georgia,Asia
geo,1812,31.87,Georgia,Asia
geo,1813,31.87,Georgia,Asia
geo,1814,31.87,Georgia,Asia
geo,1815,31.87,Georgia,Asia
geo,1816,31.87,Georgia,Asia
geo,1817,31.87,Georgia,Asia
geo,1818,31.87,Georgia,Asia
geo,1819,31.87,Georgia,Asia
geo,1820,31.87,Georgia,Asia
geo,1821,31.87,Georgia,Asia
geo,1822,31.87,Georgia,Asia
geo,1823,31.87,Georgia,Asia
geo,1824,31.87,Georgia,Asia
geo,1825,31.87,Georgia,Asia
geo,1826,31.87,Georgia,Asia
geo,1827,31.87,Georgia,Asia
geo,1828,31.87,Georgia,Asia
geo,1829,31.87,Georgia,Asia
geo,1830,31.87,Georgia,Asia
geo,1831,31.87,Georgia,Asia
geo,1832,31.87,Georgia,Asia
geo,1833,31.87,Georgia,Asia
geo,1834,31.87,Georgia,Asia
geo,1835,31.87,Georgia,Asia
geo,1836,31.87,Georgia,Asia
geo,1837,31.87,Georgia,Asia
geo,1838,31.87,Georgia,Asia
geo,1839,31.87,Georgia,Asia
geo,1840,31.87,Georgia,Asia
geo,1841,31.87,Georgia,Asia
geo,1842,31.87,Georgia,Asia
geo,1843,31.87,Georgia,Asia
geo,1844,31.87,Georgia,Asia
geo,1845,31.87,Georgia,Asia
geo,1846,31.87,Georgia,Asia
geo,1847,31.87,Georgia,Asia
geo,1848,31.87,Georgia,Asia
geo,1849,31.87,Georgia,Asia
geo,1850,31.87,Georgia,Asia
geo,1851,31.87,Georgia,Asia
geo,1852,31.87,Georgia,Asia
geo,1853,31.87,Georgia,Asia
geo,1854,31.87,Georgia,Asia
geo,1855,31.87,Georgia,Asia
geo,1856,31.87,Georgia,Asia
geo,1857,31.87,Georgia,Asia
geo,1858,31.87,Georgia,Asia
geo,1859,31.87,Georgia,Asia
geo,1860,31.87,Georgia,Asia
geo,1861,31.87,Georgia,Asia
geo,1862,31.87,Georgia,Asia
geo,1863,31.87,Georgia,Asia
geo,1864,31.35,Georgia,Asia
geo,1865,30.82,Georgia,Asia
geo,1866,30.3,Georgia,Asia
geo,1867,29.78,Georgia,Asia
geo,1868,29.25,Georgia,Asia
geo,1869,29.3,Georgia,Asia
geo,1870,29.34,Georgia,Asia
geo,1871,29.38,Georgia,Asia
geo,1872,29.43,Georgia,Asia
geo,1873,29.47,Georgia,Asia
geo,1874,29.67,Georgia,Asia
geo,1875,29.87,Georgia,Asia
geo,1876,30.07,Georgia,Asia
geo,1877,30.27,Georgia,Asia
geo,1878,30.47,Georgia,Asia
geo,1879,30.67,Georgia,Asia
geo,1880,30.87,Georgia,Asia
geo,1881,31.07,Georgia,Asia
geo,1882,31.27,Georgia,Asia
geo,1883,31.47,Georgia,Asia
geo,1884,31.67,Georgia,Asia
geo,1885,31.87,Georgia,Asia
geo,1886,32.07,Georgia,Asia
geo,1887,32.27,Georgia,Asia
geo,1888,32.47,Georgia,Asia
geo,1889,32.67,Georgia,Asia
geo,1890,32.87,Georgia,Asia
geo,1891,33.07,Georgia,Asia
geo,1892,33.27,Georgia,Asia
geo,1893,33.47,Georgia,Asia
geo,1894,33.67,Georgia,Asia
geo,1895,33.87,Georgia,Asia
geo,1896,34.07,Georgia,Asia
geo,1897,34.27,Georgia,Asia
geo,1898,34.1,Georgia,Asia
geo,1899,33.94,Georgia,Asia
geo,1900,33.77,Georgia,Asia
geo,1901,34.02,Georgia,Asia
geo,1902,34.27,Georgia,Asia
geo,1903,34.52,Georgia,Asia
geo,1904,34.77,Georgia,Asia
geo,1905,35.02,Georgia,Asia
geo,1906,35.27,Georgia,Asia
geo,1907,35.52,Georgia,Asia
geo,1908,35.77,Georgia,Asia
geo,1909,36.02,Georgia,Asia
geo,1910,36.27,Georgia,Asia
geo,1911,39.23,Georgia,Asia
geo,1912,39.65,Georgia,Asia
geo,1913,37.48,Georgia,Asia
geo,1914,37.07,Georgia,Asia
geo,1915,36.67,Georgia,Asia
geo,1916,36.67,Georgia,Asia
geo,1917,33.67,Georgia,Asia
geo,1918,25,Georgia,Asia
geo,1919,35,Georgia,Asia
geo,1920,37,Georgia,Asia
geo,1921,33,Georgia,Asia
geo,1922,35.5,Georgia,Asia
geo,1923,36,Georgia,Asia
geo,1924,35,Georgia,Asia
geo,1925,39.34,Georgia,Asia
geo,1926,42.54,Georgia,Asia
geo,1927,41.88,Georgia,Asia
geo,1928,43.38,Georgia,Asia
geo,1929,42.14,Georgia,Asia
geo,1930,41.46,Georgia,Asia
geo,1931,40.5,Georgia,Asia
geo,1932,38,Georgia,Asia
geo,1933,24,Georgia,Asia
geo,1934,43.82,Georgia,Asia
geo,1935,45.38,Georgia,Asia
geo,1936,47.05,Georgia,Asia
geo,1937,46.06,Georgia,Asia
geo,1938,47.74,Georgia,Asia
geo,1939,50.14,Georgia,Asia
geo,1940,47.67,Georgia,Asia
geo,1941,33.3,Georgia,Asia
geo,1942,29.8,Georgia,Asia
geo,1943,27.8,Georgia,Asia
geo,1944,35,Georgia,Asia
geo,1945,45,Georgia,Asia
geo,1946,54.67,Georgia,Asia
geo,1947,44.75,Georgia,Asia
geo,1948,50.17,Georgia,Asia
geo,1949,50.24,Georgia,Asia
geo,1950,49.59,Georgia,Asia
geo,1951,50.39,Georgia,Asia
geo,1952,51.35,Georgia,Asia
geo,1953,52.3,Georgia,Asia
geo,1954,53.27,Georgia,Asia
geo,1955,54.29,Georgia,Asia
geo,1956,55.4,Georgia,Asia
geo,1957,56.37,Georgia,Asia
geo,1958,57.31,Georgia,Asia
geo,1959,58.3,Georgia,Asia
geo,1960,59.25,Georgia,Asia
geo,1961,60.14,Georgia,Asia
geo,1962,60.95,Georgia,Asia
geo,1963,61.56,Georgia,Asia
geo,1964,62.26,Georgia,Asia
geo,1965,62.95,Georgia,Asia
geo,1966,63.56,Georgia,Asia
geo,1967,64.12,Georgia,Asia
geo,1968,64.6,Georgia,Asia
geo,1969,64.99,Georgia,Asia
geo,1970,65.36,Georgia,Asia
geo,1971,65.67,Georgia,Asia
geo,1972,65.93,Georgia,Asia
geo,1973,66.23,Georgia,Asia
geo,1974,66.51,Georgia,Asia
geo,1975,66.74,Georgia,Asia
geo,1976,67.06,Georgia,Asia
geo,1977,67.41,Georgia,Asia
geo,1978,67.73,Georgia,Asia
geo,1979,68.09,Georgia,Asia
geo,1980,68.54,Georgia,Asia
geo,1981,68.84,Georgia,Asia
geo,1982,69.1,Georgia,Asia
geo,1983,69.1,Georgia,Asia
geo,1984,68.95,Georgia,Asia
geo,1985,69.06,Georgia,Asia
geo,1986,69.08,Georgia,Asia
geo,1987,68.89,Georgia,Asia
geo,1988,68.7,Georgia,Asia
geo,1989,68.52,Georgia,Asia
geo,1990,68.53,Georgia,Asia
geo,1991,68.41,Georgia,Asia
geo,1992,67.93,Georgia,Asia
geo,1993,67.78,Georgia,Asia
geo,1994,68.81,Georgia,Asia
geo,1995,69.98,Georgia,Asia
geo,1996,70.93,Georgia,Asia
geo,1997,70.88,Georgia,Asia
geo,1998,70.63,Georgia,Asia
geo,1999,70.67,Georgia,Asia
geo,2000,70.68,Georgia,Asia
geo,2001,70.78,Georgia,Asia
geo,2002,70.38,Georgia,Asia
geo,2003,70.59,Georgia,Asia
geo,2004,70.68,Georgia,Asia
geo,2005,71.05,Georgia,Asia
geo,2006,71.47,Georgia,Asia
geo,2007,71.96,Georgia,Asia
geo,2008,71.52,Georgia,Asia
geo,2009,71.72,Georgia,Asia
geo,2010,71.88,Georgia,Asia
geo,2011,72.17,Georgia,Asia
geo,2012,72.45,Georgia,Asia
geo,2013,72.92,Georgia,Asia
geo,2014,73.18,Georgia,Asia
geo,2015,73.29,Georgia,Asia
geo,2016,73.14,Georgia,Asia
geo,2017,73.2,Georgia,Asia
geo,2018,73.28,Georgia,Asia
geo,2019,73.4,Georgia,Asia
geo,2020,72.58,Georgia,Asia
geo,2021,73.7,Georgia,Asia
geo,2022,73.83,Georgia,Asia
geo,2023,73.96,Georgia,Asia
geo,2024,74.1,Georgia,Asia
geo,2025,74.24,Georgia,Asia
geo,2026,74.38,Georgia,Asia
geo,2027,74.52,Georgia,Asia
geo,2028,74.67,Georgia,Asia
geo,2029,74.81,Georgia,Asia
geo,2030,74.95,Georgia,Asia
geo,2031,75.09,Georgia,Asia
geo,2032,75.24,Georgia,Asia
geo,2033,75.38,Georgia,Asia
geo,2034,75.52,Georgia,Asia
geo,2035,75.66,Georgia,Asia
geo,2036,75.8,Georgia,Asia
geo,2037,75.94,Georgia,Asia
geo,2038,76.08,Georgia,Asia
geo,2039,76.22,Georgia,Asia
geo,2040,76.35,Georgia,Asia
geo,2041,76.49,Georgia,Asia
geo,2042,76.63,Georgia,Asia
geo,2043,76.77,Georgia,Asia
geo,2044,76.91,Georgia,Asia
geo,2045,77.05,Georgia,Asia
geo,2046,77.2,Georgia,Asia
geo,2047,77.34,Georgia,Asia
geo,2048,77.48,Georgia,Asia
geo,2049,77.63,Georgia,Asia
geo,2050,77.77,Georgia,Asia
geo,2051,77.91,Georgia,Asia
geo,2052,78.06,Georgia,Asia
geo,2053,78.2,Georgia,Asia
geo,2054,78.34,Georgia,Asia
geo,2055,78.48,Georgia,Asia
geo,2056,78.63,Georgia,Asia
geo,2057,78.77,Georgia,Asia
geo,2058,78.91,Georgia,Asia
geo,2059,79.06,Georgia,Asia
geo,2060,79.2,Georgia,Asia
geo,2061,79.34,Georgia,Asia
geo,2062,79.49,Georgia,Asia
geo,2063,79.64,Georgia,Asia
geo,2064,79.78,Georgia,Asia
geo,2065,79.93,Georgia,Asia
geo,2066,80.07,Georgia,Asia
geo,2067,80.22,Georgia,Asia
geo,2068,80.36,Georgia,Asia
geo,2069,80.51,Georgia,Asia
geo,2070,80.65,Georgia,Asia
geo,2071,80.79,Georgia,Asia
geo,2072,80.93,Georgia,Asia
geo,2073,81.07,Georgia,Asia
geo,2074,81.21,Georgia,Asia
geo,2075,81.35,Georgia,Asia
geo,2076,81.48,Georgia,Asia
geo,2077,81.61,Georgia,Asia
geo,2078,81.75,Georgia,Asia
geo,2079,81.88,Georgia,Asia
geo,2080,82.01,Georgia,Asia
geo,2081,82.14,Georgia,Asia
geo,2082,82.27,Georgia,Asia
geo,2083,82.39,Georgia,Asia
geo,2084,82.52,Georgia,Asia
geo,2085,82.64,Georgia,Asia
geo,2086,82.77,Georgia,Asia
geo,2087,82.89,Georgia,Asia
geo,2088,83.01,Georgia,Asia
geo,2089,83.13,Georgia,Asia
geo,2090,83.25,Georgia,Asia
geo,2091,83.36,Georgia,Asia
geo,2092,83.48,Georgia,Asia
geo,2093,83.59,Georgia,Asia
geo,2094,83.7,Georgia,Asia
geo,2095,83.82,Georgia,Asia
geo,2096,83.93,Georgia,Asia
geo,2097,84.04,Georgia,Asia
geo,2098,84.15,Georgia,Asia
geo,2099,84.26,Georgia,Asia
geo,2100,84.36,Georgia,Asia
deu,1800,38.37,Germany,Europe
deu,1801,38.37,Germany,Europe
deu,1802,38.37,Germany,Europe
deu,1803,38.37,Germany,Europe
deu,1804,38.37,Germany,Europe
deu,1805,38.37,Germany,Europe
deu,1806,38.37,Germany,Europe
deu,1807,38.37,Germany,Europe
deu,1808,38.37,Germany,Europe
deu,1809,38.37,Germany,Europe
deu,1810,38.37,Germany,Europe
deu,1811,38.37,Germany,Europe
deu,1812,38.37,Germany,Europe
deu,1813,38.37,Germany,Europe
deu,1814,38.37,Germany,Europe
deu,1815,38.37,Germany,Europe
deu,1816,38.37,Germany,Europe
deu,1817,38.37,Germany,Europe
deu,1818,38.37,Germany,Europe
deu,1819,38.37,Germany,Europe
deu,1820,38.37,Germany,Europe
deu,1821,38.37,Germany,Europe
deu,1822,38.37,Germany,Europe
deu,1823,38.37,Germany,Europe
deu,1824,38.37,Germany,Europe
deu,1825,38.37,Germany,Europe
deu,1826,38.37,Germany,Europe
deu,1827,38.37,Germany,Europe
deu,1828,38.37,Germany,Europe
deu,1829,38.37,Germany,Europe
deu,1830,38.37,Germany,Europe
deu,1831,38.37,Germany,Europe
deu,1832,38.37,Germany,Europe
deu,1833,38.37,Germany,Europe
deu,1834,38.37,Germany,Europe
deu,1835,38.37,Germany,Europe
deu,1836,38.37,Germany,Europe
deu,1837,38.37,Germany,Europe
deu,1838,38.37,Germany,Europe
deu,1839,38.37,Germany,Europe
deu,1840,38.37,Germany,Europe
deu,1841,38.37,Germany,Europe
deu,1842,38.37,Germany,Europe
deu,1843,38.37,Germany,Europe
deu,1844,38.37,Germany,Europe
deu,1845,38.37,Germany,Europe
deu,1846,38.37,Germany,Europe
deu,1847,38.37,Germany,Europe
deu,1848,38.37,Germany,Europe
deu,1849,38.37,Germany,Europe
deu,1850,38.37,Germany,Europe
deu,1851,38.37,Germany,Europe
deu,1852,38.37,Germany,Europe
deu,1853,38.37,Germany,Europe
deu,1854,38.37,Germany,Europe
deu,1855,38.37,Germany,Europe
deu,1856,38.37,Germany,Europe
deu,1857,38.37,Germany,Europe
deu,1858,38.37,Germany,Europe
deu,1859,38.37,Germany,Europe
deu,1860,38.37,Germany,Europe
deu,1861,38.37,Germany,Europe
deu,1862,38.37,Germany,Europe
deu,1863,38.37,Germany,Europe
deu,1864,38.37,Germany,Europe
deu,1865,38.37,Germany,Europe
deu,1866,38.37,Germany,Europe
deu,1867,38.37,Germany,Europe
deu,1868,38.37,Germany,Europe
deu,1869,38.37,Germany,Europe
deu,1870,38.37,Germany,Europe
deu,1871,38.37,Germany,Europe
deu,1872,38.36,Germany,Europe
deu,1873,38.36,Germany,Europe
deu,1874,38.36,Germany,Europe
deu,1875,38.36,Germany,Europe
deu,1876,38.46,Germany,Europe
deu,1877,38.56,Germany,Europe
deu,1878,38.67,Germany,Europe
deu,1879,38.77,Germany,Europe
deu,1880,38.88,Germany,Europe
deu,1881,38.98,Germany,Europe
deu,1882,39.08,Germany,Europe
deu,1883,39.19,Germany,Europe
deu,1884,39.29,Germany,Europe
deu,1885,39.4,Germany,Europe
deu,1886,39.69,Germany,Europe
deu,1887,39.98,Germany,Europe
deu,1888,40.27,Germany,Europe
deu,1889,40.56,Germany,Europe
deu,1890,40.85,Germany,Europe
deu,1891,41.14,Germany,Europe
deu,1892,41.43,Germany,Europe
deu,1893,41.72,Germany,Europe
deu,1894,42.01,Germany,Europe
deu,1895,42.3,Germany,Europe
deu,1896,42.61,Germany,Europe
deu,1897,42.91,Germany,Europe
deu,1898,43.21,Germany,Europe
deu,1899,43.52,Germany,Europe
deu,1900,43.82,Germany,Europe
deu,1901,44.12,Germany,Europe
deu,1902,44.42,Germany,Europe
deu,1903,44.73,Germany,Europe
deu,1904,45.03,Germany,Europe
deu,1905,45.33,Germany,Europe
deu,1906,45.92,Germany,Europe
deu,1907,46.51,Germany,Europe
deu,1908,47.09,Germany,Europe
deu,1909,47.68,Germany,Europe
deu,1910,48.27,Germany,Europe
deu,1911,48.85,Germany,Europe
deu,1912,49.44,Germany,Europe
deu,1913,50.03,Germany,Europe
deu,1914,46.03,Germany,Europe
deu,1915,40.39,Germany,Europe
deu,1916,38.86,Germany,Europe
deu,1917,39.94,Germany,Europe
deu,1918,32.82,Germany,Europe
deu,1919,48.15,Germany,Europe
deu,1920,53.3,Germany,Europe
deu,1921,54.81,Germany,Europe
deu,1922,55.4,Germany,Europe
deu,1923,56,Germany,Europe
deu,1924,56.59,Germany,Europe
deu,1925,57.19,Germany,Europe
deu,1926,57.59,Germany,Europe
deu,1927,57.99,Germany,Europe
deu,1928,58.4,Germany,Europe
deu,1929,58.8,Germany,Europe
deu,1930,59.2,Germany,Europe
deu,1931,59.6,Germany,Europe
deu,1932,60,Germany,Europe
deu,1933,60.4,Germany,Europe
deu,1934,60.81,Germany,Europe
deu,1935,61.21,Germany,Europe
deu,1936,61.49,Germany,Europe
deu,1937,61.77,Germany,Europe
deu,1938,62.05,Germany,Europe
deu,1939,60.69,Germany,Europe
deu,1940,60.35,Germany,Europe
deu,1941,58.69,Germany,Europe
deu,1942,54.71,Germany,Europe
deu,1943,49.43,Germany,Europe
deu,1944,36.8,Germany,Europe
deu,1945,28.84,Germany,Europe
deu,1946,60.17,Germany,Europe
deu,1947,61.76,Germany,Europe
deu,1948,63.34,Germany,Europe
deu,1949,64.93,Germany,Europe
deu,1950,66.51,Germany,Europe
deu,1951,66.91,Germany,Europe
deu,1952,67.33,Germany,Europe
deu,1953,67.72,Germany,Europe
deu,1954,68.1,Germany,Europe
deu,1955,68.53,Germany,Europe
deu,1956,68.89,Germany,Europe
deu,1957,68.9,Germany,Europe
deu,1958,69.31,Germany,Europe
deu,1959,69.35,Germany,Europe
deu,1960,69.41,Germany,Europe
deu,1961,69.76,Germany,Europe
deu,1962,70.01,Germany,Europe
deu,1963,70.18,Germany,Europe
deu,1964,70.53,Germany,Europe
deu,1965,70.68,Germany,Europe
deu,1966,70.76,Germany,Europe
deu,1967,70.81,Germany,Europe
deu,1968,70.54,Germany,Europe
deu,1969,70.38,Germany,Europe
deu,1970,70.61,Germany,Europe
deu,1971,70.81,Germany,Europe
deu,1972,71.02,Germany,Europe
deu,1973,71.29,Germany,Europe
deu,1974,71.56,Germany,Europe
deu,1975,71.67,Germany,Europe
deu,1976,72.1,Germany,Europe
deu,1977,72.55,Germany,Europe
deu,1978,72.7,Germany,Europe
deu,1979,72.99,Germany,Europe
deu,1980,73.26,Germany,Europe
deu,1981,73.52,Germany,Europe
deu,1982,73.81,Germany,Europe
deu,1983,74.14,Germany,Europe
deu,1984,74.58,Germany,Europe
deu,1985,74.83,Germany,Europe
deu,1986,75.06,Germany,Europe
deu,1987,75.32,Germany,Europe
deu,1988,75.46,Germany,Europe
deu,1989,75.65,Germany,Europe
deu,1990,75.66,Germany,Europe
deu,1991,75.85,Germany,Europe
deu,1992,76.17,Germany,Europe
deu,1993,76.34,Germany,Europe
deu,1994,76.61,Germany,Europe
deu,1995,76.87,Germany,Europe
deu,1996,77.14,Germany,Europe
deu,1997,77.48,Germany,Europe
deu,1998,77.81,Germany,Europe
deu,1999,78.1,Germany,Europe
deu,2000,78.39,Germany,Europe
deu,2001,78.67,Germany,Europe
deu,2002,78.77,Germany,Europe
deu,2003,78.91,Germany,Europe
deu,2004,79.35,Germany,Europe
deu,2005,79.64,Germany,Europe
deu,2006,79.89,Germany,Europe
deu,2007,80.04,Germany,Europe
deu,2008,80.15,Germany,Europe
deu,2009,80.29,Germany,Europe
deu,2010,80.5,Germany,Europe
deu,2011,80.67,Germany,Europe
deu,2012,80.79,Germany,Europe
deu,2013,80.79,Germany,Europe
deu,2014,81.01,Germany,Europe
deu,2015,80.88,Germany,Europe
deu,2016,80.95,Germany,Europe
deu,2017,81.09,Germany,Europe
deu,2018,81.15,Germany,Europe
deu,2019,81.2,Germany,Europe
deu,2020,81,Germany,Europe
deu,2021,81.5,Germany,Europe
deu,2022,81.66,Germany,Europe
deu,2023,81.82,Germany,Europe
deu,2024,81.98,Germany,Europe
deu,2025,82.14,Germany,Europe
deu,2026,82.3,Germany,Europe
deu,2027,82.46,Germany,Europe
deu,2028,82.61,Germany,Europe
deu,2029,82.76,Germany,Europe
deu,2030,82.91,Germany,Europe
deu,2031,83.05,Germany,Europe
deu,2032,83.2,Germany,Europe
deu,2033,83.34,Germany,Europe
deu,2034,83.47,Germany,Europe
deu,2035,83.61,Germany,Europe
deu,2036,83.74,Germany,Europe
deu,2037,83.87,Germany,Europe
deu,2038,84,Germany,Europe
deu,2039,84.12,Germany,Europe
deu,2040,84.24,Germany,Europe
deu,2041,84.37,Germany,Europe
deu,2042,84.49,Germany,Europe
deu,2043,84.61,Germany,Europe
deu,2044,84.72,Germany,Europe
deu,2045,84.84,Germany,Europe
deu,2046,84.96,Germany,Europe
deu,2047,85.07,Germany,Europe
deu,2048,85.19,Germany,Europe
deu,2049,85.31,Germany,Europe
deu,2050,85.42,Germany,Europe
deu,2051,85.54,Germany,Europe
deu,2052,85.65,Germany,Europe
deu,2053,85.76,Germany,Europe
deu,2054,85.88,Germany,Europe
deu,2055,85.99,Germany,Europe
deu,2056,86.1,Germany,Europe
deu,2057,86.21,Germany,Europe
deu,2058,86.32,Germany,Europe
deu,2059,86.43,Germany,Europe
deu,2060,86.54,Germany,Europe
deu,2061,86.65,Germany,Europe
deu,2062,86.76,Germany,Europe
deu,2063,86.87,Germany,Europe
deu,2064,86.98,Germany,Europe
deu,2065,87.1,Germany,Europe
deu,2066,87.21,Germany,Europe
deu,2067,87.32,Germany,Europe
deu,2068,87.43,Germany,Europe
deu,2069,87.54,Germany,Europe
deu,2070,87.65,Germany,Europe
deu,2071,87.76,Germany,Europe
deu,2072,87.87,Germany,Europe
deu,2073,87.98,Germany,Europe
deu,2074,88.09,Germany,Europe
deu,2075,88.2,Germany,Europe
deu,2076,88.31,Germany,Europe
deu,2077,88.42,Germany,Europe
deu,2078,88.53,Germany,Europe
deu,2079,88.64,Germany,Europe
deu,2080,88.76,Germany,Europe
deu,2081,88.87,Germany,Europe
deu,2082,88.98,Germany,Europe
deu,2083,89.09,Germany,Europe
deu,2084,89.2,Germany,Europe
deu,2085,89.31,Germany,Europe
deu,2086,89.41,Germany,Europe
deu,2087,89.52,Germany,Europe
deu,2088,89.63,Germany,Europe
deu,2089,89.74,Germany,Europe
deu,2090,89.85,Germany,Europe
deu,2091,89.96,Germany,Europe
deu,2092,90.07,Germany,Europe
deu,2093,90.18,Germany,Europe
deu,2094,90.29,Germany,Europe
deu,2095,90.4,Germany,Europe
deu,2096,90.51,Germany,Europe
deu,2097,90.63,Germany,Europe
deu,2098,90.74,Germany,Europe
deu,2099,90.86,Germany,Europe
deu,2100,90.97,Germany,Europe
gha,1800,28,Ghana,Africa
gha,1801,28,Ghana,Africa
gha,1802,28,Ghana,Africa
gha,1803,28,Ghana,Africa
gha,1804,28,Ghana,Africa
gha,1805,28,Ghana,Africa
gha,1806,28,Ghana,Africa
gha,1807,28,Ghana,Africa
gha,1808,28,Ghana,Africa
gha,1809,28,Ghana,Africa
gha,1810,28,Ghana,Africa
gha,1811,28,Ghana,Africa
gha,1812,28,Ghana,Africa
gha,1813,28,Ghana,Africa
gha,1814,28,Ghana,Africa
gha,1815,28,Ghana,Africa
gha,1816,28,Ghana,Africa
gha,1817,28,Ghana,Africa
gha,1818,28,Ghana,Africa
gha,1819,28,Ghana,Africa
gha,1820,28,Ghana,Africa
gha,1821,28,Ghana,Africa
gha,1822,28,Ghana,Africa
gha,1823,28,Ghana,Africa
gha,1824,28,Ghana,Africa
gha,1825,28,Ghana,Africa
gha,1826,28,Ghana,Africa
gha,1827,28,Ghana,Africa
gha,1828,28,Ghana,Africa
gha,1829,28,Ghana,Africa
gha,1830,28,Ghana,Africa
gha,1831,28,Ghana,Africa
gha,1832,28,Ghana,Africa
gha,1833,28,Ghana,Africa
gha,1834,28,Ghana,Africa
gha,1835,28,Ghana,Africa
gha,1836,28,Ghana,Africa
gha,1837,28,Ghana,Africa
gha,1838,28,Ghana,Africa
gha,1839,28,Ghana,Africa
gha,1840,28,Ghana,Africa
gha,1841,28,Ghana,Africa
gha,1842,28,Ghana,Africa
gha,1843,28,Ghana,Africa
gha,1844,28,Ghana,Africa
gha,1845,28,Ghana,Africa
gha,1846,28,Ghana,Africa
gha,1847,28,Ghana,Africa
gha,1848,28,Ghana,Africa
gha,1849,28,Ghana,Africa
gha,1850,28,Ghana,Africa
gha,1851,28,Ghana,Africa
gha,1852,28,Ghana,Africa
gha,1853,28,Ghana,Africa
gha,1854,28,Ghana,Africa
gha,1855,28,Ghana,Africa
gha,1856,28,Ghana,Africa
gha,1857,28,Ghana,Africa
gha,1858,28,Ghana,Africa
gha,1859,28,Ghana,Africa
gha,1860,28,Ghana,Africa
gha,1861,28,Ghana,Africa
gha,1862,28,Ghana,Africa
gha,1863,28,Ghana,Africa
gha,1864,28,Ghana,Africa
gha,1865,28,Ghana,Africa
gha,1866,28,Ghana,Africa
gha,1867,28,Ghana,Africa
gha,1868,28,Ghana,Africa
gha,1869,28,Ghana,Africa
gha,1870,28,Ghana,Africa
gha,1871,28.05,Ghana,Africa
gha,1872,28.1,Ghana,Africa
gha,1873,28.15,Ghana,Africa
gha,1874,28.2,Ghana,Africa
gha,1875,28.26,Ghana,Africa
gha,1876,28.31,Ghana,Africa
gha,1877,28.36,Ghana,Africa
gha,1878,28.41,Ghana,Africa
gha,1879,28.46,Ghana,Africa
gha,1880,28.51,Ghana,Africa
gha,1881,28.56,Ghana,Africa
gha,1882,28.61,Ghana,Africa
gha,1883,28.67,Ghana,Africa
gha,1884,28.72,Ghana,Africa
gha,1885,28.77,Ghana,Africa
gha,1886,28.82,Ghana,Africa
gha,1887,28.87,Ghana,Africa
gha,1888,28.92,Ghana,Africa
gha,1889,28.97,Ghana,Africa
gha,1890,29.02,Ghana,Africa
gha,1891,29.07,Ghana,Africa
gha,1892,29.13,Ghana,Africa
gha,1893,29.18,Ghana,Africa
gha,1894,29.23,Ghana,Africa
gha,1895,29.28,Ghana,Africa
gha,1896,29.33,Ghana,Africa
gha,1897,29.38,Ghana,Africa
gha,1898,29.43,Ghana,Africa
gha,1899,29.48,Ghana,Africa
gha,1900,29.54,Ghana,Africa
gha,1901,29.59,Ghana,Africa
gha,1902,29.64,Ghana,Africa
gha,1903,29.69,Ghana,Africa
gha,1904,29.74,Ghana,Africa
gha,1905,29.79,Ghana,Africa
gha,1906,29.84,Ghana,Africa
gha,1907,29.89,Ghana,Africa
gha,1908,29.95,Ghana,Africa
gha,1909,30,Ghana,Africa
gha,1910,30.05,Ghana,Africa
gha,1911,30.1,Ghana,Africa
gha,1912,30.15,Ghana,Africa
gha,1913,30.2,Ghana,Africa
gha,1914,30.25,Ghana,Africa
gha,1915,30.3,Ghana,Africa
gha,1916,30.35,Ghana,Africa
gha,1917,30.41,Ghana,Africa
gha,1918,10.27,Ghana,Africa
gha,1919,30.51,Ghana,Africa
gha,1920,30.56,Ghana,Africa
gha,1921,30.61,Ghana,Africa
gha,1922,30.66,Ghana,Africa
gha,1923,30.71,Ghana,Africa
gha,1924,30.76,Ghana,Africa
gha,1925,30.82,Ghana,Africa
gha,1926,31.45,Ghana,Africa
gha,1927,32.08,Ghana,Africa
gha,1928,32.71,Ghana,Africa
gha,1929,33.35,Ghana,Africa
gha,1930,33.98,Ghana,Africa
gha,1931,34.62,Ghana,Africa
gha,1932,35.26,Ghana,Africa
gha,1933,35.91,Ghana,Africa
gha,1934,36.55,Ghana,Africa
gha,1935,37.2,Ghana,Africa
gha,1936,37.85,Ghana,Africa
gha,1937,38.5,Ghana,Africa
gha,1938,39.15,Ghana,Africa
gha,1939,39.81,Ghana,Africa
gha,1940,40.46,Ghana,Africa
gha,1941,41.12,Ghana,Africa
gha,1942,41.78,Ghana,Africa
gha,1943,42.45,Ghana,Africa
gha,1944,43.11,Ghana,Africa
gha,1945,43.78,Ghana,Africa
gha,1946,44.44,Ghana,Africa
gha,1947,45.11,Ghana,Africa
gha,1948,45.79,Ghana,Africa
gha,1949,46.46,Ghana,Africa
gha,1950,47.14,Ghana,Africa
gha,1951,47.28,Ghana,Africa
gha,1952,47.37,Ghana,Africa
gha,1953,47.72,Ghana,Africa
gha,1954,47.97,Ghana,Africa
gha,1955,48.33,Ghana,Africa
gha,1956,48.98,Ghana,Africa
gha,1957,49.45,Ghana,Africa
gha,1958,50.09,Ghana,Africa
gha,1959,50.6,Ghana,Africa
gha,1960,51.03,Ghana,Africa
gha,1961,51.48,Ghana,Africa
gha,1962,52.03,Ghana,Africa
gha,1963,52.38,Ghana,Africa
gha,1964,52.71,Ghana,Africa
gha,1965,53,Ghana,Africa
gha,1966,53.24,Ghana,Africa
gha,1967,53.5,Ghana,Africa
gha,1968,53.84,Ghana,Africa
gha,1969,54.12,Ghana,Africa
gha,1970,54.46,Ghana,Africa
gha,1971,54.77,Ghana,Africa
gha,1972,55.18,Ghana,Africa
gha,1973,55.55,Ghana,Africa
gha,1974,55.95,Ghana,Africa
gha,1975,56.27,Ghana,Africa
gha,1976,56.55,Ghana,Africa
gha,1977,56.8,Ghana,Africa
gha,1978,57.16,Ghana,Africa
gha,1979,57.4,Ghana,Africa
gha,1980,57.53,Ghana,Africa
gha,1981,57.69,Ghana,Africa
gha,1982,57.7,Ghana,Africa
gha,1983,57.78,Ghana,Africa
gha,1984,57.9,Ghana,Africa
gha,1985,58.17,Ghana,Africa
gha,1986,58.45,Ghana,Africa
gha,1987,58.68,Ghana,Africa
gha,1988,58.94,Ghana,Africa
gha,1989,59.19,Ghana,Africa
gha,1990,59.37,Ghana,Africa
gha,1991,59.57,Ghana,Africa
gha,1992,59.68,Ghana,Africa
gha,1993,59.89,Ghana,Africa
gha,1994,59.65,Ghana,Africa
gha,1995,59.89,Ghana,Africa
gha,1996,59.84,Ghana,Africa
gha,1997,59.53,Ghana,Africa
gha,1998,59.71,Ghana,Africa
gha,1999,59.66,Ghana,Africa
gha,2000,59.61,Ghana,Africa
gha,2001,59.5,Ghana,Africa
gha,2002,59.53,Ghana,Africa
gha,2003,59.64,Ghana,Africa
gha,2004,59.81,Ghana,Africa
gha,2005,60.01,Ghana,Africa
gha,2006,60.25,Ghana,Africa
gha,2007,60.53,Ghana,Africa
gha,2008,60.95,Ghana,Africa
gha,2009,61.34,Ghana,Africa
gha,2010,61.79,Ghana,Africa
gha,2011,62.41,Ghana,Africa
gha,2012,63.01,Ghana,Africa
gha,2013,63.47,Ghana,Africa
gha,2014,63.88,Ghana,Africa
gha,2015,64.22,Ghana,Africa
gha,2016,64.65,Ghana,Africa
gha,2017,65.11,Ghana,Africa
gha,2018,65.77,Ghana,Africa
gha,2019,66.31,Ghana,Africa
gha,2020,66.41,Ghana,Africa
gha,2021,66.86,Ghana,Africa
gha,2022,67.11,Ghana,Africa
gha,2023,67.35,Ghana,Africa
gha,2024,67.6,Ghana,Africa
gha,2025,67.84,Ghana,Africa
gha,2026,68.08,Ghana,Africa
gha,2027,68.31,Ghana,Africa
gha,2028,68.54,Ghana,Africa
gha,2029,68.76,Ghana,Africa
gha,2030,68.98,Ghana,Africa
gha,2031,69.19,Ghana,Africa
gha,2032,69.4,Ghana,Africa
gha,2033,69.6,Ghana,Africa
gha,2034,69.8,Ghana,Africa
gha,2035,69.99,Ghana,Africa
gha,2036,70.19,Ghana,Africa
gha,2037,70.38,Ghana,Africa
gha,2038,70.56,Ghana,Africa
gha,2039,70.75,Ghana,Africa
gha,2040,70.93,Ghana,Africa
gha,2041,71.1,Ghana,Africa
gha,2042,71.28,Ghana,Africa
gha,2043,71.44,Ghana,Africa
gha,2044,71.61,Ghana,Africa
gha,2045,71.77,Ghana,Africa
gha,2046,71.93,Ghana,Africa
gha,2047,72.08,Ghana,Africa
gha,2048,72.24,Ghana,Africa
gha,2049,72.39,Ghana,Africa
gha,2050,72.54,Ghana,Africa
gha,2051,72.69,Ghana,Africa
gha,2052,72.84,Ghana,Africa
gha,2053,72.98,Ghana,Africa
gha,2054,73.13,Ghana,Africa
gha,2055,73.27,Ghana,Africa
gha,2056,73.41,Ghana,Africa
gha,2057,73.55,Ghana,Africa
gha,2058,73.68,Ghana,Africa
gha,2059,73.82,Ghana,Africa
gha,2060,73.96,Ghana,Africa
gha,2061,74.09,Ghana,Africa
gha,2062,74.23,Ghana,Africa
gha,2063,74.36,Ghana,Africa
gha,2064,74.49,Ghana,Africa
gha,2065,74.62,Ghana,Africa
gha,2066,74.75,Ghana,Africa
gha,2067,74.88,Ghana,Africa
gha,2068,75.01,Ghana,Africa
gha,2069,75.14,Ghana,Africa
gha,2070,75.27,Ghana,Africa
gha,2071,75.4,Ghana,Africa
gha,2072,75.53,Ghana,Africa
gha,2073,75.66,Ghana,Africa
gha,2074,75.79,Ghana,Africa
gha,2075,75.92,Ghana,Africa
gha,2076,76.05,Ghana,Africa
gha,2077,76.18,Ghana,Africa
gha,2078,76.31,Ghana,Africa
gha,2079,76.44,Ghana,Africa
gha,2080,76.57,Ghana,Africa
gha,2081,76.7,Ghana,Africa
gha,2082,76.83,Ghana,Africa
gha,2083,76.95,Ghana,Africa
gha,2084,77.08,Ghana,Africa
gha,2085,77.21,Ghana,Africa
gha,2086,77.34,Ghana,Africa
gha,2087,77.47,Ghana,Africa
gha,2088,77.6,Ghana,Africa
gha,2089,77.73,Ghana,Africa
gha,2090,77.86,Ghana,Africa
gha,2091,77.99,Ghana,Africa
gha,2092,78.12,Ghana,Africa
gha,2093,78.26,Ghana,Africa
gha,2094,78.39,Ghana,Africa
gha,2095,78.52,Ghana,Africa
gha,2096,78.65,Ghana,Africa
gha,2097,78.78,Ghana,Africa
gha,2098,78.91,Ghana,Africa
gha,2099,79.04,Ghana,Africa
gha,2100,79.17,Ghana,Africa
grc,1800,36.6,Greece,Europe
grc,1801,36.6,Greece,Europe
grc,1802,36.6,Greece,Europe
grc,1803,36.6,Greece,Europe
grc,1804,36.6,Greece,Europe
grc,1805,36.6,Greece,Europe
grc,1806,36.6,Greece,Europe
grc,1807,36.6,Greece,Europe
grc,1808,36.6,Greece,Europe
grc,1809,36.6,Greece,Europe
grc,1810,36.6,Greece,Europe
grc,1811,36.6,Greece,Europe
grc,1812,36.6,Greece,Europe
grc,1813,36.6,Greece,Europe
grc,1814,36.6,Greece,Europe
grc,1815,36.6,Greece,Europe
grc,1816,36.6,Greece,Europe
grc,1817,36.6,Greece,Europe
grc,1818,36.6,Greece,Europe
grc,1819,36.6,Greece,Europe
grc,1820,36.6,Greece,Europe
grc,1821,36.6,Greece,Europe
grc,1822,36.6,Greece,Europe
grc,1823,36.6,Greece,Europe
grc,1824,36.6,Greece,Europe
grc,1825,36.6,Greece,Europe
grc,1826,36.6,Greece,Europe
grc,1827,36.6,Greece,Europe
grc,1828,36.6,Greece,Europe
grc,1829,36.6,Greece,Europe
grc,1830,36.6,Greece,Europe
grc,1831,36.6,Greece,Europe
grc,1832,36.6,Greece,Europe
grc,1833,36.6,Greece,Europe
grc,1834,36.6,Greece,Europe
grc,1835,36.6,Greece,Europe
grc,1836,36.6,Greece,Europe
grc,1837,36.6,Greece,Europe
grc,1838,36.6,Greece,Europe
grc,1839,36.6,Greece,Europe
grc,1840,36.6,Greece,Europe
grc,1841,36.6,Greece,Europe
grc,1842,36.6,Greece,Europe
grc,1843,36.6,Greece,Europe
grc,1844,36.6,Greece,Europe
grc,1845,36.6,Greece,Europe
grc,1846,36.6,Greece,Europe
grc,1847,36.6,Greece,Europe
grc,1848,36.6,Greece,Europe
grc,1849,36.6,Greece,Europe
grc,1850,36.6,Greece,Europe
grc,1851,36.6,Greece,Europe
grc,1852,36.6,Greece,Europe
grc,1853,36.6,Greece,Europe
grc,1854,36.6,Greece,Europe
grc,1855,36.6,Greece,Europe
grc,1856,36.6,Greece,Europe
grc,1857,36.6,Greece,Europe
grc,1858,36.6,Greece,Europe
grc,1859,36.6,Greece,Europe
grc,1860,36.6,Greece,Europe
grc,1861,36.6,Greece,Europe
grc,1862,36.6,Greece,Europe
grc,1863,36.6,Greece,Europe
grc,1864,36.6,Greece,Europe
grc,1865,36.6,Greece,Europe
grc,1866,36.6,Greece,Europe
grc,1867,36.6,Greece,Europe
grc,1868,36.6,Greece,Europe
grc,1869,36.6,Greece,Europe
grc,1870,36.6,Greece,Europe
grc,1871,36.63,Greece,Europe
grc,1872,36.65,Greece,Europe
grc,1873,36.68,Greece,Europe
grc,1874,36.7,Greece,Europe
grc,1875,36.73,Greece,Europe
grc,1876,36.75,Greece,Europe
grc,1877,36.78,Greece,Europe
grc,1878,36.9,Greece,Europe
grc,1879,37.03,Greece,Europe
grc,1880,37.15,Greece,Europe
grc,1881,37.28,Greece,Europe
grc,1882,37.4,Greece,Europe
grc,1883,37.55,Greece,Europe
grc,1884,37.7,Greece,Europe
grc,1885,37.84,Greece,Europe
grc,1886,37.99,Greece,Europe
grc,1887,38.14,Greece,Europe
grc,1888,38.33,Greece,Europe
grc,1889,38.51,Greece,Europe
grc,1890,38.7,Greece,Europe
grc,1891,38.89,Greece,Europe
grc,1892,39.08,Greece,Europe
grc,1893,39.29,Greece,Europe
grc,1894,39.5,Greece,Europe
grc,1895,39.71,Greece,Europe
grc,1896,39.92,Greece,Europe
grc,1897,40.13,Greece,Europe
grc,1898,40.36,Greece,Europe
grc,1899,40.59,Greece,Europe
grc,1900,40.82,Greece,Europe
grc,1901,41.05,Greece,Europe
grc,1902,41.29,Greece,Europe
grc,1903,41.48,Greece,Europe
grc,1904,41.67,Greece,Europe
grc,1905,41.86,Greece,Europe
grc,1906,42.05,Greece,Europe
grc,1907,42.24,Greece,Europe
grc,1908,42.54,Greece,Europe
grc,1909,42.85,Greece,Europe
grc,1910,43.15,Greece,Europe
grc,1911,43.45,Greece,Europe
grc,1912,43.75,Greece,Europe
grc,1913,44.05,Greece,Europe
grc,1914,44.36,Greece,Europe
grc,1915,44.66,Greece,Europe
grc,1916,44.96,Greece,Europe
grc,1917,45.27,Greece,Europe
grc,1918,24.86,Greece,Europe
grc,1919,45.88,Greece,Europe
grc,1920,46.18,Greece,Europe
grc,1921,46.5,Greece,Europe
grc,1922,46.81,Greece,Europe
grc,1923,47.46,Greece,Europe
grc,1924,48.12,Greece,Europe
grc,1925,48.77,Greece,Europe
grc,1926,49.43,Greece,Europe
grc,1927,50.08,Greece,Europe
grc,1928,48.01,Greece,Europe
grc,1929,51.99,Greece,Europe
grc,1930,52.21,Greece,Europe
grc,1931,52.42,Greece,Europe
grc,1932,52.64,Greece,Europe
grc,1933,53.16,Greece,Europe
grc,1934,53.67,Greece,Europe
grc,1935,54.19,Greece,Europe
grc,1936,54.71,Greece,Europe
grc,1937,55.22,Greece,Europe
grc,1938,55.79,Greece,Europe
grc,1939,56.37,Greece,Europe
grc,1940,56.94,Greece,Europe
grc,1941,42.15,Greece,Europe
grc,1942,30.95,Greece,Europe
grc,1943,40.95,Greece,Europe
grc,1944,47.28,Greece,Europe
grc,1945,60.98,Greece,Europe
grc,1946,59.02,Greece,Europe
grc,1947,56.32,Greece,Europe
grc,1948,50.77,Greece,Europe
grc,1949,58.29,Greece,Europe
grc,1950,69,Greece,Europe
grc,1951,69.17,Greece,Europe
grc,1952,70.45,Greece,Europe
grc,1953,70.51,Greece,Europe
grc,1954,71.02,Greece,Europe
grc,1955,71.5,Greece,Europe
grc,1956,71.7,Greece,Europe
grc,1957,71.36,Greece,Europe
grc,1958,72.2,Greece,Europe
grc,1959,72.23,Greece,Europe
grc,1960,72.43,Greece,Europe
grc,1961,72.37,Greece,Europe
grc,1962,72.18,Greece,Europe
grc,1963,72.4,Greece,Europe
grc,1964,72.55,Greece,Europe
grc,1965,73.01,Greece,Europe
grc,1966,73.16,Greece,Europe
grc,1967,73.05,Greece,Europe
grc,1968,73.15,Greece,Europe
grc,1969,73.55,Greece,Europe
grc,1970,73.82,Greece,Europe
grc,1971,74.13,Greece,Europe
grc,1972,74.11,Greece,Europe
grc,1973,74.43,Greece,Europe
grc,1974,74.6,Greece,Europe
grc,1975,74.63,Greece,Europe
grc,1976,74.66,Greece,Europe
grc,1977,74.86,Greece,Europe
grc,1978,75.14,Greece,Europe
grc,1979,75.24,Greece,Europe
grc,1980,75.3,Greece,Europe
grc,1981,75.44,Greece,Europe
grc,1982,75.6,Greece,Europe
grc,1983,75.6,Greece,Europe
grc,1984,75.78,Greece,Europe
grc,1985,75.86,Greece,Europe
grc,1986,76.23,Greece,Europe
grc,1987,76.37,Greece,Europe
grc,1988,76.8,Greece,Europe
grc,1989,77.06,Greece,Europe
grc,1990,77.23,Greece,Europe
grc,1991,77.32,Greece,Europe
grc,1992,77.39,Greece,Europe
grc,1993,77.58,Greece,Europe
grc,1994,77.68,Greece,Europe
grc,1995,77.75,Greece,Europe
grc,1996,77.89,Greece,Europe
grc,1997,78.09,Greece,Europe
grc,1998,78.16,Greece,Europe
grc,1999,78.23,Greece,Europe
grc,2000,78.44,Greece,Europe
grc,2001,78.68,Greece,Europe
grc,2002,78.89,Greece,Europe
grc,2003,79.08,Greece,Europe
grc,2004,79.23,Greece,Europe
grc,2005,79.43,Greece,Europe
grc,2006,79.7,Greece,Europe
grc,2007,79.64,Greece,Europe
grc,2008,79.97,Greece,Europe
grc,2009,80.15,Greece,Europe
grc,2010,80.4,Greece,Europe
grc,2011,80.49,Greece,Europe
grc,2012,80.56,Greece,Europe
grc,2013,80.87,Greece,Europe
grc,2014,81.05,Greece,Europe
grc,2015,80.92,Greece,Europe
grc,2016,81,Greece,Europe
grc,2017,81.14,Greece,Europe
grc,2018,80.96,Greece,Europe
grc,2019,80.94,Greece,Europe
grc,2020,80.43,Greece,Europe
grc,2021,81.26,Greece,Europe
grc,2022,81.42,Greece,Europe
grc,2023,81.57,Greece,Europe
grc,2024,81.73,Greece,Europe
grc,2025,81.88,Greece,Europe
grc,2026,82.03,Greece,Europe
grc,2027,82.17,Greece,Europe
grc,2028,82.3,Greece,Europe
grc,2029,82.43,Greece,Europe
grc,2030,82.56,Greece,Europe
grc,2031,82.69,Greece,Europe
grc,2032,82.81,Greece,Europe
grc,2033,82.93,Greece,Europe
grc,2034,83.05,Greece,Europe
grc,2035,83.18,Greece,Europe
grc,2036,83.3,Greece,Europe
grc,2037,83.42,Greece,Europe
grc,2038,83.54,Greece,Europe
grc,2039,83.65,Greece,Europe
grc,2040,83.76,Greece,Europe
grc,2041,83.88,Greece,Europe
grc,2042,83.99,Greece,Europe
grc,2043,84.1,Greece,Europe
grc,2044,84.21,Greece,Europe
grc,2045,84.32,Greece,Europe
grc,2046,84.44,Greece,Europe
grc,2047,84.55,Greece,Europe
grc,2048,84.66,Greece,Europe
grc,2049,84.77,Greece,Europe
grc,2050,84.88,Greece,Europe
grc,2051,85,Greece,Europe
grc,2052,85.11,Greece,Europe
grc,2053,85.22,Greece,Europe
grc,2054,85.33,Greece,Europe
grc,2055,85.44,Greece,Europe
grc,2056,85.55,Greece,Europe
grc,2057,85.66,Greece,Europe
grc,2058,85.77,Greece,Europe
grc,2059,85.88,Greece,Europe
grc,2060,85.99,Greece,Europe
grc,2061,86.1,Greece,Europe
grc,2062,86.22,Greece,Europe
grc,2063,86.33,Greece,Europe
grc,2064,86.44,Greece,Europe
grc,2065,86.55,Greece,Europe
grc,2066,86.66,Greece,Europe
grc,2067,86.77,Greece,Europe
grc,2068,86.88,Greece,Europe
grc,2069,86.99,Greece,Europe
grc,2070,87.1,Greece,Europe
grc,2071,87.21,Greece,Europe
grc,2072,87.32,Greece,Europe
grc,2073,87.43,Greece,Europe
grc,2074,87.54,Greece,Europe
grc,2075,87.65,Greece,Europe
grc,2076,87.76,Greece,Europe
grc,2077,87.86,Greece,Europe
grc,2078,87.97,Greece,Europe
grc,2079,88.08,Greece,Europe
grc,2080,88.19,Greece,Europe
grc,2081,88.3,Greece,Europe
grc,2082,88.41,Greece,Europe
grc,2083,88.52,Greece,Europe
grc,2084,88.63,Greece,Europe
grc,2085,88.75,Greece,Europe
grc,2086,88.86,Greece,Europe
grc,2087,88.97,Greece,Europe
grc,2088,89.08,Greece,Europe
grc,2089,89.19,Greece,Europe
grc,2090,89.3,Greece,Europe
grc,2091,89.41,Greece,Europe
grc,2092,89.51,Greece,Europe
grc,2093,89.62,Greece,Europe
grc,2094,89.73,Greece,Europe
grc,2095,89.84,Greece,Europe
grc,2096,89.94,Greece,Europe
grc,2097,90.05,Greece,Europe
grc,2098,90.16,Greece,Europe
grc,2099,90.27,Greece,Europe
grc,2100,90.38,Greece,Europe
grd,1800,31.4,Grenada,North America
grd,1801,31.4,Grenada,North America
grd,1802,31.4,Grenada,North America
grd,1803,31.4,Grenada,North America
grd,1804,31.4,Grenada,North America
grd,1805,31.4,Grenada,North America
grd,1806,31.4,Grenada,North America
grd,1807,31.4,Grenada,North America
grd,1808,31.4,Grenada,North America
grd,1809,31.4,Grenada,North America
grd,1810,31.4,Grenada,North America
grd,1811,31.4,Grenada,North America
grd,1812,31.4,Grenada,North America
grd,1813,31.4,Grenada,North America
grd,1814,31.4,Grenada,North America
grd,1815,31.4,Grenada,North America
grd,1816,31.4,Grenada,North America
grd,1817,31.4,Grenada,North America
grd,1818,31.4,Grenada,North America
grd,1819,31.4,Grenada,North America
grd,1820,31.4,Grenada,North America
grd,1821,31.4,Grenada,North America
grd,1822,31.4,Grenada,North America
grd,1823,31.4,Grenada,North America
grd,1824,31.4,Grenada,North America
grd,1825,31.4,Grenada,North America
grd,1826,31.4,Grenada,North America
grd,1827,31.4,Grenada,North America
grd,1828,31.4,Grenada,North America
grd,1829,31.4,Grenada,North America
grd,1830,31.4,Grenada,North America
grd,1831,31.4,Grenada,North America
grd,1832,31.4,Grenada,North America
grd,1833,31.4,Grenada,North America
grd,1834,31.4,Grenada,North America
grd,1835,31.4,Grenada,North America
grd,1836,31.4,Grenada,North America
grd,1837,31.4,Grenada,North America
grd,1838,31.4,Grenada,North America
grd,1839,32.38,Grenada,North America
grd,1840,33.37,Grenada,North America
grd,1841,34.35,Grenada,North America
grd,1842,35.33,Grenada,North America
grd,1843,36.32,Grenada,North America
grd,1844,37.3,Grenada,North America
grd,1845,37.3,Grenada,North America
grd,1846,37.3,Grenada,North America
grd,1847,37.3,Grenada,North America
grd,1848,37.3,Grenada,North America
grd,1849,37.3,Grenada,North America
grd,1850,37.3,Grenada,North America
grd,1851,37.3,Grenada,North America
grd,1852,37.3,Grenada,North America
grd,1853,37.3,Grenada,North America
grd,1854,37.3,Grenada,North America
grd,1855,37.3,Grenada,North America
grd,1856,37.3,Grenada,North America
grd,1857,37.3,Grenada,North America
grd,1858,37.3,Grenada,North America
grd,1859,37.3,Grenada,North America
grd,1860,37.3,Grenada,North America
grd,1861,37.3,Grenada,North America
grd,1862,37.3,Grenada,North America
grd,1863,37.3,Grenada,North America
grd,1864,37.3,Grenada,North America
grd,1865,37.3,Grenada,North America
grd,1866,37.3,Grenada,North America
grd,1867,37.3,Grenada,North America
grd,1868,37.3,Grenada,North America
grd,1869,37.3,Grenada,North America
grd,1870,37.3,Grenada,North America
grd,1871,37.33,Grenada,North America
grd,1872,37.36,Grenada,North America
grd,1873,37.39,Grenada,North America
grd,1874,37.42,Grenada,North America
grd,1875,37.44,Grenada,North America
grd,1876,37.47,Grenada,North America
grd,1877,37.5,Grenada,North America
grd,1878,37.53,Grenada,North America
grd,1879,37.56,Grenada,North America
grd,1880,37.59,Grenada,North America
grd,1881,37.62,Grenada,North America
grd,1882,37.65,Grenada,North America
grd,1883,37.67,Grenada,North America
grd,1884,37.7,Grenada,North America
grd,1885,37.73,Grenada,North America
grd,1886,37.76,Grenada,North America
grd,1887,37.79,Grenada,North America
grd,1888,37.82,Grenada,North America
grd,1889,37.85,Grenada,North America
grd,1890,37.88,Grenada,North America
grd,1891,37.9,Grenada,North America
grd,1892,37.93,Grenada,North America
grd,1893,37.96,Grenada,North America
grd,1894,37.99,Grenada,North America
grd,1895,38.02,Grenada,North America
grd,1896,38.05,Grenada,North America
grd,1897,38.08,Grenada,North America
grd,1898,38.11,Grenada,North America
grd,1899,38.14,Grenada,North America
grd,1900,38.16,Grenada,North America
grd,1901,38.19,Grenada,North America
grd,1902,38.22,Grenada,North America
grd,1903,38.25,Grenada,North America
grd,1904,38.28,Grenada,North America
grd,1905,38.31,Grenada,North America
grd,1906,38.34,Grenada,North America
grd,1907,38.37,Grenada,North America
grd,1908,38.39,Grenada,North America
grd,1909,38.42,Grenada,North America
grd,1910,38.45,Grenada,North America
grd,1911,38.48,Grenada,North America
grd,1912,38.51,Grenada,North America
grd,1913,38.54,Grenada,North America
grd,1914,38.57,Grenada,North America
grd,1915,38.6,Grenada,North America
grd,1916,38.62,Grenada,North America
grd,1917,38.65,Grenada,North America
grd,1918,25.09,Grenada,North America
grd,1919,38.71,Grenada,North America
grd,1920,38.74,Grenada,North America
grd,1921,38.77,Grenada,North America
grd,1922,39.52,Grenada,North America
grd,1923,40.26,Grenada,North America
grd,1924,41.01,Grenada,North America
grd,1925,41.76,Grenada,North America
grd,1926,42.51,Grenada,North America
grd,1927,43.26,Grenada,North America
grd,1928,44.02,Grenada,North America
grd,1929,44.77,Grenada,North America
grd,1930,45.53,Grenada,North America
grd,1931,46.28,Grenada,North America
grd,1932,46.93,Grenada,North America
grd,1933,47.58,Grenada,North America
grd,1934,48.23,Grenada,North America
grd,1935,48.88,Grenada,North America
grd,1936,49.53,Grenada,North America
grd,1937,50.19,Grenada,North America
grd,1938,50.84,Grenada,North America
grd,1939,51.5,Grenada,North America
grd,1940,52.15,Grenada,North America
grd,1941,52.81,Grenada,North America
grd,1942,53.47,Grenada,North America
grd,1943,54.13,Grenada,North America
grd,1944,54.79,Grenada,North America
grd,1945,55.45,Grenada,North America
grd,1946,56.11,Grenada,North America
grd,1947,56.74,Grenada,North America
grd,1948,57.37,Grenada,North America
grd,1949,58.01,Grenada,North America
grd,1950,58.64,Grenada,North America
grd,1951,59.01,Grenada,North America
grd,1952,59.49,Grenada,North America
grd,1953,60.2,Grenada,North America
grd,1954,60.8,Grenada,North America
grd,1955,61.2,Grenada,North America
grd,1956,61.78,Grenada,North America
grd,1957,62.66,Grenada,North America
grd,1958,63.22,Grenada,North America
grd,1959,63.68,Grenada,North America
grd,1960,64.11,Grenada,North America
grd,1961,64.62,Grenada,North America
grd,1962,64.68,Grenada,North America
grd,1963,64.66,Grenada,North America
grd,1964,65.23,Grenada,North America
grd,1965,65.58,Grenada,North America
grd,1966,65.53,Grenada,North America
grd,1967,65.83,Grenada,North America
grd,1968,66.29,Grenada,North America
grd,1969,66.72,Grenada,North America
grd,1970,66.98,Grenada,North America
grd,1971,67.41,Grenada,North America
grd,1972,67.94,Grenada,North America
grd,1973,68.38,Grenada,North America
grd,1974,68.75,Grenada,North America
grd,1975,69.02,Grenada,North America
grd,1976,69.15,Grenada,North America
grd,1977,69.09,Grenada,North America
grd,1978,69.25,Grenada,North America
grd,1979,69.46,Grenada,North America
grd,1980,69.31,Grenada,North America
grd,1981,69.52,Grenada,North America
grd,1982,69.52,Grenada,North America
grd,1983,66.18,Grenada,North America
grd,1984,69.45,Grenada,North America
grd,1985,69.55,Grenada,North America
grd,1986,69.65,Grenada,North America
grd,1987,69.5,Grenada,North America
grd,1988,69.46,Grenada,North America
grd,1989,69.42,Grenada,North America
grd,1990,69.21,Grenada,North America
grd,1991,69.66,Grenada,North America
grd,1992,69.74,Grenada,North America
grd,1993,69.89,Grenada,North America
grd,1994,70.25,Grenada,North America
grd,1995,70.7,Grenada,North America
grd,1996,71.18,Grenada,North America
grd,1997,71.62,Grenada,North America
grd,1998,71.94,Grenada,North America
grd,1999,71.89,Grenada,North America
grd,2000,71.97,Grenada,North America
grd,2001,72.07,Grenada,North America
grd,2002,72.08,Grenada,North America
grd,2003,72.16,Grenada,North America
grd,2004,71.75,Grenada,North America
grd,2005,72.38,Grenada,North America
grd,2006,72.55,Grenada,North America
grd,2007,72.6,Grenada,North America
grd,2008,72.52,Grenada,North America
grd,2009,72.5,Grenada,North America
grd,2010,72.47,Grenada,North America
grd,2011,72.58,Grenada,North America
grd,2012,73.16,Grenada,North America
grd,2013,73.12,Grenada,North America
grd,2014,73.05,Grenada,North America
grd,2015,73.09,Grenada,North America
grd,2016,72.87,Grenada,North America
grd,2017,73.03,Grenada,North America
grd,2018,73.17,Grenada,North America
grd,2019,73.32,Grenada,North America
grd,2020,73.33,Grenada,North America
grd,2021,73.39,Grenada,North America
grd,2022,73.46,Grenada,North America
grd,2023,73.54,Grenada,North America
grd,2024,73.64,Grenada,North America
grd,2025,73.75,Grenada,North America
grd,2026,73.89,Grenada,North America
grd,2027,74.05,Grenada,North America
grd,2028,74.23,Grenada,North America
grd,2029,74.43,Grenada,North America
grd,2030,74.63,Grenada,North America
grd,2031,74.83,Grenada,North America
grd,2032,75.02,Grenada,North America
grd,2033,75.19,Grenada,North America
grd,2034,75.34,Grenada,North America
grd,2035,75.48,Grenada,North America
grd,2036,75.61,Grenada,North America
grd,2037,75.72,Grenada,North America
grd,2038,75.84,Grenada,North America
grd,2039,75.95,Grenada,North America
grd,2040,76.07,Grenada,North America
grd,2041,76.2,Grenada,North America
grd,2042,76.32,Grenada,North America
grd,2043,76.45,Grenada,North America
grd,2044,76.58,Grenada,North America
grd,2045,76.7,Grenada,North America
grd,2046,76.83,Grenada,North America
grd,2047,76.96,Grenada,North America
grd,2048,77.09,Grenada,North America
grd,2049,77.21,Grenada,North America
grd,2050,77.34,Grenada,North America
grd,2051,77.47,Grenada,North America
grd,2052,77.6,Grenada,North America
grd,2053,77.73,Grenada,North America
grd,2054,77.86,Grenada,North America
grd,2055,77.99,Grenada,North America
grd,2056,78.12,Grenada,North America
grd,2057,78.24,Grenada,North America
grd,2058,78.37,Grenada,North America
grd,2059,78.5,Grenada,North America
grd,2060,78.63,Grenada,North America
grd,2061,78.76,Grenada,North America
grd,2062,78.89,Grenada,North America
grd,2063,79.02,Grenada,North America
grd,2064,79.15,Grenada,North America
grd,2065,79.28,Grenada,North America
grd,2066,79.41,Grenada,North America
grd,2067,79.54,Grenada,North America
grd,2068,79.67,Grenada,North America
grd,2069,79.8,Grenada,North America
grd,2070,79.93,Grenada,North America
grd,2071,80.06,Grenada,North America
grd,2072,80.19,Grenada,North America
grd,2073,80.32,Grenada,North America
grd,2074,80.45,Grenada,North America
grd,2075,80.59,Grenada,North America
grd,2076,80.72,Grenada,North America
grd,2077,80.85,Grenada,North America
grd,2078,80.99,Grenada,North America
grd,2079,81.12,Grenada,North America
grd,2080,81.25,Grenada,North America
grd,2081,81.39,Grenada,North America
grd,2082,81.52,Grenada,North America
grd,2083,81.65,Grenada,North America
grd,2084,81.79,Grenada,North America
grd,2085,81.92,Grenada,North America
grd,2086,82.06,Grenada,North America
grd,2087,82.19,Grenada,North America
grd,2088,82.33,Grenada,North America
grd,2089,82.46,Grenada,North America
grd,2090,82.59,Grenada,North America
grd,2091,82.73,Grenada,North America
grd,2092,82.86,Grenada,North America
grd,2093,82.99,Grenada,North America
grd,2094,83.12,Grenada,North America
grd,2095,83.25,Grenada,North America
grd,2096,83.39,Grenada,North America
grd,2097,83.52,Grenada,North America
grd,2098,83.65,Grenada,North America
grd,2099,83.78,Grenada,North America
grd,2100,83.92,Grenada,North America
gtm,1800,25.8,Guatemala,North America
gtm,1801,25.8,Guatemala,North America
gtm,1802,25.8,Guatemala,North America
gtm,1803,25.8,Guatemala,North America
gtm,1804,25.8,Guatemala,North America
gtm,1805,25.8,Guatemala,North America
gtm,1806,25.8,Guatemala,North America
gtm,1807,25.8,Guatemala,North America
gtm,1808,25.8,Guatemala,North America
gtm,1809,25.8,Guatemala,North America
gtm,1810,25.8,Guatemala,North America
gtm,1811,25.8,Guatemala,North America
gtm,1812,25.8,Guatemala,North America
gtm,1813,25.8,Guatemala,North America
gtm,1814,25.8,Guatemala,North America
gtm,1815,25.8,Guatemala,North America
gtm,1816,25.8,Guatemala,North America
gtm,1817,25.8,Guatemala,North America
gtm,1818,25.8,Guatemala,North America
gtm,1819,25.8,Guatemala,North America
gtm,1820,25.8,Guatemala,North America
gtm,1821,25.8,Guatemala,North America
gtm,1822,25.8,Guatemala,North America
gtm,1823,25.8,Guatemala,North America
gtm,1824,25.8,Guatemala,North America
gtm,1825,25.8,Guatemala,North America
gtm,1826,25.8,Guatemala,North America
gtm,1827,25.8,Guatemala,North America
gtm,1828,25.8,Guatemala,North America
gtm,1829,25.8,Guatemala,North America
gtm,1830,25.8,Guatemala,North America
gtm,1831,25.8,Guatemala,North America
gtm,1832,25.81,Guatemala,North America
gtm,1833,25.81,Guatemala,North America
gtm,1834,25.81,Guatemala,North America
gtm,1835,25.81,Guatemala,North America
gtm,1836,25.81,Guatemala,North America
gtm,1837,25.81,Guatemala,North America
gtm,1838,25.81,Guatemala,North America
gtm,1839,25.81,Guatemala,North America
gtm,1840,25.81,Guatemala,North America
gtm,1841,25.81,Guatemala,North America
gtm,1842,25.81,Guatemala,North America
gtm,1843,25.81,Guatemala,North America
gtm,1844,25.81,Guatemala,North America
gtm,1845,25.81,Guatemala,North America
gtm,1846,25.81,Guatemala,North America
gtm,1847,25.81,Guatemala,North America
gtm,1848,25.81,Guatemala,North America
gtm,1849,25.81,Guatemala,North America
gtm,1850,25.81,Guatemala,North America
gtm,1851,25.81,Guatemala,North America
gtm,1852,25.81,Guatemala,North America
gtm,1853,25.81,Guatemala,North America
gtm,1854,25.81,Guatemala,North America
gtm,1855,25.81,Guatemala,North America
gtm,1856,25.81,Guatemala,North America
gtm,1857,25.81,Guatemala,North America
gtm,1858,25.81,Guatemala,North America
gtm,1859,25.81,Guatemala,North America
gtm,1860,25.81,Guatemala,North America
gtm,1861,25.81,Guatemala,North America
gtm,1862,25.81,Guatemala,North America
gtm,1863,25.81,Guatemala,North America
gtm,1864,25.81,Guatemala,North America
gtm,1865,25.81,Guatemala,North America
gtm,1866,25.81,Guatemala,North America
gtm,1867,25.81,Guatemala,North America
gtm,1868,25.81,Guatemala,North America
gtm,1869,25.81,Guatemala,North America
gtm,1870,25.81,Guatemala,North America
gtm,1871,25.82,Guatemala,North America
gtm,1872,25.83,Guatemala,North America
gtm,1873,25.84,Guatemala,North America
gtm,1874,25.85,Guatemala,North America
gtm,1875,25.86,Guatemala,North America
gtm,1876,25.87,Guatemala,North America
gtm,1877,25.88,Guatemala,North America
gtm,1878,25.89,Guatemala,North America
gtm,1879,25.9,Guatemala,North America
gtm,1880,25.91,Guatemala,North America
gtm,1881,25.92,Guatemala,North America
gtm,1882,25.93,Guatemala,North America
gtm,1883,25.95,Guatemala,North America
gtm,1884,25.96,Guatemala,North America
gtm,1885,25.97,Guatemala,North America
gtm,1886,25.98,Guatemala,North America
gtm,1887,25.99,Guatemala,North America
gtm,1888,26,Guatemala,North America
gtm,1889,26.01,Guatemala,North America
gtm,1890,26.02,Guatemala,North America
gtm,1891,26.03,Guatemala,North America
gtm,1892,26.04,Guatemala,North America
gtm,1893,26.05,Guatemala,North America
gtm,1894,26.06,Guatemala,North America
gtm,1895,26.07,Guatemala,North America
gtm,1896,26.08,Guatemala,North America
gtm,1897,26.09,Guatemala,North America
gtm,1898,26.1,Guatemala,North America
gtm,1899,26.11,Guatemala,North America
gtm,1900,26.12,Guatemala,North America
gtm,1901,26.13,Guatemala,North America
gtm,1902,26.14,Guatemala,North America
gtm,1903,26.15,Guatemala,North America
gtm,1904,26.16,Guatemala,North America
gtm,1905,26.17,Guatemala,North America
gtm,1906,26.18,Guatemala,North America
gtm,1907,26.19,Guatemala,North America
gtm,1908,26.2,Guatemala,North America
gtm,1909,26.21,Guatemala,North America
gtm,1910,26.22,Guatemala,North America
gtm,1911,26.23,Guatemala,North America
gtm,1912,26.24,Guatemala,North America
gtm,1913,26.25,Guatemala,North America
gtm,1914,26.27,Guatemala,North America
gtm,1915,26.28,Guatemala,North America
gtm,1916,26.29,Guatemala,North America
gtm,1917,26.3,Guatemala,North America
gtm,1918,9.87,Guatemala,North America
gtm,1919,26.32,Guatemala,North America
gtm,1920,26.33,Guatemala,North America
gtm,1921,26.34,Guatemala,North America
gtm,1922,26.35,Guatemala,North America
gtm,1923,26.35,Guatemala,North America
gtm,1924,26.36,Guatemala,North America
gtm,1925,26.37,Guatemala,North America
gtm,1926,26.38,Guatemala,North America
gtm,1927,26.39,Guatemala,North America
gtm,1928,26.4,Guatemala,North America
gtm,1929,26.41,Guatemala,North America
gtm,1930,26.41,Guatemala,North America
gtm,1931,26.42,Guatemala,North America
gtm,1932,26.43,Guatemala,North America
gtm,1933,26.44,Guatemala,North America
gtm,1934,26.45,Guatemala,North America
gtm,1935,27.24,Guatemala,North America
gtm,1936,28.03,Guatemala,North America
gtm,1937,28.82,Guatemala,North America
gtm,1938,29.61,Guatemala,North America
gtm,1939,30.4,Guatemala,North America
gtm,1940,31.19,Guatemala,North America
gtm,1941,32.33,Guatemala,North America
gtm,1942,33.48,Guatemala,North America
gtm,1943,34.62,Guatemala,North America
gtm,1944,35.77,Guatemala,North America
gtm,1945,36.92,Guatemala,North America
gtm,1946,38.07,Guatemala,North America
gtm,1947,39.22,Guatemala,North America
gtm,1948,40.37,Guatemala,North America
gtm,1949,41.52,Guatemala,North America
gtm,1950,42.67,Guatemala,North America
gtm,1951,44.13,Guatemala,North America
gtm,1952,42.63,Guatemala,North America
gtm,1953,42.77,Guatemala,North America
gtm,1954,44.54,Guatemala,North America
gtm,1955,44.31,Guatemala,North America
gtm,1956,44.19,Guatemala,North America
gtm,1957,44.78,Guatemala,North America
gtm,1958,45.35,Guatemala,North America
gtm,1959,47.38,Guatemala,North America
gtm,1960,47.9,Guatemala,North America
gtm,1961,49.29,Guatemala,North America
gtm,1962,48.77,Guatemala,North America
gtm,1963,49.06,Guatemala,North America
gtm,1964,49.47,Guatemala,North America
gtm,1965,49.53,Guatemala,North America
gtm,1966,49.27,Guatemala,North America
gtm,1967,50.31,Guatemala,North America
gtm,1968,49.51,Guatemala,North America
gtm,1969,48.62,Guatemala,North America
gtm,1970,49.87,Guatemala,North America
gtm,1971,51.86,Guatemala,North America
gtm,1972,53.52,Guatemala,North America
gtm,1973,53.92,Guatemala,North America
gtm,1974,54.26,Guatemala,North America
gtm,1975,54.38,Guatemala,North America
gtm,1976,46.34,Guatemala,North America
gtm,1977,57.22,Guatemala,North America
gtm,1978,58.22,Guatemala,North America
gtm,1979,57.99,Guatemala,North America
gtm,1980,57.95,Guatemala,North America
gtm,1981,56.8,Guatemala,North America
gtm,1982,55.46,Guatemala,North America
gtm,1983,58.4,Guatemala,North America
gtm,1984,59.83,Guatemala,North America
gtm,1985,59.42,Guatemala,North America
gtm,1986,59.88,Guatemala,North America
gtm,1987,60.35,Guatemala,North America
gtm,1988,60.99,Guatemala,North America
gtm,1989,61.58,Guatemala,North America
gtm,1990,61.4,Guatemala,North America
gtm,1991,61.25,Guatemala,North America
gtm,1992,61.42,Guatemala,North America
gtm,1993,61.91,Guatemala,North America
gtm,1994,62.48,Guatemala,North America
gtm,1995,64.08,Guatemala,North America
gtm,1996,65.18,Guatemala,North America
gtm,1997,65.25,Guatemala,North America
gtm,1998,65.43,Guatemala,North America
gtm,1999,66.37,Guatemala,North America
gtm,2000,66.74,Guatemala,North America
gtm,2001,67.19,Guatemala,North America
gtm,2002,67.76,Guatemala,North America
gtm,2003,68.11,Guatemala,North America
gtm,2004,68.4,Guatemala,North America
gtm,2005,68.4,Guatemala,North America
gtm,2006,68.91,Guatemala,North America
gtm,2007,69.51,Guatemala,North America
gtm,2008,69.86,Guatemala,North America
gtm,2009,69.87,Guatemala,North America
gtm,2010,70.27,Guatemala,North America
gtm,2011,70.66,Guatemala,North America
gtm,2012,71.07,Guatemala,North America
gtm,2013,71.33,Guatemala,North America
gtm,2014,71.58,Guatemala,North America
gtm,2015,71.77,Guatemala,North America
gtm,2016,71.95,Guatemala,North America
gtm,2017,72.32,Guatemala,North America
gtm,2018,72.41,Guatemala,North America
gtm,2019,72.58,Guatemala,North America
gtm,2020,71.46,Guatemala,North America
gtm,2021,73.01,Guatemala,North America
gtm,2022,73.22,Guatemala,North America
gtm,2023,73.42,Guatemala,North America
gtm,2024,73.62,Guatemala,North America
gtm,2025,73.82,Guatemala,North America
gtm,2026,74.02,Guatemala,North America
gtm,2027,74.22,Guatemala,North America
gtm,2028,74.41,Guatemala,North America
gtm,2029,74.61,Guatemala,North America
gtm,2030,74.8,Guatemala,North America
gtm,2031,74.99,Guatemala,North America
gtm,2032,75.18,Guatemala,North America
gtm,2033,75.36,Guatemala,North America
gtm,2034,75.55,Guatemala,North America
gtm,2035,75.73,Guatemala,North America
gtm,2036,75.92,Guatemala,North America
gtm,2037,76.1,Guatemala,North America
gtm,2038,76.28,Guatemala,North America
gtm,2039,76.46,Guatemala,North America
gtm,2040,76.64,Guatemala,North America
gtm,2041,76.82,Guatemala,North America
gtm,2042,77,Guatemala,North America
gtm,2043,77.17,Guatemala,North America
gtm,2044,77.34,Guatemala,North America
gtm,2045,77.51,Guatemala,North America
gtm,2046,77.68,Guatemala,North America
gtm,2047,77.85,Guatemala,North America
gtm,2048,78.02,Guatemala,North America
gtm,2049,78.19,Guatemala,North America
gtm,2050,78.36,Guatemala,North America
gtm,2051,78.53,Guatemala,North America
gtm,2052,78.69,Guatemala,North America
gtm,2053,78.86,Guatemala,North America
gtm,2054,79.02,Guatemala,North America
gtm,2055,79.19,Guatemala,North America
gtm,2056,79.35,Guatemala,North America
gtm,2057,79.52,Guatemala,North America
gtm,2058,79.68,Guatemala,North America
gtm,2059,79.84,Guatemala,North America
gtm,2060,80,Guatemala,North America
gtm,2061,80.16,Guatemala,North America
gtm,2062,80.32,Guatemala,North America
gtm,2063,80.47,Guatemala,North America
gtm,2064,80.63,Guatemala,North America
gtm,2065,80.78,Guatemala,North America
gtm,2066,80.93,Guatemala,North America
gtm,2067,81.07,Guatemala,North America
gtm,2068,81.22,Guatemala,North America
gtm,2069,81.36,Guatemala,North America
gtm,2070,81.5,Guatemala,North America
gtm,2071,81.64,Guatemala,North America
gtm,2072,81.77,Guatemala,North America
gtm,2073,81.91,Guatemala,North America
gtm,2074,82.04,Guatemala,North America
gtm,2075,82.17,Guatemala,North America
gtm,2076,82.3,Guatemala,North America
gtm,2077,82.42,Guatemala,North America
gtm,2078,82.55,Guatemala,North America
gtm,2079,82.67,Guatemala,North America
gtm,2080,82.79,Guatemala,North America
gtm,2081,82.91,Guatemala,North America
gtm,2082,83.03,Guatemala,North America
gtm,2083,83.14,Guatemala,North America
gtm,2084,83.26,Guatemala,North America
gtm,2085,83.37,Guatemala,North America
gtm,2086,83.48,Guatemala,North America
gtm,2087,83.6,Guatemala,North America
gtm,2088,83.7,Guatemala,North America
gtm,2089,83.81,Guatemala,North America
gtm,2090,83.92,Guatemala,North America
gtm,2091,84.03,Guatemala,North America
gtm,2092,84.13,Guatemala,North America
gtm,2093,84.24,Guatemala,North America
gtm,2094,84.34,Guatemala,North America
gtm,2095,84.44,Guatemala,North America
gtm,2096,84.55,Guatemala,North America
gtm,2097,84.65,Guatemala,North America
gtm,2098,84.75,Guatemala,North America
gtm,2099,84.86,Guatemala,North America
gtm,2100,84.96,Guatemala,North America
gin,1800,29.5,Guinea,Africa
gin,1801,29.51,Guinea,Africa
gin,1802,29.52,Guinea,Africa
gin,1803,29.53,Guinea,Africa
gin,1804,29.54,Guinea,Africa
gin,1805,29.55,Guinea,Africa
gin,1806,29.56,Guinea,Africa
gin,1807,29.57,Guinea,Africa
gin,1808,29.58,Guinea,Africa
gin,1809,29.59,Guinea,Africa
gin,1810,29.6,Guinea,Africa
gin,1811,29.61,Guinea,Africa
gin,1812,29.62,Guinea,Africa
gin,1813,29.63,Guinea,Africa
gin,1814,29.64,Guinea,Africa
gin,1815,29.66,Guinea,Africa
gin,1816,29.67,Guinea,Africa
gin,1817,29.68,Guinea,Africa
gin,1818,29.69,Guinea,Africa
gin,1819,29.7,Guinea,Africa
gin,1820,29.71,Guinea,Africa
gin,1821,29.72,Guinea,Africa
gin,1822,29.73,Guinea,Africa
gin,1823,29.74,Guinea,Africa
gin,1824,29.75,Guinea,Africa
gin,1825,29.76,Guinea,Africa
gin,1826,29.77,Guinea,Africa
gin,1827,29.78,Guinea,Africa
gin,1828,29.79,Guinea,Africa
gin,1829,29.8,Guinea,Africa
gin,1830,29.81,Guinea,Africa
gin,1831,29.82,Guinea,Africa
gin,1832,29.83,Guinea,Africa
gin,1833,29.84,Guinea,Africa
gin,1834,29.85,Guinea,Africa
gin,1835,29.86,Guinea,Africa
gin,1836,29.87,Guinea,Africa
gin,1837,29.88,Guinea,Africa
gin,1838,29.89,Guinea,Africa
gin,1839,29.9,Guinea,Africa
gin,1840,29.91,Guinea,Africa
gin,1841,29.92,Guinea,Africa
gin,1842,29.93,Guinea,Africa
gin,1843,29.94,Guinea,Africa
gin,1844,29.96,Guinea,Africa
gin,1845,29.97,Guinea,Africa
gin,1846,29.98,Guinea,Africa
gin,1847,29.99,Guinea,Africa
gin,1848,30,Guinea,Africa
gin,1849,30.01,Guinea,Africa
gin,1850,30.02,Guinea,Africa
gin,1851,30.03,Guinea,Africa
gin,1852,30.04,Guinea,Africa
gin,1853,30.05,Guinea,Africa
gin,1854,30.06,Guinea,Africa
gin,1855,30.07,Guinea,Africa
gin,1856,30.08,Guinea,Africa
gin,1857,30.09,Guinea,Africa
gin,1858,30.1,Guinea,Africa
gin,1859,30.11,Guinea,Africa
gin,1860,30.12,Guinea,Africa
gin,1861,30.13,Guinea,Africa
gin,1862,30.14,Guinea,Africa
gin,1863,30.15,Guinea,Africa
gin,1864,30.16,Guinea,Africa
gin,1865,30.17,Guinea,Africa
gin,1866,30.18,Guinea,Africa
gin,1867,30.19,Guinea,Africa
gin,1868,30.2,Guinea,Africa
gin,1869,30.21,Guinea,Africa
gin,1870,30.22,Guinea,Africa
gin,1871,30.3,Guinea,Africa
gin,1872,30.38,Guinea,Africa
gin,1873,30.46,Guinea,Africa
gin,1874,30.54,Guinea,Africa
gin,1875,30.61,Guinea,Africa
gin,1876,30.69,Guinea,Africa
gin,1877,30.77,Guinea,Africa
gin,1878,30.85,Guinea,Africa
gin,1879,30.93,Guinea,Africa
gin,1880,31.01,Guinea,Africa
gin,1881,31.09,Guinea,Africa
gin,1882,31.16,Guinea,Africa
gin,1883,31.24,Guinea,Africa
gin,1884,31.32,Guinea,Africa
gin,1885,31.4,Guinea,Africa
gin,1886,31.48,Guinea,Africa
gin,1887,31.56,Guinea,Africa
gin,1888,31.64,Guinea,Africa
gin,1889,31.72,Guinea,Africa
gin,1890,31.79,Guinea,Africa
gin,1891,31.87,Guinea,Africa
gin,1892,31.95,Guinea,Africa
gin,1893,32.03,Guinea,Africa
gin,1894,32.11,Guinea,Africa
gin,1895,32.19,Guinea,Africa
gin,1896,32.27,Guinea,Africa
gin,1897,32.35,Guinea,Africa
gin,1898,32.43,Guinea,Africa
gin,1899,32.51,Guinea,Africa
gin,1900,32.59,Guinea,Africa
gin,1901,32.67,Guinea,Africa
gin,1902,32.75,Guinea,Africa
gin,1903,32.82,Guinea,Africa
gin,1904,32.9,Guinea,Africa
gin,1905,32.98,Guinea,Africa
gin,1906,33.06,Guinea,Africa
gin,1907,33.14,Guinea,Africa
gin,1908,33.22,Guinea,Africa
gin,1909,33.3,Guinea,Africa
gin,1910,33.38,Guinea,Africa
gin,1911,33.46,Guinea,Africa
gin,1912,33.54,Guinea,Africa
gin,1913,33.62,Guinea,Africa
gin,1914,33.7,Guinea,Africa
gin,1915,33.78,Guinea,Africa
gin,1916,33.86,Guinea,Africa
gin,1917,33.94,Guinea,Africa
gin,1918,13.15,Guinea,Africa
gin,1919,34.1,Guinea,Africa
gin,1920,34.18,Guinea,Africa
gin,1921,34.26,Guinea,Africa
gin,1922,34.35,Guinea,Africa
gin,1923,34.43,Guinea,Africa
gin,1924,34.51,Guinea,Africa
gin,1925,34.59,Guinea,Africa
gin,1926,34.67,Guinea,Africa
gin,1927,34.75,Guinea,Africa
gin,1928,34.83,Guinea,Africa
gin,1929,34.91,Guinea,Africa
gin,1930,34.99,Guinea,Africa
gin,1931,35.07,Guinea,Africa
gin,1932,35.15,Guinea,Africa
gin,1933,35.23,Guinea,Africa
gin,1934,35.31,Guinea,Africa
gin,1935,35.4,Guinea,Africa
gin,1936,35.48,Guinea,Africa
gin,1937,35.56,Guinea,Africa
gin,1938,35.64,Guinea,Africa
gin,1939,35.72,Guinea,Africa
gin,1940,35.8,Guinea,Africa
gin,1941,35.88,Guinea,Africa
gin,1942,35.96,Guinea,Africa
gin,1943,36.05,Guinea,Africa
gin,1944,36.13,Guinea,Africa
gin,1945,36.21,Guinea,Africa
gin,1946,36.64,Guinea,Africa
gin,1947,37.07,Guinea,Africa
gin,1948,37.5,Guinea,Africa
gin,1949,37.93,Guinea,Africa
gin,1950,38.37,Guinea,Africa
gin,1951,38.55,Guinea,Africa
gin,1952,38.8,Guinea,Africa
gin,1953,39.11,Guinea,Africa
gin,1954,39.42,Guinea,Africa
gin,1955,39.69,Guinea,Africa
gin,1956,39.99,Guinea,Africa
gin,1957,40.24,Guinea,Africa
gin,1958,40.49,Guinea,Africa
gin,1959,40.81,Guinea,Africa
gin,1960,41.15,Guinea,Africa
gin,1961,41.48,Guinea,Africa
gin,1962,41.8,Guinea,Africa
gin,1963,42.14,Guinea,Africa
gin,1964,42.43,Guinea,Africa
gin,1965,42.75,Guinea,Africa
gin,1966,43.02,Guinea,Africa
gin,1967,43.28,Guinea,Africa
gin,1968,43.5,Guinea,Africa
gin,1969,43.72,Guinea,Africa
gin,1970,43.85,Guinea,Africa
gin,1971,44.08,Guinea,Africa
gin,1972,44.35,Guinea,Africa
gin,1973,44.6,Guinea,Africa
gin,1974,44.85,Guinea,Africa
gin,1975,45.13,Guinea,Africa
gin,1976,45.53,Guinea,Africa
gin,1977,45.9,Guinea,Africa
gin,1978,46.4,Guinea,Africa
gin,1979,46.88,Guinea,Africa
gin,1980,47.27,Guinea,Africa
gin,1981,47.66,Guinea,Africa
gin,1982,48.08,Guinea,Africa
gin,1983,48.38,Guinea,Africa
gin,1984,49.02,Guinea,Africa
gin,1985,49.57,Guinea,Africa
gin,1986,50.14,Guinea,Africa
gin,1987,50.55,Guinea,Africa
gin,1988,50.95,Guinea,Africa
gin,1989,51.39,Guinea,Africa
gin,1990,51.92,Guinea,Africa
gin,1991,52.39,Guinea,Africa
gin,1992,52.62,Guinea,Africa
gin,1993,53.07,Guinea,Africa
gin,1994,53.29,Guinea,Africa
gin,1995,53.55,Guinea,Africa
gin,1996,53.98,Guinea,Africa
gin,1997,54.24,Guinea,Africa
gin,1998,54.34,Guinea,Africa
gin,1999,54.44,Guinea,Africa
gin,2000,54.34,Guinea,Africa
gin,2001,54.71,Guinea,Africa
gin,2002,55.09,Guinea,Africa
gin,2003,55.44,Guinea,Africa
gin,2004,55.7,Guinea,Africa
gin,2005,56,Guinea,Africa
gin,2006,56.25,Guinea,Africa
gin,2007,56.5,Guinea,Africa
gin,2008,56.87,Guinea,Africa
gin,2009,57.14,Guinea,Africa
gin,2010,57.56,Guinea,Africa
gin,2011,57.91,Guinea,Africa
gin,2012,58.19,Guinea,Africa
gin,2013,58.4,Guinea,Africa
gin,2014,57.86,Guinea,Africa
gin,2015,58.49,Guinea,Africa
gin,2016,59.26,Guinea,Africa
gin,2017,59.91,Guinea,Africa
gin,2018,60.57,Guinea,Africa
gin,2019,61.24,Guinea,Africa
gin,2020,61.28,Guinea,Africa
gin,2021,61.91,Guinea,Africa
gin,2022,62.19,Guinea,Africa
gin,2023,62.47,Guinea,Africa
gin,2024,62.74,Guinea,Africa
gin,2025,63.02,Guinea,Africa
gin,2026,63.3,Guinea,Africa
gin,2027,63.57,Guinea,Africa
gin,2028,63.85,Guinea,Africa
gin,2029,64.11,Guinea,Africa
gin,2030,64.36,Guinea,Africa
gin,2031,64.61,Guinea,Africa
gin,2032,64.86,Guinea,Africa
gin,2033,65.09,Guinea,Africa
gin,2034,65.33,Guinea,Africa
gin,2035,65.55,Guinea,Africa
gin,2036,65.77,Guinea,Africa
gin,2037,65.98,Guinea,Africa
gin,2038,66.19,Guinea,Africa
gin,2039,66.39,Guinea,Africa
gin,2040,66.58,Guinea,Africa
gin,2041,66.77,Guinea,Africa
gin,2042,66.95,Guinea,Africa
gin,2043,67.13,Guinea,Africa
gin,2044,67.31,Guinea,Africa
gin,2045,67.48,Guinea,Africa
gin,2046,67.64,Guinea,Africa
gin,2047,67.81,Guinea,Africa
gin,2048,67.97,Guinea,Africa
gin,2049,68.13,Guinea,Africa
gin,2050,68.28,Guinea,Africa
gin,2051,68.43,Guinea,Africa
gin,2052,68.58,Guinea,Africa
gin,2053,68.73,Guinea,Africa
gin,2054,68.87,Guinea,Africa
gin,2055,69.01,Guinea,Africa
gin,2056,69.14,Guinea,Africa
gin,2057,69.28,Guinea,Africa
gin,2058,69.41,Guinea,Africa
gin,2059,69.54,Guinea,Africa
gin,2060,69.67,Guinea,Africa
gin,2061,69.79,Guinea,Africa
gin,2062,69.92,Guinea,Africa
gin,2063,70.04,Guinea,Africa
gin,2064,70.16,Guinea,Africa
gin,2065,70.29,Guinea,Africa
gin,2066,70.4,Guinea,Africa
gin,2067,70.52,Guinea,Africa
gin,2068,70.64,Guinea,Africa
gin,2069,70.76,Guinea,Africa
gin,2070,70.87,Guinea,Africa
gin,2071,70.99,Guinea,Africa
gin,2072,71.1,Guinea,Africa
gin,2073,71.22,Guinea,Africa
gin,2074,71.33,Guinea,Africa
gin,2075,71.44,Guinea,Africa
gin,2076,71.56,Guinea,Africa
gin,2077,71.67,Guinea,Africa
gin,2078,71.78,Guinea,Africa
gin,2079,71.89,Guinea,Africa
gin,2080,71.99,Guinea,Africa
gin,2081,72.1,Guinea,Africa
gin,2082,72.21,Guinea,Africa
gin,2083,72.32,Guinea,Africa
gin,2084,72.43,Guinea,Africa
gin,2085,72.54,Guinea,Africa
gin,2086,72.65,Guinea,Africa
gin,2087,72.76,Guinea,Africa
gin,2088,72.87,Guinea,Africa
gin,2089,72.98,Guinea,Africa
gin,2090,73.09,Guinea,Africa
gin,2091,73.2,Guinea,Africa
gin,2092,73.31,Guinea,Africa
gin,2093,73.42,Guinea,Africa
gin,2094,73.53,Guinea,Africa
gin,2095,73.64,Guinea,Africa
gin,2096,73.75,Guinea,Africa
gin,2097,73.85,Guinea,Africa
gin,2098,73.96,Guinea,Africa
gin,2099,74.07,Guinea,Africa
gin,2100,74.18,Guinea,Africa
gnb,1800,32,Guinea-Bissau,Africa
gnb,1801,32,Guinea-Bissau,Africa
gnb,1802,32,Guinea-Bissau,Africa
gnb,1803,32,Guinea-Bissau,Africa
gnb,1804,32,Guinea-Bissau,Africa
gnb,1805,32,Guinea-Bissau,Africa
gnb,1806,32,Guinea-Bissau,Africa
gnb,1807,32,Guinea-Bissau,Africa
gnb,1808,32,Guinea-Bissau,Africa
gnb,1809,32,Guinea-Bissau,Africa
gnb,1810,32,Guinea-Bissau,Africa
gnb,1811,32,Guinea-Bissau,Africa
gnb,1812,32,Guinea-Bissau,Africa
gnb,1813,32,Guinea-Bissau,Africa
gnb,1814,32,Guinea-Bissau,Africa
gnb,1815,32,Guinea-Bissau,Africa
gnb,1816,32,Guinea-Bissau,Africa
gnb,1817,32,Guinea-Bissau,Africa
gnb,1818,32,Guinea-Bissau,Africa
gnb,1819,32,Guinea-Bissau,Africa
gnb,1820,32,Guinea-Bissau,Africa
gnb,1821,32,Guinea-Bissau,Africa
gnb,1822,32,Guinea-Bissau,Africa
gnb,1823,32,Guinea-Bissau,Africa
gnb,1824,32,Guinea-Bissau,Africa
gnb,1825,32,Guinea-Bissau,Africa
gnb,1826,32,Guinea-Bissau,Africa
gnb,1827,32,Guinea-Bissau,Africa
gnb,1828,32,Guinea-Bissau,Africa
gnb,1829,32,Guinea-Bissau,Africa
gnb,1830,32,Guinea-Bissau,Africa
gnb,1831,32,Guinea-Bissau,Africa
gnb,1832,32,Guinea-Bissau,Africa
gnb,1833,32,Guinea-Bissau,Africa
gnb,1834,32,Guinea-Bissau,Africa
gnb,1835,32,Guinea-Bissau,Africa
gnb,1836,32,Guinea-Bissau,Africa
gnb,1837,32,Guinea-Bissau,Africa
gnb,1838,32,Guinea-Bissau,Africa
gnb,1839,32,Guinea-Bissau,Africa
gnb,1840,32,Guinea-Bissau,Africa
gnb,1841,32,Guinea-Bissau,Africa
gnb,1842,32,Guinea-Bissau,Africa
gnb,1843,32,Guinea-Bissau,Africa
gnb,1844,32,Guinea-Bissau,Africa
gnb,1845,32,Guinea-Bissau,Africa
gnb,1846,32,Guinea-Bissau,Africa
gnb,1847,32,Guinea-Bissau,Africa
gnb,1848,32,Guinea-Bissau,Africa
gnb,1849,32,Guinea-Bissau,Africa
gnb,1850,32,Guinea-Bissau,Africa
gnb,1851,32,Guinea-Bissau,Africa
gnb,1852,32,Guinea-Bissau,Africa
gnb,1853,32,Guinea-Bissau,Africa
gnb,1854,32,Guinea-Bissau,Africa
gnb,1855,32,Guinea-Bissau,Africa
gnb,1856,32,Guinea-Bissau,Africa
gnb,1857,32,Guinea-Bissau,Africa
gnb,1858,32,Guinea-Bissau,Africa
gnb,1859,32,Guinea-Bissau,Africa
gnb,1860,32,Guinea-Bissau,Africa
gnb,1861,32,Guinea-Bissau,Africa
gnb,1862,32,Guinea-Bissau,Africa
gnb,1863,32,Guinea-Bissau,Africa
gnb,1864,32,Guinea-Bissau,Africa
gnb,1865,32,Guinea-Bissau,Africa
gnb,1866,32,Guinea-Bissau,Africa
gnb,1867,32,Guinea-Bissau,Africa
gnb,1868,32,Guinea-Bissau,Africa
gnb,1869,32,Guinea-Bissau,Africa
gnb,1870,32,Guinea-Bissau,Africa
gnb,1871,31.94,Guinea-Bissau,Africa
gnb,1872,31.89,Guinea-Bissau,Africa
gnb,1873,31.83,Guinea-Bissau,Africa
gnb,1874,31.77,Guinea-Bissau,Africa
gnb,1875,31.72,Guinea-Bissau,Africa
gnb,1876,31.66,Guinea-Bissau,Africa
gnb,1877,31.6,Guinea-Bissau,Africa
gnb,1878,31.55,Guinea-Bissau,Africa
gnb,1879,31.49,Guinea-Bissau,Africa
gnb,1880,31.43,Guinea-Bissau,Africa
gnb,1881,31.38,Guinea-Bissau,Africa
gnb,1882,31.32,Guinea-Bissau,Africa
gnb,1883,31.26,Guinea-Bissau,Africa
gnb,1884,31.2,Guinea-Bissau,Africa
gnb,1885,31.15,Guinea-Bissau,Africa
gnb,1886,31.09,Guinea-Bissau,Africa
gnb,1887,31.03,Guinea-Bissau,Africa
gnb,1888,30.98,Guinea-Bissau,Africa
gnb,1889,30.92,Guinea-Bissau,Africa
gnb,1890,30.86,Guinea-Bissau,Africa
gnb,1891,30.81,Guinea-Bissau,Africa
gnb,1892,30.75,Guinea-Bissau,Africa
gnb,1893,30.69,Guinea-Bissau,Africa
gnb,1894,30.64,Guinea-Bissau,Africa
gnb,1895,30.58,Guinea-Bissau,Africa
gnb,1896,30.52,Guinea-Bissau,Africa
gnb,1897,30.47,Guinea-Bissau,Africa
gnb,1898,30.41,Guinea-Bissau,Africa
gnb,1899,30.35,Guinea-Bissau,Africa
gnb,1900,30.3,Guinea-Bissau,Africa
gnb,1901,30.24,Guinea-Bissau,Africa
gnb,1902,30.18,Guinea-Bissau,Africa
gnb,1903,30.13,Guinea-Bissau,Africa
gnb,1904,30.07,Guinea-Bissau,Africa
gnb,1905,30.01,Guinea-Bissau,Africa
gnb,1906,29.95,Guinea-Bissau,Africa
gnb,1907,29.9,Guinea-Bissau,Africa
gnb,1908,29.84,Guinea-Bissau,Africa
gnb,1909,29.78,Guinea-Bissau,Africa
gnb,1910,29.73,Guinea-Bissau,Africa
gnb,1911,29.67,Guinea-Bissau,Africa
gnb,1912,29.61,Guinea-Bissau,Africa
gnb,1913,29.56,Guinea-Bissau,Africa
gnb,1914,29.5,Guinea-Bissau,Africa
gnb,1915,29.44,Guinea-Bissau,Africa
gnb,1916,29.39,Guinea-Bissau,Africa
gnb,1917,29.33,Guinea-Bissau,Africa
gnb,1918,11.32,Guinea-Bissau,Africa
gnb,1919,29.22,Guinea-Bissau,Africa
gnb,1920,29.16,Guinea-Bissau,Africa
gnb,1921,29.1,Guinea-Bissau,Africa
gnb,1922,29.05,Guinea-Bissau,Africa
gnb,1923,28.99,Guinea-Bissau,Africa
gnb,1924,28.93,Guinea-Bissau,Africa
gnb,1925,28.88,Guinea-Bissau,Africa
gnb,1926,28.82,Guinea-Bissau,Africa
gnb,1927,28.76,Guinea-Bissau,Africa
gnb,1928,28.7,Guinea-Bissau,Africa
gnb,1929,28.65,Guinea-Bissau,Africa
gnb,1930,28.59,Guinea-Bissau,Africa
gnb,1931,28.84,Guinea-Bissau,Africa
gnb,1932,29.08,Guinea-Bissau,Africa
gnb,1933,29.32,Guinea-Bissau,Africa
gnb,1934,29.57,Guinea-Bissau,Africa
gnb,1935,29.81,Guinea-Bissau,Africa
gnb,1936,30.04,Guinea-Bissau,Africa
gnb,1937,30.28,Guinea-Bissau,Africa
gnb,1938,30.52,Guinea-Bissau,Africa
gnb,1939,30.76,Guinea-Bissau,Africa
gnb,1940,30.99,Guinea-Bissau,Africa
gnb,1941,31.22,Guinea-Bissau,Africa
gnb,1942,31.46,Guinea-Bissau,Africa
gnb,1943,31.69,Guinea-Bissau,Africa
gnb,1944,31.92,Guinea-Bissau,Africa
gnb,1945,32.14,Guinea-Bissau,Africa
gnb,1946,32.37,Guinea-Bissau,Africa
gnb,1947,32.6,Guinea-Bissau,Africa
gnb,1948,32.82,Guinea-Bissau,Africa
gnb,1949,33.05,Guinea-Bissau,Africa
gnb,1950,33.27,Guinea-Bissau,Africa
gnb,1951,33.6,Guinea-Bissau,Africa
gnb,1952,33.94,Guinea-Bissau,Africa
gnb,1953,34.33,Guinea-Bissau,Africa
gnb,1954,34.95,Guinea-Bissau,Africa
gnb,1955,35.3,Guinea-Bissau,Africa
gnb,1956,35.76,Guinea-Bissau,Africa
gnb,1957,36.2,Guinea-Bissau,Africa
gnb,1958,36.61,Guinea-Bissau,Africa
gnb,1959,36.98,Guinea-Bissau,Africa
gnb,1960,37.39,Guinea-Bissau,Africa
gnb,1961,37.79,Guinea-Bissau,Africa
gnb,1962,38.17,Guinea-Bissau,Africa
gnb,1963,35.95,Guinea-Bissau,Africa
gnb,1964,36.38,Guinea-Bissau,Africa
gnb,1965,36.8,Guinea-Bissau,Africa
gnb,1966,37.2,Guinea-Bissau,Africa
gnb,1967,37.63,Guinea-Bissau,Africa
gnb,1968,38.06,Guinea-Bissau,Africa
gnb,1969,38.53,Guinea-Bissau,Africa
gnb,1970,39.02,Guinea-Bissau,Africa
gnb,1971,39.41,Guinea-Bissau,Africa
gnb,1972,39.83,Guinea-Bissau,Africa
gnb,1973,40.21,Guinea-Bissau,Africa
gnb,1974,43.21,Guinea-Bissau,Africa
gnb,1975,43.57,Guinea-Bissau,Africa
gnb,1976,43.99,Guinea-Bissau,Africa
gnb,1977,44.28,Guinea-Bissau,Africa
gnb,1978,44.69,Guinea-Bissau,Africa
gnb,1979,45.1,Guinea-Bissau,Africa
gnb,1980,45.31,Guinea-Bissau,Africa
gnb,1981,45.45,Guinea-Bissau,Africa
gnb,1982,45.68,Guinea-Bissau,Africa
gnb,1983,45.9,Guinea-Bissau,Africa
gnb,1984,46.2,Guinea-Bissau,Africa
gnb,1985,46.53,Guinea-Bissau,Africa
gnb,1986,46.88,Guinea-Bissau,Africa
gnb,1987,47.24,Guinea-Bissau,Africa
gnb,1988,47.7,Guinea-Bissau,Africa
gnb,1989,48.15,Guinea-Bissau,Africa
gnb,1990,48.62,Guinea-Bissau,Africa
gnb,1991,49.04,Guinea-Bissau,Africa
gnb,1992,49.38,Guinea-Bissau,Africa
gnb,1993,49.7,Guinea-Bissau,Africa
gnb,1994,49.79,Guinea-Bissau,Africa
gnb,1995,50.27,Guinea-Bissau,Africa
gnb,1996,49.51,Guinea-Bissau,Africa
gnb,1997,50.04,Guinea-Bissau,Africa
gnb,1998,49.79,Guinea-Bissau,Africa
gnb,1999,49.95,Guinea-Bissau,Africa
gnb,2000,51.47,Guinea-Bissau,Africa
gnb,2001,51.8,Guinea-Bissau,Africa
gnb,2002,52.09,Guinea-Bissau,Africa
gnb,2003,52.41,Guinea-Bissau,Africa
gnb,2004,52.67,Guinea-Bissau,Africa
gnb,2005,52.75,Guinea-Bissau,Africa
gnb,2006,53.59,Guinea-Bissau,Africa
gnb,2007,54.26,Guinea-Bissau,Africa
gnb,2008,54.79,Guinea-Bissau,Africa
gnb,2009,55.52,Guinea-Bissau,Africa
gnb,2010,56.2,Guinea-Bissau,Africa
gnb,2011,56.87,Guinea-Bissau,Africa
gnb,2012,57.41,Guinea-Bissau,Africa
gnb,2013,57.92,Guinea-Bissau,Africa
gnb,2014,58.25,Guinea-Bissau,Africa
gnb,2015,58.75,Guinea-Bissau,Africa
gnb,2016,59.31,Guinea-Bissau,Africa
gnb,2017,59.84,Guinea-Bissau,Africa
gnb,2018,60.33,Guinea-Bissau,Africa
gnb,2019,60.95,Guinea-Bissau,Africa
gnb,2020,61.02,Guinea-Bissau,Africa
gnb,2021,61.6,Guinea-Bissau,Africa
gnb,2022,61.91,Guinea-Bissau,Africa
gnb,2023,62.22,Guinea-Bissau,Africa
gnb,2024,62.53,Guinea-Bissau,Africa
gnb,2025,62.83,Guinea-Bissau,Africa
gnb,2026,63.14,Guinea-Bissau,Africa
gnb,2027,63.43,Guinea-Bissau,Africa
gnb,2028,63.73,Guinea-Bissau,Africa
gnb,2029,64.02,Guinea-Bissau,Africa
gnb,2030,64.3,Guinea-Bissau,Africa
gnb,2031,64.58,Guinea-Bissau,Africa
gnb,2032,64.86,Guinea-Bissau,Africa
gnb,2033,65.12,Guinea-Bissau,Africa
gnb,2034,65.39,Guinea-Bissau,Africa
gnb,2035,65.65,Guinea-Bissau,Africa
gnb,2036,65.9,Guinea-Bissau,Africa
gnb,2037,66.15,Guinea-Bissau,Africa
gnb,2038,66.39,Guinea-Bissau,Africa
gnb,2039,66.63,Guinea-Bissau,Africa
gnb,2040,66.87,Guinea-Bissau,Africa
gnb,2041,67.09,Guinea-Bissau,Africa
gnb,2042,67.32,Guinea-Bissau,Africa
gnb,2043,67.54,Guinea-Bissau,Africa
gnb,2044,67.75,Guinea-Bissau,Africa
gnb,2045,67.96,Guinea-Bissau,Africa
gnb,2046,68.16,Guinea-Bissau,Africa
gnb,2047,68.36,Guinea-Bissau,Africa
gnb,2048,68.55,Guinea-Bissau,Africa
gnb,2049,68.74,Guinea-Bissau,Africa
gnb,2050,68.93,Guinea-Bissau,Africa
gnb,2051,69.12,Guinea-Bissau,Africa
gnb,2052,69.3,Guinea-Bissau,Africa
gnb,2053,69.48,Guinea-Bissau,Africa
gnb,2054,69.66,Guinea-Bissau,Africa
gnb,2055,69.83,Guinea-Bissau,Africa
gnb,2056,70,Guinea-Bissau,Africa
gnb,2057,70.16,Guinea-Bissau,Africa
gnb,2058,70.33,Guinea-Bissau,Africa
gnb,2059,70.49,Guinea-Bissau,Africa
gnb,2060,70.65,Guinea-Bissau,Africa
gnb,2061,70.8,Guinea-Bissau,Africa
gnb,2062,70.96,Guinea-Bissau,Africa
gnb,2063,71.11,Guinea-Bissau,Africa
gnb,2064,71.25,Guinea-Bissau,Africa
gnb,2065,71.4,Guinea-Bissau,Africa
gnb,2066,71.54,Guinea-Bissau,Africa
gnb,2067,71.69,Guinea-Bissau,Africa
gnb,2068,71.83,Guinea-Bissau,Africa
gnb,2069,71.97,Guinea-Bissau,Africa
gnb,2070,72.1,Guinea-Bissau,Africa
gnb,2071,72.24,Guinea-Bissau,Africa
gnb,2072,72.38,Guinea-Bissau,Africa
gnb,2073,72.51,Guinea-Bissau,Africa
gnb,2074,72.65,Guinea-Bissau,Africa
gnb,2075,72.78,Guinea-Bissau,Africa
gnb,2076,72.91,Guinea-Bissau,Africa
gnb,2077,73.04,Guinea-Bissau,Africa
gnb,2078,73.17,Guinea-Bissau,Africa
gnb,2079,73.3,Guinea-Bissau,Africa
gnb,2080,73.43,Guinea-Bissau,Africa
gnb,2081,73.55,Guinea-Bissau,Africa
gnb,2082,73.68,Guinea-Bissau,Africa
gnb,2083,73.8,Guinea-Bissau,Africa
gnb,2084,73.92,Guinea-Bissau,Africa
gnb,2085,74.04,Guinea-Bissau,Africa
gnb,2086,74.16,Guinea-Bissau,Africa
gnb,2087,74.27,Guinea-Bissau,Africa
gnb,2088,74.39,Guinea-Bissau,Africa
gnb,2089,74.51,Guinea-Bissau,Africa
gnb,2090,74.63,Guinea-Bissau,Africa
gnb,2091,74.75,Guinea-Bissau,Africa
gnb,2092,74.87,Guinea-Bissau,Africa
gnb,2093,74.99,Guinea-Bissau,Africa
gnb,2094,75.11,Guinea-Bissau,Africa
gnb,2095,75.23,Guinea-Bissau,Africa
gnb,2096,75.35,Guinea-Bissau,Africa
gnb,2097,75.47,Guinea-Bissau,Africa
gnb,2098,75.59,Guinea-Bissau,Africa
gnb,2099,75.72,Guinea-Bissau,Africa
gnb,2100,75.84,Guinea-Bissau,Africa
guy,1800,31.12,Guyana,South America
guy,1801,31.12,Guyana,South America
guy,1802,31.12,Guyana,South America
guy,1803,31.12,Guyana,South America
guy,1804,31.12,Guyana,South America
guy,1805,31.12,Guyana,South America
guy,1806,31.12,Guyana,South America
guy,1807,31.12,Guyana,South America
guy,1808,31.12,Guyana,South America
guy,1809,31.12,Guyana,South America
guy,1810,31.12,Guyana,South America
guy,1811,31.12,Guyana,South America
guy,1812,31.12,Guyana,South America
guy,1813,31.12,Guyana,South America
guy,1814,31.12,Guyana,South America
guy,1815,31.12,Guyana,South America
guy,1816,31.12,Guyana,South America
guy,1817,31.12,Guyana,South America
guy,1818,31.12,Guyana,South America
guy,1819,31.12,Guyana,South America
guy,1820,31.12,Guyana,South America
guy,1821,31.12,Guyana,South America
guy,1822,31.12,Guyana,South America
guy,1823,31.12,Guyana,South America
guy,1824,31.12,Guyana,South America
guy,1825,31.12,Guyana,South America
guy,1826,31.12,Guyana,South America
guy,1827,31.12,Guyana,South America
guy,1828,31.12,Guyana,South America
guy,1829,31.12,Guyana,South America
guy,1830,31.12,Guyana,South America
guy,1831,31.12,Guyana,South America
guy,1832,31.12,Guyana,South America
guy,1833,31.12,Guyana,South America
guy,1834,31.12,Guyana,South America
guy,1835,31.12,Guyana,South America
guy,1836,31.12,Guyana,South America
guy,1837,31.12,Guyana,South America
guy,1838,31.12,Guyana,South America
guy,1839,31.12,Guyana,South America
guy,1840,31.12,Guyana,South America
guy,1841,31.12,Guyana,South America
guy,1842,31.12,Guyana,South America
guy,1843,31.12,Guyana,South America
guy,1844,31.12,Guyana,South America
guy,1845,31.12,Guyana,South America
guy,1846,31.12,Guyana,South America
guy,1847,31.12,Guyana,South America
guy,1848,31.12,Guyana,South America
guy,1849,31.12,Guyana,South America
guy,1850,31.12,Guyana,South America
guy,1851,31.12,Guyana,South America
guy,1852,31.12,Guyana,South America
guy,1853,31.12,Guyana,South America
guy,1854,31.12,Guyana,South America
guy,1855,31.12,Guyana,South America
guy,1856,31.12,Guyana,South America
guy,1857,31.12,Guyana,South America
guy,1858,31.12,Guyana,South America
guy,1859,31.12,Guyana,South America
guy,1860,31.12,Guyana,South America
guy,1861,31.12,Guyana,South America
guy,1862,31.12,Guyana,South America
guy,1863,31.12,Guyana,South America
guy,1864,31.12,Guyana,South America
guy,1865,31.12,Guyana,South America
guy,1866,31.12,Guyana,South America
guy,1867,31.12,Guyana,South America
guy,1868,31.12,Guyana,South America
guy,1869,31.12,Guyana,South America
guy,1870,31.12,Guyana,South America
guy,1871,31.08,Guyana,South America
guy,1872,31.05,Guyana,South America
guy,1873,31.01,Guyana,South America
guy,1874,30.98,Guyana,South America
guy,1875,30.94,Guyana,South America
guy,1876,30.91,Guyana,South America
guy,1877,30.87,Guyana,South America
guy,1878,30.84,Guyana,South America
guy,1879,30.8,Guyana,South America
guy,1880,30.77,Guyana,South America
guy,1881,30.73,Guyana,South America
guy,1882,30.7,Guyana,South America
guy,1883,30.66,Guyana,South America
guy,1884,30.63,Guyana,South America
guy,1885,30.59,Guyana,South America
guy,1886,30.56,Guyana,South America
guy,1887,30.52,Guyana,South America
guy,1888,30.49,Guyana,South America
guy,1889,30.45,Guyana,South America
guy,1890,30.42,Guyana,South America
guy,1891,30.38,Guyana,South America
guy,1892,30.35,Guyana,South America
guy,1893,30.31,Guyana,South America
guy,1894,30.28,Guyana,South America
guy,1895,30.24,Guyana,South America
guy,1896,30.2,Guyana,South America
guy,1897,30.17,Guyana,South America
guy,1898,30.13,Guyana,South America
guy,1899,30.1,Guyana,South America
guy,1900,30.06,Guyana,South America
guy,1901,30.03,Guyana,South America
guy,1902,29.99,Guyana,South America
guy,1903,29.96,Guyana,South America
guy,1904,29.92,Guyana,South America
guy,1905,29.89,Guyana,South America
guy,1906,29.85,Guyana,South America
guy,1907,29.82,Guyana,South America
guy,1908,29.78,Guyana,South America
guy,1909,29.75,Guyana,South America
guy,1910,29.71,Guyana,South America
guy,1911,29.68,Guyana,South America
guy,1912,29.98,Guyana,South America
guy,1913,30.27,Guyana,South America
guy,1914,30.57,Guyana,South America
guy,1915,30.87,Guyana,South America
guy,1916,31.16,Guyana,South America
guy,1917,31.46,Guyana,South America
guy,1918,27.77,Guyana,South America
guy,1919,32.04,Guyana,South America
guy,1920,32.33,Guyana,South America
guy,1921,32.63,Guyana,South America
guy,1922,33.3,Guyana,South America
guy,1923,33.97,Guyana,South America
guy,1924,34.64,Guyana,South America
guy,1925,35.3,Guyana,South America
guy,1926,35.97,Guyana,South America
guy,1927,36.63,Guyana,South America
guy,1928,37.29,Guyana,South America
guy,1929,37.95,Guyana,South America
guy,1930,38.61,Guyana,South America
guy,1931,39.29,Guyana,South America
guy,1932,39.96,Guyana,South America
guy,1933,40.64,Guyana,South America
guy,1934,41.31,Guyana,South America
guy,1935,41.98,Guyana,South America
guy,1936,42.64,Guyana,South America
guy,1937,43.31,Guyana,South America
guy,1938,43.97,Guyana,South America
guy,1939,44.64,Guyana,South America
guy,1940,45.3,Guyana,South America
guy,1941,45.96,Guyana,South America
guy,1942,46.61,Guyana,South America
guy,1943,47.27,Guyana,South America
guy,1944,47.92,Guyana,South America
guy,1945,48.57,Guyana,South America
guy,1946,49.22,Guyana,South America
guy,1947,49.87,Guyana,South America
guy,1948,50.52,Guyana,South America
guy,1949,51.16,Guyana,South America
guy,1950,51.81,Guyana,South America
guy,1951,52.56,Guyana,South America
guy,1952,52.99,Guyana,South America
guy,1953,53.44,Guyana,South America
guy,1954,54.19,Guyana,South America
guy,1955,55.05,Guyana,South America
guy,1956,56.01,Guyana,South America
guy,1957,56.66,Guyana,South America
guy,1958,57.54,Guyana,South America
guy,1959,58.09,Guyana,South America
guy,1960,58.85,Guyana,South America
guy,1961,59.41,Guyana,South America
guy,1962,59.46,Guyana,South America
guy,1963,59.74,Guyana,South America
guy,1964,60.01,Guyana,South America
guy,1965,60.28,Guyana,South America
guy,1966,60.52,Guyana,South America
guy,1967,60.78,Guyana,South America
guy,1968,61.08,Guyana,South America
guy,1969,61.29,Guyana,South America
guy,1970,61.68,Guyana,South America
guy,1971,61.54,Guyana,South America
guy,1972,61.42,Guyana,South America
guy,1973,61.22,Guyana,South America
guy,1974,61,Guyana,South America
guy,1975,61.22,Guyana,South America
guy,1976,61.68,Guyana,South America
guy,1977,61.67,Guyana,South America
guy,1978,59.57,Guyana,South America
guy,1979,61.99,Guyana,South America
guy,1980,62.36,Guyana,South America
guy,1981,62.46,Guyana,South America
guy,1982,62.73,Guyana,South America
guy,1983,62.72,Guyana,South America
guy,1984,62.13,Guyana,South America
guy,1985,62.61,Guyana,South America
guy,1986,62.65,Guyana,South America
guy,1987,62.79,Guyana,South America
guy,1988,63.15,Guyana,South America
guy,1989,62.18,Guyana,South America
guy,1990,62.37,Guyana,South America
guy,1991,62.95,Guyana,South America
guy,1992,63.55,Guyana,South America
guy,1993,63.18,Guyana,South America
guy,1994,63.41,Guyana,South America
guy,1995,63.1,Guyana,South America
guy,1996,62.98,Guyana,South America
guy,1997,63.34,Guyana,South America
guy,1998,63.5,Guyana,South America
guy,1999,64.11,Guyana,South America
guy,2000,63.96,Guyana,South America
guy,2001,63.94,Guyana,South America
guy,2002,63.85,Guyana,South America
guy,2003,64.08,Guyana,South America
guy,2004,64.25,Guyana,South America
guy,2005,64.39,Guyana,South America
guy,2006,65.01,Guyana,South America
guy,2007,65.24,Guyana,South America
guy,2008,65.3,Guyana,South America
guy,2009,65.87,Guyana,South America
guy,2010,65.75,Guyana,South America
guy,2011,65.74,Guyana,South America
guy,2012,65.69,Guyana,South America
guy,2013,65.99,Guyana,South America
guy,2014,66.02,Guyana,South America
guy,2015,66.41,Guyana,South America
guy,2016,66.67,Guyana,South America
guy,2017,66.88,Guyana,South America
guy,2018,67.09,Guyana,South America
guy,2019,67.31,Guyana,South America
guy,2020,66.8,Guyana,South America
guy,2021,67.52,Guyana,South America
guy,2022,67.62,Guyana,South America
guy,2023,67.72,Guyana,South America
guy,2024,67.81,Guyana,South America
guy,2025,67.91,Guyana,South America
guy,2026,68.02,Guyana,South America
guy,2027,68.12,Guyana,South America
guy,2028,68.22,Guyana,South America
guy,2029,68.33,Guyana,South America
guy,2030,68.43,Guyana,South America
guy,2031,68.53,Guyana,South America
guy,2032,68.64,Guyana,South America
guy,2033,68.74,Guyana,South America
guy,2034,68.85,Guyana,South America
guy,2035,68.95,Guyana,South America
guy,2036,69.06,Guyana,South America
guy,2037,69.17,Guyana,South America
guy,2038,69.27,Guyana,South America
guy,2039,69.38,Guyana,South America
guy,2040,69.49,Guyana,South America
guy,2041,69.6,Guyana,South America
guy,2042,69.71,Guyana,South America
guy,2043,69.82,Guyana,South America
guy,2044,69.93,Guyana,South America
guy,2045,70.04,Guyana,South America
guy,2046,70.15,Guyana,South America
guy,2047,70.26,Guyana,South America
guy,2048,70.37,Guyana,South America
guy,2049,70.48,Guyana,South America
guy,2050,70.59,Guyana,South America
guy,2051,70.7,Guyana,South America
guy,2052,70.81,Guyana,South America
guy,2053,70.92,Guyana,South America
guy,2054,71.03,Guyana,South America
guy,2055,71.14,Guyana,South America
guy,2056,71.26,Guyana,South America
guy,2057,71.37,Guyana,South America
guy,2058,71.48,Guyana,South America
guy,2059,71.6,Guyana,South America
guy,2060,71.71,Guyana,South America
guy,2061,71.83,Guyana,South America
guy,2062,71.94,Guyana,South America
guy,2063,72.06,Guyana,South America
guy,2064,72.18,Guyana,South America
guy,2065,72.29,Guyana,South America
guy,2066,72.41,Guyana,South America
guy,2067,72.53,Guyana,South America
guy,2068,72.65,Guyana,South America
guy,2069,72.77,Guyana,South America
guy,2070,72.88,Guyana,South America
guy,2071,73,Guyana,South America
guy,2072,73.13,Guyana,South America
guy,2073,73.25,Guyana,South America
guy,2074,73.37,Guyana,South America
guy,2075,73.5,Guyana,South America
guy,2076,73.62,Guyana,South America
guy,2077,73.75,Guyana,South America
guy,2078,73.87,Guyana,South America
guy,2079,74,Guyana,South America
guy,2080,74.12,Guyana,South America
guy,2081,74.24,Guyana,South America
guy,2082,74.37,Guyana,South America
guy,2083,74.49,Guyana,South America
guy,2084,74.62,Guyana,South America
guy,2085,74.74,Guyana,South America
guy,2086,74.87,Guyana,South America
guy,2087,74.99,Guyana,South America
guy,2088,75.12,Guyana,South America
guy,2089,75.25,Guyana,South America
guy,2090,75.38,Guyana,South America
guy,2091,75.52,Guyana,South America
guy,2092,75.65,Guyana,South America
guy,2093,75.78,Guyana,South America
guy,2094,75.91,Guyana,South America
guy,2095,76.04,Guyana,South America
guy,2096,76.17,Guyana,South America
guy,2097,76.3,Guyana,South America
guy,2098,76.43,Guyana,South America
guy,2099,76.56,Guyana,South America
guy,2100,76.69,Guyana,South America
hti,1800,29,Haiti,North America
hti,1801,29,Haiti,North America
hti,1802,29,Haiti,North America
hti,1803,29,Haiti,North America
hti,1804,29,Haiti,North America
hti,1805,29,Haiti,North America
hti,1806,29,Haiti,North America
hti,1807,29,Haiti,North America
hti,1808,29,Haiti,North America
hti,1809,29,Haiti,North America
hti,1810,29,Haiti,North America
hti,1811,29,Haiti,North America
hti,1812,29,Haiti,North America
hti,1813,29,Haiti,North America
hti,1814,29,Haiti,North America
hti,1815,29,Haiti,North America
hti,1816,29,Haiti,North America
hti,1817,29,Haiti,North America
hti,1818,29,Haiti,North America
hti,1819,29,Haiti,North America
hti,1820,29,Haiti,North America
hti,1821,29,Haiti,North America
hti,1822,29,Haiti,North America
hti,1823,29,Haiti,North America
hti,1824,29,Haiti,North America
hti,1825,29,Haiti,North America
hti,1826,29,Haiti,North America
hti,1827,29,Haiti,North America
hti,1828,29,Haiti,North America
hti,1829,29,Haiti,North America
hti,1830,29,Haiti,North America
hti,1831,29,Haiti,North America
hti,1832,29,Haiti,North America
hti,1833,29,Haiti,North America
hti,1834,29,Haiti,North America
hti,1835,29,Haiti,North America
hti,1836,29,Haiti,North America
hti,1837,29,Haiti,North America
hti,1838,29,Haiti,North America
hti,1839,29,Haiti,North America
hti,1840,29,Haiti,North America
hti,1841,29,Haiti,North America
hti,1842,29,Haiti,North America
hti,1843,29,Haiti,North America
hti,1844,29,Haiti,North America
hti,1845,29,Haiti,North America
hti,1846,29,Haiti,North America
hti,1847,29,Haiti,North America
hti,1848,29,Haiti,North America
hti,1849,29,Haiti,North America
hti,1850,29,Haiti,North America
hti,1851,29,Haiti,North America
hti,1852,29,Haiti,North America
hti,1853,29,Haiti,North America
hti,1854,29,Haiti,North America
hti,1855,29,Haiti,North America
hti,1856,29,Haiti,North America
hti,1857,29,Haiti,North America
hti,1858,29,Haiti,North America
hti,1859,29,Haiti,North America
hti,1860,29,Haiti,North America
hti,1861,29,Haiti,North America
hti,1862,29,Haiti,North America
hti,1863,29,Haiti,North America
hti,1864,29,Haiti,North America
hti,1865,29,Haiti,North America
hti,1866,29,Haiti,North America
hti,1867,29,Haiti,North America
hti,1868,29,Haiti,North America
hti,1869,29,Haiti,North America
hti,1870,29,Haiti,North America
hti,1871,29.06,Haiti,North America
hti,1872,29.12,Haiti,North America
hti,1873,29.19,Haiti,North America
hti,1874,29.25,Haiti,North America
hti,1875,29.31,Haiti,North America
hti,1876,29.37,Haiti,North America
hti,1877,29.43,Haiti,North America
hti,1878,29.5,Haiti,North America
hti,1879,29.56,Haiti,North America
hti,1880,29.62,Haiti,North America
hti,1881,29.68,Haiti,North America
hti,1882,29.74,Haiti,North America
hti,1883,29.81,Haiti,North America
hti,1884,29.87,Haiti,North America
hti,1885,29.93,Haiti,North America
hti,1886,29.99,Haiti,North America
hti,1887,30.05,Haiti,North America
hti,1888,30.12,Haiti,North America
hti,1889,30.18,Haiti,North America
hti,1890,30.24,Haiti,North America
hti,1891,30.3,Haiti,North America
hti,1892,30.36,Haiti,North America
hti,1893,30.43,Haiti,North America
hti,1894,30.49,Haiti,North America
hti,1895,30.55,Haiti,North America
hti,1896,30.61,Haiti,North America
hti,1897,30.67,Haiti,North America
hti,1898,30.74,Haiti,North America
hti,1899,30.8,Haiti,North America
hti,1900,30.86,Haiti,North America
hti,1901,30.92,Haiti,North America
hti,1902,30.98,Haiti,North America
hti,1903,31.05,Haiti,North America
hti,1904,31.11,Haiti,North America
hti,1905,31.17,Haiti,North America
hti,1906,31.23,Haiti,North America
hti,1907,31.29,Haiti,North America
hti,1908,31.35,Haiti,North America
hti,1909,31.42,Haiti,North America
hti,1910,31.48,Haiti,North America
hti,1911,31.54,Haiti,North America
hti,1912,31.6,Haiti,North America
hti,1913,31.66,Haiti,North America
hti,1914,31.73,Haiti,North America
hti,1915,31.79,Haiti,North America
hti,1916,31.85,Haiti,North America
hti,1917,31.91,Haiti,North America
hti,1918,20.74,Haiti,North America
hti,1919,32.04,Haiti,North America
hti,1920,32.1,Haiti,North America
hti,1921,32.16,Haiti,North America
hti,1922,32.22,Haiti,North America
hti,1923,32.28,Haiti,North America
hti,1924,32.35,Haiti,North America
hti,1925,32.41,Haiti,North America
hti,1926,32.47,Haiti,North America
hti,1927,32.53,Haiti,North America
hti,1928,32.59,Haiti,North America
hti,1929,32.66,Haiti,North America
hti,1930,32.72,Haiti,North America
hti,1931,32.78,Haiti,North America
hti,1932,32.84,Haiti,North America
hti,1933,32.9,Haiti,North America
hti,1934,32.97,Haiti,North America
hti,1935,33.03,Haiti,North America
hti,1936,33.09,Haiti,North America
hti,1937,33.15,Haiti,North America
hti,1938,33.21,Haiti,North America
hti,1939,33.28,Haiti,North America
hti,1940,33.34,Haiti,North America
hti,1941,33.4,Haiti,North America
hti,1942,33.46,Haiti,North America
hti,1943,34.57,Haiti,North America
hti,1944,35.69,Haiti,North America
hti,1945,36.81,Haiti,North America
hti,1946,37.93,Haiti,North America
hti,1947,39.06,Haiti,North America
hti,1948,40.19,Haiti,North America
hti,1949,41.33,Haiti,North America
hti,1950,42.47,Haiti,North America
hti,1951,42.74,Haiti,North America
hti,1952,43.01,Haiti,North America
hti,1953,43.3,Haiti,North America
hti,1954,43.38,Haiti,North America
hti,1955,43.97,Haiti,North America
hti,1956,44.29,Haiti,North America
hti,1957,44.52,Haiti,North America
hti,1958,44.77,Haiti,North America
hti,1959,45.06,Haiti,North America
hti,1960,45.41,Haiti,North America
hti,1961,45.65,Haiti,North America
hti,1962,45.95,Haiti,North America
hti,1963,44.22,Haiti,North America
hti,1964,46.3,Haiti,North America
hti,1965,46.51,Haiti,North America
hti,1966,46.59,Haiti,North America
hti,1967,47.02,Haiti,North America
hti,1968,47.36,Haiti,North America
hti,1969,47.67,Haiti,North America
hti,1970,47.96,Haiti,North America
hti,1971,48.27,Haiti,North America
hti,1972,48.51,Haiti,North America
hti,1973,48.96,Haiti,North America
hti,1974,49.41,Haiti,North America
hti,1975,49.73,Haiti,North America
hti,1976,50.06,Haiti,North America
hti,1977,50.39,Haiti,North America
hti,1978,50.62,Haiti,North America
hti,1979,50.93,Haiti,North America
hti,1980,51.28,Haiti,North America
hti,1981,51.68,Haiti,North America
hti,1982,51.99,Haiti,North America
hti,1983,52.31,Haiti,North America
hti,1984,52.67,Haiti,North America
hti,1985,53.05,Haiti,North America
hti,1986,53.35,Haiti,North America
hti,1987,53.79,Haiti,North America
hti,1988,54.14,Haiti,North America
hti,1989,54.35,Haiti,North America
hti,1990,54.57,Haiti,North America
hti,1991,54.65,Haiti,North America
hti,1992,54.93,Haiti,North America
hti,1993,54.49,Haiti,North America
hti,1994,54.79,Haiti,North America
hti,1995,55.35,Haiti,North America
hti,1996,55.71,Haiti,North America
hti,1997,56.06,Haiti,North America
hti,1998,56.55,Haiti,North America
hti,1999,57.03,Haiti,North America
hti,2000,57.43,Haiti,North America
hti,2001,57.79,Haiti,North America
hti,2002,58.17,Haiti,North America
hti,2003,58.45,Haiti,North America
hti,2004,57.54,Haiti,North America
hti,2005,59.05,Haiti,North America
hti,2006,59.5,Haiti,North America
hti,2007,59.96,Haiti,North America
hti,2008,60.23,Haiti,North America
hti,2009,60.73,Haiti,North America
hti,2010,32.52,Haiti,North America
hti,2011,60.02,Haiti,North America
hti,2012,61.42,Haiti,North America
hti,2013,61.62,Haiti,North America
hti,2014,61.93,Haiti,North America
hti,2015,62.18,Haiti,North America
hti,2016,62.41,Haiti,North America
hti,2017,63.14,Haiti,North America
hti,2018,63.49,Haiti,North America
hti,2019,63.79,Haiti,North America
hti,2020,63.87,Haiti,North America
hti,2021,64.39,Haiti,North America
hti,2022,64.66,Haiti,North America
hti,2023,64.93,Haiti,North America
hti,2024,65.19,Haiti,North America
hti,2025,65.44,Haiti,North America
hti,2026,65.7,Haiti,North America
hti,2027,65.94,Haiti,North America
hti,2028,66.19,Haiti,North America
hti,2029,66.42,Haiti,North America
hti,2030,66.65,Haiti,North America
hti,2031,66.87,Haiti,North America
hti,2032,67.09,Haiti,North America
hti,2033,67.3,Haiti,North America
hti,2034,67.51,Haiti,North America
hti,2035,67.71,Haiti,North America
hti,2036,67.91,Haiti,North America
hti,2037,68.1,Haiti,North America
hti,2038,68.29,Haiti,North America
hti,2039,68.48,Haiti,North America
hti,2040,68.66,Haiti,North America
hti,2041,68.83,Haiti,North America
hti,2042,69.01,Haiti,North America
hti,2043,69.17,Haiti,North America
hti,2044,69.34,Haiti,North America
hti,2045,69.51,Haiti,North America
hti,2046,69.67,Haiti,North America
hti,2047,69.83,Haiti,North America
hti,2048,69.98,Haiti,North America
hti,2049,70.14,Haiti,North America
hti,2050,70.29,Haiti,North America
hti,2051,70.44,Haiti,North America
hti,2052,70.59,Haiti,North America
hti,2053,70.74,Haiti,North America
hti,2054,70.89,Haiti,North America
hti,2055,71.03,Haiti,North America
hti,2056,71.18,Haiti,North America
hti,2057,71.32,Haiti,North America
hti,2058,71.46,Haiti,North America
hti,2059,71.6,Haiti,North America
hti,2060,71.73,Haiti,North America
hti,2061,71.87,Haiti,North America
hti,2062,72.01,Haiti,North America
hti,2063,72.14,Haiti,North America
hti,2064,72.28,Haiti,North America
hti,2065,72.41,Haiti,North America
hti,2066,72.55,Haiti,North America
hti,2067,72.68,Haiti,North America
hti,2068,72.82,Haiti,North America
hti,2069,72.96,Haiti,North America
hti,2070,73.09,Haiti,North America
hti,2071,73.23,Haiti,North America
hti,2072,73.36,Haiti,North America
hti,2073,73.49,Haiti,North America
hti,2074,73.63,Haiti,North America
hti,2075,73.76,Haiti,North America
hti,2076,73.9,Haiti,North America
hti,2077,74.03,Haiti,North America
hti,2078,74.16,Haiti,North America
hti,2079,74.3,Haiti,North America
hti,2080,74.43,Haiti,North America
hti,2081,74.57,Haiti,North America
hti,2082,74.7,Haiti,North America
hti,2083,74.84,Haiti,North America
hti,2084,74.97,Haiti,North America
hti,2085,75.1,Haiti,North America
hti,2086,75.24,Haiti,North America
hti,2087,75.37,Haiti,North America
hti,2088,75.51,Haiti,North America
hti,2089,75.64,Haiti,North America
hti,2090,75.78,Haiti,North America
hti,2091,75.91,Haiti,North America
hti,2092,76.05,Haiti,North America
hti,2093,76.19,Haiti,North America
hti,2094,76.32,Haiti,North America
hti,2095,76.46,Haiti,North America
hti,2096,76.59,Haiti,North America
hti,2097,76.73,Haiti,North America
hti,2098,76.86,Haiti,North America
hti,2099,76.99,Haiti,North America
hti,2100,77.13,Haiti,North America
hnd,1800,33.9,Honduras,North America
hnd,1801,33.9,Honduras,North America
hnd,1802,33.9,Honduras,North America
hnd,1803,33.9,Honduras,North America
hnd,1804,33.9,Honduras,North America
hnd,1805,33.9,Honduras,North America
hnd,1806,33.9,Honduras,North America
hnd,1807,33.9,Honduras,North America
hnd,1808,33.9,Honduras,North America
hnd,1809,33.9,Honduras,North America
hnd,1810,33.9,Honduras,North America
hnd,1811,33.9,Honduras,North America
hnd,1812,33.9,Honduras,North America
hnd,1813,33.9,Honduras,North America
hnd,1814,33.9,Honduras,North America
hnd,1815,33.9,Honduras,North America
hnd,1816,33.9,Honduras,North America
hnd,1817,33.9,Honduras,North America
hnd,1818,33.9,Honduras,North America
hnd,1819,33.9,Honduras,North America
hnd,1820,33.9,Honduras,North America
hnd,1821,33.9,Honduras,North America
hnd,1822,33.9,Honduras,North America
hnd,1823,33.9,Honduras,North America
hnd,1824,33.9,Honduras,North America
hnd,1825,33.9,Honduras,North America
hnd,1826,33.9,Honduras,North America
hnd,1827,33.9,Honduras,North America
hnd,1828,33.9,Honduras,North America
hnd,1829,33.9,Honduras,North America
hnd,1830,33.9,Honduras,North America
hnd,1831,33.9,Honduras,North America
hnd,1832,33.9,Honduras,North America
hnd,1833,33.9,Honduras,North America
hnd,1834,33.9,Honduras,North America
hnd,1835,33.9,Honduras,North America
hnd,1836,33.9,Honduras,North America
hnd,1837,33.9,Honduras,North America
hnd,1838,33.9,Honduras,North America
hnd,1839,33.9,Honduras,North America
hnd,1840,33.9,Honduras,North America
hnd,1841,33.9,Honduras,North America
hnd,1842,33.9,Honduras,North America
hnd,1843,33.9,Honduras,North America
hnd,1844,33.9,Honduras,North America
hnd,1845,33.9,Honduras,North America
hnd,1846,33.9,Honduras,North America
hnd,1847,33.9,Honduras,North America
hnd,1848,33.9,Honduras,North America
hnd,1849,33.9,Honduras,North America
hnd,1850,33.9,Honduras,North America
hnd,1851,33.9,Honduras,North America
hnd,1852,33.9,Honduras,North America
hnd,1853,33.9,Honduras,North America
hnd,1854,33.9,Honduras,North America
hnd,1855,33.9,Honduras,North America
hnd,1856,33.9,Honduras,North America
hnd,1857,33.9,Honduras,North America
hnd,1858,33.9,Honduras,North America
hnd,1859,33.9,Honduras,North America
hnd,1860,33.9,Honduras,North America
hnd,1861,33.9,Honduras,North America
hnd,1862,33.9,Honduras,North America
hnd,1863,33.9,Honduras,North America
hnd,1864,33.9,Honduras,North America
hnd,1865,33.9,Honduras,North America
hnd,1866,33.9,Honduras,North America
hnd,1867,33.9,Honduras,North America
hnd,1868,33.9,Honduras,North America
hnd,1869,33.9,Honduras,North America
hnd,1870,33.9,Honduras,North America
hnd,1871,33.9,Honduras,North America
hnd,1872,33.9,Honduras,North America
hnd,1873,33.9,Honduras,North America
hnd,1874,33.9,Honduras,North America
hnd,1875,33.9,Honduras,North America
hnd,1876,33.9,Honduras,North America
hnd,1877,33.9,Honduras,North America
hnd,1878,33.9,Honduras,North America
hnd,1879,33.9,Honduras,North America
hnd,1880,33.9,Honduras,North America
hnd,1881,33.9,Honduras,North America
hnd,1882,33.9,Honduras,North America
hnd,1883,33.89,Honduras,North America
hnd,1884,33.89,Honduras,North America
hnd,1885,33.89,Honduras,North America
hnd,1886,33.89,Honduras,North America
hnd,1887,33.89,Honduras,North America
hnd,1888,33.89,Honduras,North America
hnd,1889,33.89,Honduras,North America
hnd,1890,33.89,Honduras,North America
hnd,1891,33.89,Honduras,North America
hnd,1892,33.89,Honduras,North America
hnd,1893,33.89,Honduras,North America
hnd,1894,33.89,Honduras,North America
hnd,1895,33.89,Honduras,North America
hnd,1896,33.89,Honduras,North America
hnd,1897,33.89,Honduras,North America
hnd,1898,33.89,Honduras,North America
hnd,1899,33.89,Honduras,North America
hnd,1900,33.89,Honduras,North America
hnd,1901,33.89,Honduras,North America
hnd,1902,33.89,Honduras,North America
hnd,1903,33.89,Honduras,North America
hnd,1904,33.89,Honduras,North America
hnd,1905,33.89,Honduras,North America
hnd,1906,33.89,Honduras,North America
hnd,1907,33.89,Honduras,North America
hnd,1908,33.88,Honduras,North America
hnd,1909,33.88,Honduras,North America
hnd,1910,33.88,Honduras,North America
hnd,1911,33.88,Honduras,North America
hnd,1912,33.88,Honduras,North America
hnd,1913,33.88,Honduras,North America
hnd,1914,33.88,Honduras,North America
hnd,1915,33.88,Honduras,North America
hnd,1916,33.88,Honduras,North America
hnd,1917,33.88,Honduras,North America
hnd,1918,29.95,Honduras,North America
hnd,1919,33.88,Honduras,North America
hnd,1920,33.88,Honduras,North America
hnd,1921,33.88,Honduras,North America
hnd,1922,33.88,Honduras,North America
hnd,1923,33.88,Honduras,North America
hnd,1924,33.88,Honduras,North America
hnd,1925,33.88,Honduras,North America
hnd,1926,33.88,Honduras,North America
hnd,1927,33.88,Honduras,North America
hnd,1928,33.88,Honduras,North America
hnd,1929,33.88,Honduras,North America
hnd,1930,33.88,Honduras,North America
hnd,1931,34.22,Honduras,North America
hnd,1932,34.57,Honduras,North America
hnd,1933,34.92,Honduras,North America
hnd,1934,35.26,Honduras,North America
hnd,1935,35.61,Honduras,North America
hnd,1936,35.96,Honduras,North America
hnd,1937,36.3,Honduras,North America
hnd,1938,36.65,Honduras,North America
hnd,1939,37,Honduras,North America
hnd,1940,37.34,Honduras,North America
hnd,1941,37.69,Honduras,North America
hnd,1942,38.04,Honduras,North America
hnd,1943,38.38,Honduras,North America
hnd,1944,38.73,Honduras,North America
hnd,1945,39.08,Honduras,North America
hnd,1946,39.42,Honduras,North America
hnd,1947,39.77,Honduras,North America
hnd,1948,40.12,Honduras,North America
hnd,1949,40.46,Honduras,North America
hnd,1950,40.81,Honduras,North America
hnd,1951,41.7,Honduras,North America
hnd,1952,41.77,Honduras,North America
hnd,1953,42.41,Honduras,North America
hnd,1954,42.92,Honduras,North America
hnd,1955,43.6,Honduras,North America
hnd,1956,44.52,Honduras,North America
hnd,1957,45.44,Honduras,North America
hnd,1958,46.44,Honduras,North America
hnd,1959,47.79,Honduras,North America
hnd,1960,49.05,Honduras,North America
hnd,1961,50.07,Honduras,North America
hnd,1962,51.27,Honduras,North America
hnd,1963,52.34,Honduras,North America
hnd,1964,53.37,Honduras,North America
hnd,1965,54.39,Honduras,North America
hnd,1966,55.31,Honduras,North America
hnd,1967,56.02,Honduras,North America
hnd,1968,56.56,Honduras,North America
hnd,1969,56.15,Honduras,North America
hnd,1970,57.69,Honduras,North America
hnd,1971,58.45,Honduras,North America
hnd,1972,59.02,Honduras,North America
hnd,1973,57.61,Honduras,North America
hnd,1974,54.74,Honduras,North America
hnd,1975,62.45,Honduras,North America
hnd,1976,63.81,Honduras,North America
hnd,1977,64.8,Honduras,North America
hnd,1978,65.96,Honduras,North America
hnd,1979,66.84,Honduras,North America
hnd,1980,67.86,Honduras,North America
hnd,1981,67.5,Honduras,North America
hnd,1982,68.31,Honduras,North America
hnd,1983,69.19,Honduras,North America
hnd,1984,68.96,Honduras,North America
hnd,1985,68.86,Honduras,North America
hnd,1986,68.74,Honduras,North America
hnd,1987,69.7,Honduras,North America
hnd,1988,69.21,Honduras,North America
hnd,1989,69.06,Honduras,North America
hnd,1990,69.09,Honduras,North America
hnd,1991,69.57,Honduras,North America
hnd,1992,69.39,Honduras,North America
hnd,1993,69.53,Honduras,North America
hnd,1994,69.98,Honduras,North America
hnd,1995,69.45,Honduras,North America
hnd,1996,69.38,Honduras,North America
hnd,1997,69.56,Honduras,North America
hnd,1998,63.35,Honduras,North America
hnd,1999,69.88,Honduras,North America
hnd,2000,70.07,Honduras,North America
hnd,2001,70.22,Honduras,North America
hnd,2002,70.38,Honduras,North America
hnd,2003,70.47,Honduras,North America
hnd,2004,70.67,Honduras,North America
hnd,2005,70.89,Honduras,North America
hnd,2006,71.06,Honduras,North America
hnd,2007,71.2,Honduras,North America
hnd,2008,71.27,Honduras,North America
hnd,2009,71.29,Honduras,North America
hnd,2010,71.1,Honduras,North America
hnd,2011,70.97,Honduras,North America
hnd,2012,69.28,Honduras,North America
hnd,2013,69.64,Honduras,North America
hnd,2014,69.86,Honduras,North America
hnd,2015,69.9,Honduras,North America
hnd,2016,71.53,Honduras,North America
hnd,2017,71.73,Honduras,North America
hnd,2018,71.92,Honduras,North America
hnd,2019,72.07,Honduras,North America
hnd,2020,70.68,Honduras,North America
hnd,2021,72.4,Honduras,North America
hnd,2022,72.57,Honduras,North America
hnd,2023,72.73,Honduras,North America
hnd,2024,72.9,Honduras,North America
hnd,2025,73.06,Honduras,North America
hnd,2026,73.22,Honduras,North America
hnd,2027,73.39,Honduras,North America
hnd,2028,73.55,Honduras,North America
hnd,2029,73.71,Honduras,North America
hnd,2030,73.87,Honduras,North America
hnd,2031,74.03,Honduras,North America
hnd,2032,74.19,Honduras,North America
hnd,2033,74.34,Honduras,North America
hnd,2034,74.5,Honduras,North America
hnd,2035,74.65,Honduras,North America
hnd,2036,74.8,Honduras,North America
hnd,2037,74.96,Honduras,North America
hnd,2038,75.11,Honduras,North America
hnd,2039,75.26,Honduras,North America
hnd,2040,75.41,Honduras,North America
hnd,2041,75.56,Honduras,North America
hnd,2042,75.71,Honduras,North America
hnd,2043,75.86,Honduras,North America
hnd,2044,76.01,Honduras,North America
hnd,2045,76.16,Honduras,North America
hnd,2046,76.31,Honduras,North America
hnd,2047,76.46,Honduras,North America
hnd,2048,76.61,Honduras,North America
hnd,2049,76.75,Honduras,North America
hnd,2050,76.9,Honduras,North America
hnd,2051,77.05,Honduras,North America
hnd,2052,77.19,Honduras,North America
hnd,2053,77.34,Honduras,North America
hnd,2054,77.49,Honduras,North America
hnd,2055,77.63,Honduras,North America
hnd,2056,77.78,Honduras,North America
hnd,2057,77.92,Honduras,North America
hnd,2058,78.06,Honduras,North America
hnd,2059,78.21,Honduras,North America
hnd,2060,78.35,Honduras,North America
hnd,2061,78.49,Honduras,North America
hnd,2062,78.64,Honduras,North America
hnd,2063,78.78,Honduras,North America
hnd,2064,78.92,Honduras,North America
hnd,2065,79.06,Honduras,North America
hnd,2066,79.2,Honduras,North America
hnd,2067,79.34,Honduras,North America
hnd,2068,79.48,Honduras,North America
hnd,2069,79.61,Honduras,North America
hnd,2070,79.74,Honduras,North America
hnd,2071,79.87,Honduras,North America
hnd,2072,80,Honduras,North America
hnd,2073,80.12,Honduras,North America
hnd,2074,80.25,Honduras,North America
hnd,2075,80.37,Honduras,North America
hnd,2076,80.49,Honduras,North America
hnd,2077,80.61,Honduras,North America
hnd,2078,80.73,Honduras,North America
hnd,2079,80.85,Honduras,North America
hnd,2080,80.96,Honduras,North America
hnd,2081,81.07,Honduras,North America
hnd,2082,81.18,Honduras,North America
hnd,2083,81.29,Honduras,North America
hnd,2084,81.4,Honduras,North America
hnd,2085,81.5,Honduras,North America
hnd,2086,81.61,Honduras,North America
hnd,2087,81.72,Honduras,North America
hnd,2088,81.82,Honduras,North America
hnd,2089,81.92,Honduras,North America
hnd,2090,82.03,Honduras,North America
hnd,2091,82.13,Honduras,North America
hnd,2092,82.23,Honduras,North America
hnd,2093,82.32,Honduras,North America
hnd,2094,82.42,Honduras,North America
hnd,2095,82.52,Honduras,North America
hnd,2096,82.62,Honduras,North America
hnd,2097,82.71,Honduras,North America
hnd,2098,82.81,Honduras,North America
hnd,2099,82.9,Honduras,North America
hnd,2100,83,Honduras,North America
hkg,1800,34.9,"Hong Kong, China",Asia
hkg,1801,34.9,"Hong Kong, China",Asia
hkg,1802,34.9,"Hong Kong, China",Asia
hkg,1803,34.9,"Hong Kong, China",Asia
hkg,1804,34.9,"Hong Kong, China",Asia
hkg,1805,34.9,"Hong Kong, China",Asia
hkg,1806,34.9,"Hong Kong, China",Asia
hkg,1807,34.9,"Hong Kong, China",Asia
hkg,1808,34.9,"Hong Kong, China",Asia
hkg,1809,34.9,"Hong Kong, China",Asia
hkg,1810,34.9,"Hong Kong, China",Asia
hkg,1811,34.9,"Hong Kong, China",Asia
hkg,1812,34.9,"Hong Kong, China",Asia
hkg,1813,34.9,"Hong Kong, China",Asia
hkg,1814,34.9,"Hong Kong, China",Asia
hkg,1815,34.9,"Hong Kong, China",Asia
hkg,1816,34.9,"Hong Kong, China",Asia
hkg,1817,34.9,"Hong Kong, China",Asia
hkg,1818,34.9,"Hong Kong, China",Asia
hkg,1819,34.9,"Hong Kong, China",Asia
hkg,1820,34.9,"Hong Kong, China",Asia
hkg,1821,34.9,"Hong Kong, China",Asia
hkg,1822,34.9,"Hong Kong, China",Asia
hkg,1823,34.9,"Hong Kong, China",Asia
hkg,1824,34.9,"Hong Kong, China",Asia
hkg,1825,34.9,"Hong Kong, China",Asia
hkg,1826,34.9,"Hong Kong, China",Asia
hkg,1827,34.9,"Hong Kong, China",Asia
hkg,1828,34.9,"Hong Kong, China",Asia
hkg,1829,34.9,"Hong Kong, China",Asia
hkg,1830,34.9,"Hong Kong, China",Asia
hkg,1831,34.9,"Hong Kong, China",Asia
hkg,1832,34.9,"Hong Kong, China",Asia
hkg,1833,34.9,"Hong Kong, China",Asia
hkg,1834,34.9,"Hong Kong, China",Asia
hkg,1835,34.9,"Hong Kong, China",Asia
hkg,1836,34.9,"Hong Kong, China",Asia
hkg,1837,34.9,"Hong Kong, China",Asia
hkg,1838,34.9,"Hong Kong, China",Asia
hkg,1839,34.9,"Hong Kong, China",Asia
hkg,1840,34.9,"Hong Kong, China",Asia
hkg,1841,34.9,"Hong Kong, China",Asia
hkg,1842,34.9,"Hong Kong, China",Asia
hkg,1843,34.9,"Hong Kong, China",Asia
hkg,1844,34.9,"Hong Kong, China",Asia
hkg,1845,34.9,"Hong Kong, China",Asia
hkg,1846,34.9,"Hong Kong, China",Asia
hkg,1847,34.9,"Hong Kong, China",Asia
hkg,1848,34.9,"Hong Kong, China",Asia
hkg,1849,34.9,"Hong Kong, China",Asia
hkg,1850,34.9,"Hong Kong, China",Asia
hkg,1851,34.9,"Hong Kong, China",Asia
hkg,1852,34.9,"Hong Kong, China",Asia
hkg,1853,34.9,"Hong Kong, China",Asia
hkg,1854,34.9,"Hong Kong, China",Asia
hkg,1855,34.9,"Hong Kong, China",Asia
hkg,1856,34.9,"Hong Kong, China",Asia
hkg,1857,34.9,"Hong Kong, China",Asia
hkg,1858,34.9,"Hong Kong, China",Asia
hkg,1859,34.9,"Hong Kong, China",Asia
hkg,1860,34.9,"Hong Kong, China",Asia
hkg,1861,34.9,"Hong Kong, China",Asia
hkg,1862,34.9,"Hong Kong, China",Asia
hkg,1863,34.9,"Hong Kong, China",Asia
hkg,1864,34.9,"Hong Kong, China",Asia
hkg,1865,34.9,"Hong Kong, China",Asia
hkg,1866,34.9,"Hong Kong, China",Asia
hkg,1867,34.9,"Hong Kong, China",Asia
hkg,1868,34.9,"Hong Kong, China",Asia
hkg,1869,34.9,"Hong Kong, China",Asia
hkg,1870,34.9,"Hong Kong, China",Asia
hkg,1871,34.9,"Hong Kong, China",Asia
hkg,1872,34.9,"Hong Kong, China",Asia
hkg,1873,34.9,"Hong Kong, China",Asia
hkg,1874,34.9,"Hong Kong, China",Asia
hkg,1875,34.9,"Hong Kong, China",Asia
hkg,1876,34.9,"Hong Kong, China",Asia
hkg,1877,34.9,"Hong Kong, China",Asia
hkg,1878,34.9,"Hong Kong, China",Asia
hkg,1879,34.9,"Hong Kong, China",Asia
hkg,1880,34.9,"Hong Kong, China",Asia
hkg,1881,34.9,"Hong Kong, China",Asia
hkg,1882,34.9,"Hong Kong, China",Asia
hkg,1883,34.9,"Hong Kong, China",Asia
hkg,1884,34.9,"Hong Kong, China",Asia
hkg,1885,34.9,"Hong Kong, China",Asia
hkg,1886,34.9,"Hong Kong, China",Asia
hkg,1887,34.9,"Hong Kong, China",Asia
hkg,1888,34.9,"Hong Kong, China",Asia
hkg,1889,34.9,"Hong Kong, China",Asia
hkg,1890,34.9,"Hong Kong, China",Asia
hkg,1891,34.9,"Hong Kong, China",Asia
hkg,1892,34.9,"Hong Kong, China",Asia
hkg,1893,34.9,"Hong Kong, China",Asia
hkg,1894,34.9,"Hong Kong, China",Asia
hkg,1895,34.9,"Hong Kong, China",Asia
hkg,1896,34.9,"Hong Kong, China",Asia
hkg,1897,34.9,"Hong Kong, China",Asia
hkg,1898,34.9,"Hong Kong, China",Asia
hkg,1899,34.9,"Hong Kong, China",Asia
hkg,1900,34.9,"Hong Kong, China",Asia
hkg,1901,34.9,"Hong Kong, China",Asia
hkg,1902,34.9,"Hong Kong, China",Asia
hkg,1903,34.9,"Hong Kong, China",Asia
hkg,1904,34.9,"Hong Kong, China",Asia
hkg,1905,34.9,"Hong Kong, China",Asia
hkg,1906,34.9,"Hong Kong, China",Asia
hkg,1907,34.9,"Hong Kong, China",Asia
hkg,1908,34.9,"Hong Kong, China",Asia
hkg,1909,34.9,"Hong Kong, China",Asia
hkg,1910,34.9,"Hong Kong, China",Asia
hkg,1911,34.9,"Hong Kong, China",Asia
hkg,1912,34.9,"Hong Kong, China",Asia
hkg,1913,34.9,"Hong Kong, China",Asia
hkg,1914,34.9,"Hong Kong, China",Asia
hkg,1915,34.9,"Hong Kong, China",Asia
hkg,1916,34.9,"Hong Kong, China",Asia
hkg,1917,34.9,"Hong Kong, China",Asia
hkg,1918,22.36,"Hong Kong, China",Asia
hkg,1919,34.9,"Hong Kong, China",Asia
hkg,1920,34.9,"Hong Kong, China",Asia
hkg,1921,35.81,"Hong Kong, China",Asia
hkg,1922,36.71,"Hong Kong, China",Asia
hkg,1923,37.62,"Hong Kong, China",Asia
hkg,1924,38.53,"Hong Kong, China",Asia
hkg,1925,39.44,"Hong Kong, China",Asia
hkg,1926,40.34,"Hong Kong, China",Asia
hkg,1927,41.25,"Hong Kong, China",Asia
hkg,1928,42.16,"Hong Kong, China",Asia
hkg,1929,43.07,"Hong Kong, China",Asia
hkg,1930,43.97,"Hong Kong, China",Asia
hkg,1931,44.88,"Hong Kong, China",Asia
hkg,1932,45.79,"Hong Kong, China",Asia
hkg,1933,46.7,"Hong Kong, China",Asia
hkg,1934,47.6,"Hong Kong, China",Asia
hkg,1935,48.51,"Hong Kong, China",Asia
hkg,1936,49.42,"Hong Kong, China",Asia
hkg,1937,50.33,"Hong Kong, China",Asia
hkg,1938,51.23,"Hong Kong, China",Asia
hkg,1939,52.14,"Hong Kong, China",Asia
hkg,1940,53.05,"Hong Kong, China",Asia
hkg,1941,53.95,"Hong Kong, China",Asia
hkg,1942,54.86,"Hong Kong, China",Asia
hkg,1943,55.77,"Hong Kong, China",Asia
hkg,1944,56.68,"Hong Kong, China",Asia
hkg,1945,57.58,"Hong Kong, China",Asia
hkg,1946,58.49,"Hong Kong, China",Asia
hkg,1947,59.4,"Hong Kong, China",Asia
hkg,1948,60.31,"Hong Kong, China",Asia
hkg,1949,61.21,"Hong Kong, China",Asia
hkg,1950,62.12,"Hong Kong, China",Asia
hkg,1951,62.38,"Hong Kong, China",Asia
hkg,1952,62.9,"Hong Kong, China",Asia
hkg,1953,63.43,"Hong Kong, China",Asia
hkg,1954,63.98,"Hong Kong, China",Asia
hkg,1955,64.54,"Hong Kong, China",Asia
hkg,1956,65.11,"Hong Kong, China",Asia
hkg,1957,65.69,"Hong Kong, China",Asia
hkg,1958,66.28,"Hong Kong, China",Asia
hkg,1959,66.87,"Hong Kong, China",Asia
hkg,1960,67.45,"Hong Kong, China",Asia
hkg,1961,68.01,"Hong Kong, China",Asia
hkg,1962,68.55,"Hong Kong, China",Asia
hkg,1963,69.05,"Hong Kong, China",Asia
hkg,1964,69.52,"Hong Kong, China",Asia
hkg,1965,69.96,"Hong Kong, China",Asia
hkg,1966,70.37,"Hong Kong, China",Asia
hkg,1967,70.77,"Hong Kong, China",Asia
hkg,1968,71.15,"Hong Kong, China",Asia
hkg,1969,71.53,"Hong Kong, China",Asia
hkg,1970,71.89,"Hong Kong, China",Asia
hkg,1971,72.25,"Hong Kong, China",Asia
hkg,1972,72.58,"Hong Kong, China",Asia
hkg,1973,72.9,"Hong Kong, China",Asia
hkg,1974,73.2,"Hong Kong, China",Asia
hkg,1975,73.49,"Hong Kong, China",Asia
hkg,1976,73.78,"Hong Kong, China",Asia
hkg,1977,74.06,"Hong Kong, China",Asia
hkg,1978,74.35,"Hong Kong, China",Asia
hkg,1979,74.64,"Hong Kong, China",Asia
hkg,1980,74.93,"Hong Kong, China",Asia
hkg,1981,75.22,"Hong Kong, China",Asia
hkg,1982,75.5,"Hong Kong, China",Asia
hkg,1983,75.77,"Hong Kong, China",Asia
hkg,1984,76.03,"Hong Kong, China",Asia
hkg,1985,76.28,"Hong Kong, China",Asia
hkg,1986,76.53,"Hong Kong, China",Asia
hkg,1987,76.78,"Hong Kong, China",Asia
hkg,1988,77.02,"Hong Kong, China",Asia
hkg,1989,77.27,"Hong Kong, China",Asia
hkg,1990,77.52,"Hong Kong, China",Asia
hkg,1991,77.77,"Hong Kong, China",Asia
hkg,1992,78.01,"Hong Kong, China",Asia
hkg,1993,78.25,"Hong Kong, China",Asia
hkg,1994,78.48,"Hong Kong, China",Asia
hkg,1995,78.72,"Hong Kong, China",Asia
hkg,1996,78.99,"Hong Kong, China",Asia
hkg,1997,79.29,"Hong Kong, China",Asia
hkg,1998,79.63,"Hong Kong, China",Asia
hkg,1999,79.99,"Hong Kong, China",Asia
hkg,2000,80.36,"Hong Kong, China",Asia
hkg,2001,80.73,"Hong Kong, China",Asia
hkg,2002,81.08,"Hong Kong, China",Asia
hkg,2003,81.4,"Hong Kong, China",Asia
hkg,2004,81.68,"Hong Kong, China",Asia
hkg,2005,81.92,"Hong Kong, China",Asia
hkg,2006,82.12,"Hong Kong, China",Asia
hkg,2007,82.31,"Hong Kong, China",Asia
hkg,2008,82.49,"Hong Kong, China",Asia
hkg,2009,82.66,"Hong Kong, China",Asia
hkg,2010,82.84,"Hong Kong, China",Asia
hkg,2011,83.02,"Hong Kong, China",Asia
hkg,2012,83.2,"Hong Kong, China",Asia
hkg,2013,83.38,"Hong Kong, China",Asia
hkg,2014,83.56,"Hong Kong, China",Asia
hkg,2015,83.73,"Hong Kong, China",Asia
hkg,2016,83.91,"Hong Kong, China",Asia
hkg,2017,84.09,"Hong Kong, China",Asia
hkg,2018,84.28,"Hong Kong, China",Asia
hkg,2019,84.45,"Hong Kong, China",Asia
hkg,2020,84.45,"Hong Kong, China",Asia
hkg,2021,84.72,"Hong Kong, China",Asia
hkg,2022,84.84,"Hong Kong, China",Asia
hkg,2023,84.96,"Hong Kong, China",Asia
hkg,2024,85.08,"Hong Kong, China",Asia
hkg,2025,85.21,"Hong Kong, China",Asia
hkg,2026,85.33,"Hong Kong, China",Asia
hkg,2027,85.47,"Hong Kong, China",Asia
hkg,2028,85.6,"Hong Kong, China",Asia
hkg,2029,85.73,"Hong Kong, China",Asia
hkg,2030,85.86,"Hong Kong, China",Asia
hkg,2031,85.99,"Hong Kong, China",Asia
hkg,2032,86.13,"Hong Kong, China",Asia
hkg,2033,86.26,"Hong Kong, China",Asia
hkg,2034,86.39,"Hong Kong, China",Asia
hkg,2035,86.53,"Hong Kong, China",Asia
hkg,2036,86.66,"Hong Kong, China",Asia
hkg,2037,86.79,"Hong Kong, China",Asia
hkg,2038,86.92,"Hong Kong, China",Asia
hkg,2039,87.05,"Hong Kong, China",Asia
hkg,2040,87.19,"Hong Kong, China",Asia
hkg,2041,87.32,"Hong Kong, China",Asia
hkg,2042,87.45,"Hong Kong, China",Asia
hkg,2043,87.58,"Hong Kong, China",Asia
hkg,2044,87.71,"Hong Kong, China",Asia
hkg,2045,87.84,"Hong Kong, China",Asia
hkg,2046,87.97,"Hong Kong, China",Asia
hkg,2047,88.1,"Hong Kong, China",Asia
hkg,2048,88.23,"Hong Kong, China",Asia
hkg,2049,88.35,"Hong Kong, China",Asia
hkg,2050,88.48,"Hong Kong, China",Asia
hkg,2051,88.61,"Hong Kong, China",Asia
hkg,2052,88.73,"Hong Kong, China",Asia
hkg,2053,88.85,"Hong Kong, China",Asia
hkg,2054,88.98,"Hong Kong, China",Asia
hkg,2055,89.1,"Hong Kong, China",Asia
hkg,2056,89.22,"Hong Kong, China",Asia
hkg,2057,89.34,"Hong Kong, China",Asia
hkg,2058,89.46,"Hong Kong, China",Asia
hkg,2059,89.57,"Hong Kong, China",Asia
hkg,2060,89.69,"Hong Kong, China",Asia
hkg,2061,89.8,"Hong Kong, China",Asia
hkg,2062,89.92,"Hong Kong, China",Asia
hkg,2063,90.03,"Hong Kong, China",Asia
hkg,2064,90.14,"Hong Kong, China",Asia
hkg,2065,90.25,"Hong Kong, China",Asia
hkg,2066,90.36,"Hong Kong, China",Asia
hkg,2067,90.47,"Hong Kong, China",Asia
hkg,2068,90.58,"Hong Kong, China",Asia
hkg,2069,90.68,"Hong Kong, China",Asia
hkg,2070,90.78,"Hong Kong, China",Asia
hkg,2071,90.89,"Hong Kong, China",Asia
hkg,2072,90.99,"Hong Kong, China",Asia
hkg,2073,91.09,"Hong Kong, China",Asia
hkg,2074,91.19,"Hong Kong, China",Asia
hkg,2075,91.29,"Hong Kong, China",Asia
hkg,2076,91.39,"Hong Kong, China",Asia
hkg,2077,91.49,"Hong Kong, China",Asia
hkg,2078,91.59,"Hong Kong, China",Asia
hkg,2079,91.68,"Hong Kong, China",Asia
hkg,2080,91.78,"Hong Kong, China",Asia
hkg,2081,91.88,"Hong Kong, China",Asia
hkg,2082,91.98,"Hong Kong, China",Asia
hkg,2083,92.08,"Hong Kong, China",Asia
hkg,2084,92.18,"Hong Kong, China",Asia
hkg,2085,92.28,"Hong Kong, China",Asia
hkg,2086,92.37,"Hong Kong, China",Asia
hkg,2087,92.47,"Hong Kong, China",Asia
hkg,2088,92.57,"Hong Kong, China",Asia
hkg,2089,92.68,"Hong Kong, China",Asia
hkg,2090,92.78,"Hong Kong, China",Asia
hkg,2091,92.88,"Hong Kong, China",Asia
hkg,2092,92.98,"Hong Kong, China",Asia
hkg,2093,93.09,"Hong Kong, China",Asia
hkg,2094,93.19,"Hong Kong, China",Asia
hkg,2095,93.3,"Hong Kong, China",Asia
hkg,2096,93.4,"Hong Kong, China",Asia
hkg,2097,93.51,"Hong Kong, China",Asia
hkg,2098,93.62,"Hong Kong, China",Asia
hkg,2099,93.73,"Hong Kong, China",Asia
hkg,2100,93.84,"Hong Kong, China",Asia
hun,1800,36,Hungary,Europe
hun,1801,36,Hungary,Europe
hun,1802,36,Hungary,Europe
hun,1803,36,Hungary,Europe
hun,1804,36,Hungary,Europe
hun,1805,36,Hungary,Europe
hun,1806,36,Hungary,Europe
hun,1807,36,Hungary,Europe
hun,1808,36,Hungary,Europe
hun,1809,36,Hungary,Europe
hun,1810,36,Hungary,Europe
hun,1811,36,Hungary,Europe
hun,1812,36,Hungary,Europe
hun,1813,36,Hungary,Europe
hun,1814,36,Hungary,Europe
hun,1815,36,Hungary,Europe
hun,1816,36,Hungary,Europe
hun,1817,36,Hungary,Europe
hun,1818,36,Hungary,Europe
hun,1819,36,Hungary,Europe
hun,1820,36,Hungary,Europe
hun,1821,36,Hungary,Europe
hun,1822,36,Hungary,Europe
hun,1823,36,Hungary,Europe
hun,1824,36,Hungary,Europe
hun,1825,36,Hungary,Europe
hun,1826,36,Hungary,Europe
hun,1827,36,Hungary,Europe
hun,1828,36,Hungary,Europe
hun,1829,36,Hungary,Europe
hun,1830,36,Hungary,Europe
hun,1831,36,Hungary,Europe
hun,1832,36,Hungary,Europe
hun,1833,36,Hungary,Europe
hun,1834,36,Hungary,Europe
hun,1835,36,Hungary,Europe
hun,1836,36,Hungary,Europe
hun,1837,36,Hungary,Europe
hun,1838,36,Hungary,Europe
hun,1839,36,Hungary,Europe
hun,1840,36,Hungary,Europe
hun,1841,36,Hungary,Europe
hun,1842,36,Hungary,Europe
hun,1843,36,Hungary,Europe
hun,1844,36,Hungary,Europe
hun,1845,36,Hungary,Europe
hun,1846,36,Hungary,Europe
hun,1847,36,Hungary,Europe
hun,1848,36,Hungary,Europe
hun,1849,36,Hungary,Europe
hun,1850,36,Hungary,Europe
hun,1851,36,Hungary,Europe
hun,1852,36,Hungary,Europe
hun,1853,36,Hungary,Europe
hun,1854,36,Hungary,Europe
hun,1855,36,Hungary,Europe
hun,1856,36,Hungary,Europe
hun,1857,36,Hungary,Europe
hun,1858,36,Hungary,Europe
hun,1859,36,Hungary,Europe
hun,1860,36,Hungary,Europe
hun,1861,36,Hungary,Europe
hun,1862,36,Hungary,Europe
hun,1863,36,Hungary,Europe
hun,1864,36,Hungary,Europe
hun,1865,36,Hungary,Europe
hun,1866,36,Hungary,Europe
hun,1867,36,Hungary,Europe
hun,1868,36,Hungary,Europe
hun,1869,36,Hungary,Europe
hun,1870,36,Hungary,Europe
hun,1871,36,Hungary,Europe
hun,1872,36,Hungary,Europe
hun,1873,36,Hungary,Europe
hun,1874,35.99,Hungary,Europe
hun,1875,35.99,Hungary,Europe
hun,1876,35.99,Hungary,Europe
hun,1877,35.99,Hungary,Europe
hun,1878,35.99,Hungary,Europe
hun,1879,35.99,Hungary,Europe
hun,1880,35.99,Hungary,Europe
hun,1881,35.98,Hungary,Europe
hun,1882,35.98,Hungary,Europe
hun,1883,35.98,Hungary,Europe
hun,1884,35.98,Hungary,Europe
hun,1885,35.98,Hungary,Europe
hun,1886,35.98,Hungary,Europe
hun,1887,35.98,Hungary,Europe
hun,1888,35.97,Hungary,Europe
hun,1889,35.97,Hungary,Europe
hun,1890,35.97,Hungary,Europe
hun,1891,36.1,Hungary,Europe
hun,1892,36.24,Hungary,Europe
hun,1893,36.37,Hungary,Europe
hun,1894,36.5,Hungary,Europe
hun,1895,36.63,Hungary,Europe
hun,1896,36.76,Hungary,Europe
hun,1897,36.9,Hungary,Europe
hun,1898,37.03,Hungary,Europe
hun,1899,37.16,Hungary,Europe
hun,1900,37.29,Hungary,Europe
hun,1901,37.53,Hungary,Europe
hun,1902,37.77,Hungary,Europe
hun,1903,38.01,Hungary,Europe
hun,1904,38.25,Hungary,Europe
hun,1905,38.49,Hungary,Europe
hun,1906,38.73,Hungary,Europe
hun,1907,38.97,Hungary,Europe
hun,1908,39.21,Hungary,Europe
hun,1909,39.45,Hungary,Europe
hun,1910,39.7,Hungary,Europe
hun,1911,39.92,Hungary,Europe
hun,1912,40.15,Hungary,Europe
hun,1913,40.38,Hungary,Europe
hun,1914,40.61,Hungary,Europe
hun,1915,40.83,Hungary,Europe
hun,1916,41.06,Hungary,Europe
hun,1917,41.29,Hungary,Europe
hun,1918,30.06,Hungary,Europe
hun,1919,41.74,Hungary,Europe
hun,1920,41.97,Hungary,Europe
hun,1921,42.78,Hungary,Europe
hun,1922,43.6,Hungary,Europe
hun,1923,44.41,Hungary,Europe
hun,1924,45.22,Hungary,Europe
hun,1925,46.03,Hungary,Europe
hun,1926,46.85,Hungary,Europe
hun,1927,47.66,Hungary,Europe
hun,1928,48.47,Hungary,Europe
hun,1929,49.28,Hungary,Europe
hun,1930,50.09,Hungary,Europe
hun,1931,50.77,Hungary,Europe
hun,1932,51.44,Hungary,Europe
hun,1933,52.12,Hungary,Europe
hun,1934,52.79,Hungary,Europe
hun,1935,53.47,Hungary,Europe
hun,1936,54.14,Hungary,Europe
hun,1937,54.82,Hungary,Europe
hun,1938,55.49,Hungary,Europe
hun,1939,56.17,Hungary,Europe
hun,1940,56.84,Hungary,Europe
hun,1941,56.4,Hungary,Europe
hun,1942,50.85,Hungary,Europe
hun,1943,40.88,Hungary,Europe
hun,1944,25.92,Hungary,Europe
hun,1945,46.86,Hungary,Europe
hun,1946,54.83,Hungary,Europe
hun,1947,58.82,Hungary,Europe
hun,1948,60.51,Hungary,Europe
hun,1949,61.1,Hungary,Europe
hun,1950,61.87,Hungary,Europe
hun,1951,62.45,Hungary,Europe
hun,1952,64.02,Hungary,Europe
hun,1953,64.22,Hungary,Europe
hun,1954,65.47,Hungary,Europe
hun,1955,66.64,Hungary,Europe
hun,1956,65.71,Hungary,Europe
hun,1957,66.32,Hungary,Europe
hun,1958,67.29,Hungary,Europe
hun,1959,67.33,Hungary,Europe
hun,1960,68.14,Hungary,Europe
hun,1961,68.81,Hungary,Europe
hun,1962,68.16,Hungary,Europe
hun,1963,68.9,Hungary,Europe
hun,1964,69.46,Hungary,Europe
hun,1965,69.37,Hungary,Europe
hun,1966,69.86,Hungary,Europe
hun,1967,69.62,Hungary,Europe
hun,1968,69.43,Hungary,Europe
hun,1969,69.35,Hungary,Europe
hun,1970,69.21,Hungary,Europe
hun,1971,69.13,Hungary,Europe
hun,1972,69.67,Hungary,Europe
hun,1973,69.75,Hungary,Europe
hun,1974,69.45,Hungary,Europe
hun,1975,69.43,Hungary,Europe
hun,1976,69.62,Hungary,Europe
hun,1977,69.88,Hungary,Europe
hun,1978,69.49,Hungary,Europe
hun,1979,69.53,Hungary,Europe
hun,1980,69.11,Hungary,Europe
hun,1981,69.07,Hungary,Europe
hun,1982,69.35,Hungary,Europe
hun,1983,68.92,Hungary,Europe
hun,1984,68.94,Hungary,Europe
hun,1985,68.92,Hungary,Europe
hun,1986,69.15,Hungary,Europe
hun,1987,69.57,Hungary,Europe
hun,1988,69.98,Hungary,Europe
hun,1989,69.42,Hungary,Europe
hun,1990,69.47,Hungary,Europe
hun,1991,69.5,Hungary,Europe
hun,1992,69.13,Hungary,Europe
hun,1993,69.17,Hungary,Europe
hun,1994,69.56,Hungary,Europe
hun,1995,69.95,Hungary,Europe
hun,1996,70.76,Hungary,Europe
hun,1997,71.01,Hungary,Europe
hun,1998,70.95,Hungary,Europe
hun,1999,71.12,Hungary,Europe
hun,2000,71.9,Hungary,Europe
hun,2001,72.47,Hungary,Europe
hun,2002,72.63,Hungary,Europe
hun,2003,72.71,Hungary,Europe
hun,2004,73.07,Hungary,Europe
hun,2005,73.07,Hungary,Europe
hun,2006,73.51,Hungary,Europe
hun,2007,73.6,Hungary,Europe
hun,2008,74.17,Hungary,Europe
hun,2009,74.36,Hungary,Europe
hun,2010,74.77,Hungary,Europe
hun,2011,75.1,Hungary,Europe
hun,2012,75.39,Hungary,Europe
hun,2013,75.87,Hungary,Europe
hun,2014,75.99,Hungary,Europe
hun,2015,75.9,Hungary,Europe
hun,2016,76.33,Hungary,Europe
hun,2017,76.34,Hungary,Europe
hun,2018,76.32,Hungary,Europe
hun,2019,76.61,Hungary,Europe
hun,2020,75.81,Hungary,Europe
hun,2021,76.89,Hungary,Europe
hun,2022,77.02,Hungary,Europe
hun,2023,77.14,Hungary,Europe
hun,2024,77.26,Hungary,Europe
hun,2025,77.39,Hungary,Europe
hun,2026,77.53,Hungary,Europe
hun,2027,77.67,Hungary,Europe
hun,2028,77.81,Hungary,Europe
hun,2029,77.95,Hungary,Europe
hun,2030,78.09,Hungary,Europe
hun,2031,78.23,Hungary,Europe
hun,2032,78.37,Hungary,Europe
hun,2033,78.51,Hungary,Europe
hun,2034,78.65,Hungary,Europe
hun,2035,78.79,Hungary,Europe
hun,2036,78.93,Hungary,Europe
hun,2037,79.07,Hungary,Europe
hun,2038,79.21,Hungary,Europe
hun,2039,79.35,Hungary,Europe
hun,2040,79.49,Hungary,Europe
hun,2041,79.64,Hungary,Europe
hun,2042,79.78,Hungary,Europe
hun,2043,79.92,Hungary,Europe
hun,2044,80.06,Hungary,Europe
hun,2045,80.2,Hungary,Europe
hun,2046,80.34,Hungary,Europe
hun,2047,80.49,Hungary,Europe
hun,2048,80.63,Hungary,Europe
hun,2049,80.78,Hungary,Europe
hun,2050,80.92,Hungary,Europe
hun,2051,81.07,Hungary,Europe
hun,2052,81.21,Hungary,Europe
hun,2053,81.35,Hungary,Europe
hun,2054,81.5,Hungary,Europe
hun,2055,81.64,Hungary,Europe
hun,2056,81.78,Hungary,Europe
hun,2057,81.92,Hungary,Europe
hun,2058,82.06,Hungary,Europe
hun,2059,82.19,Hungary,Europe
hun,2060,82.32,Hungary,Europe
hun,2061,82.45,Hungary,Europe
hun,2062,82.58,Hungary,Europe
hun,2063,82.71,Hungary,Europe
hun,2064,82.84,Hungary,Europe
hun,2065,82.96,Hungary,Europe
hun,2066,83.08,Hungary,Europe
hun,2067,83.21,Hungary,Europe
hun,2068,83.33,Hungary,Europe
hun,2069,83.45,Hungary,Europe
hun,2070,83.57,Hungary,Europe
hun,2071,83.68,Hungary,Europe
hun,2072,83.8,Hungary,Europe
hun,2073,83.92,Hungary,Europe
hun,2074,84.03,Hungary,Europe
hun,2075,84.15,Hungary,Europe
hun,2076,84.26,Hungary,Europe
hun,2077,84.37,Hungary,Europe
hun,2078,84.49,Hungary,Europe
hun,2079,84.6,Hungary,Europe
hun,2080,84.71,Hungary,Europe
hun,2081,84.82,Hungary,Europe
hun,2082,84.93,Hungary,Europe
hun,2083,85.03,Hungary,Europe
hun,2084,85.14,Hungary,Europe
hun,2085,85.25,Hungary,Europe
hun,2086,85.36,Hungary,Europe
hun,2087,85.46,Hungary,Europe
hun,2088,85.57,Hungary,Europe
hun,2089,85.67,Hungary,Europe
hun,2090,85.78,Hungary,Europe
hun,2091,85.88,Hungary,Europe
hun,2092,85.99,Hungary,Europe
hun,2093,86.09,Hungary,Europe
hun,2094,86.19,Hungary,Europe
hun,2095,86.3,Hungary,Europe
hun,2096,86.4,Hungary,Europe
hun,2097,86.5,Hungary,Europe
hun,2098,86.6,Hungary,Europe
hun,2099,86.7,Hungary,Europe
hun,2100,86.81,Hungary,Europe
isl,1800,42.85,Iceland,Europe
isl,1801,33.88,Iceland,Europe
isl,1802,27.62,Iceland,Europe
isl,1803,19.6,Iceland,Europe
isl,1804,24.76,Iceland,Europe
isl,1805,30.85,Iceland,Europe
isl,1806,45.82,Iceland,Europe
isl,1807,43.56,Iceland,Europe
isl,1808,43.55,Iceland,Europe
isl,1809,40.42,Iceland,Europe
isl,1810,43.14,Iceland,Europe
isl,1811,38.56,Iceland,Europe
isl,1812,33.73,Iceland,Europe
isl,1813,33.3,Iceland,Europe
isl,1814,37.17,Iceland,Europe
isl,1815,45.15,Iceland,Europe
isl,1816,31.12,Iceland,Europe
isl,1817,45.65,Iceland,Europe
isl,1818,43.48,Iceland,Europe
isl,1819,36.82,Iceland,Europe
isl,1820,36.56,Iceland,Europe
isl,1821,31.01,Iceland,Europe
isl,1822,48.39,Iceland,Europe
isl,1823,45.89,Iceland,Europe
isl,1824,41.6,Iceland,Europe
isl,1825,32.79,Iceland,Europe
isl,1826,25.63,Iceland,Europe
isl,1827,24.92,Iceland,Europe
isl,1828,29.6,Iceland,Europe
isl,1829,34.9,Iceland,Europe
isl,1830,40.5,Iceland,Europe
isl,1831,40.47,Iceland,Europe
isl,1832,39.07,Iceland,Europe
isl,1833,35.94,Iceland,Europe
isl,1834,24.01,Iceland,Europe
isl,1835,36.63,Iceland,Europe
isl,1836,30.86,Iceland,Europe
isl,1837,32.81,Iceland,Europe
isl,1838,32.4,Iceland,Europe
isl,1839,27.95,Iceland,Europe
isl,1840,31.97,Iceland,Europe
isl,1841,40.22,Iceland,Europe
isl,1842,40.13,Iceland,Europe
isl,1843,25.39,Iceland,Europe
isl,1844,42.9,Iceland,Europe
isl,1845,41.35,Iceland,Europe
isl,1846,18.31,Iceland,Europe
isl,1847,32.94,Iceland,Europe
isl,1848,41.39,Iceland,Europe
isl,1849,37.14,Iceland,Europe
isl,1850,36.61,Iceland,Europe
isl,1851,30.01,Iceland,Europe
isl,1852,42.1,Iceland,Europe
isl,1853,48.6,Iceland,Europe
isl,1854,43.14,Iceland,Europe
isl,1855,38.15,Iceland,Europe
isl,1856,42.34,Iceland,Europe
isl,1857,39.49,Iceland,Europe
isl,1858,34.84,Iceland,Europe
isl,1859,29.67,Iceland,Europe
isl,1860,19.76,Iceland,Europe
isl,1861,27.09,Iceland,Europe
isl,1862,26.96,Iceland,Europe
isl,1863,35.11,Iceland,Europe
isl,1864,34.81,Iceland,Europe
isl,1865,34.21,Iceland,Europe
isl,1866,27.2,Iceland,Europe
isl,1867,37.54,Iceland,Europe
isl,1868,34.64,Iceland,Europe
isl,1869,28.03,Iceland,Europe
isl,1870,38.37,Iceland,Europe
isl,1871,35.02,Iceland,Europe
isl,1872,25.15,Iceland,Europe
isl,1873,36.62,Iceland,Europe
isl,1874,39.63,Iceland,Europe
isl,1875,36.56,Iceland,Europe
isl,1876,40.27,Iceland,Europe
isl,1877,44.67,Iceland,Europe
isl,1878,41.64,Iceland,Europe
isl,1879,39.55,Iceland,Europe
isl,1880,42.36,Iceland,Europe
isl,1881,35.85,Iceland,Europe
isl,1882,17.76,Iceland,Europe
isl,1883,30.3,Iceland,Europe
isl,1884,42.24,Iceland,Europe
isl,1885,45.52,Iceland,Europe
isl,1886,45.03,Iceland,Europe
isl,1887,40.66,Iceland,Europe
isl,1888,46.87,Iceland,Europe
isl,1889,52.56,Iceland,Europe
isl,1890,36.64,Iceland,Europe
isl,1891,47.58,Iceland,Europe
isl,1892,52.83,Iceland,Europe
isl,1893,52.69,Iceland,Europe
isl,1894,44.88,Iceland,Europe
isl,1895,52.63,Iceland,Europe
isl,1896,53.34,Iceland,Europe
isl,1897,48.63,Iceland,Europe
isl,1898,44.31,Iceland,Europe
isl,1899,49.92,Iceland,Europe
isl,1900,46.76,Iceland,Europe
isl,1901,53.12,Iceland,Europe
isl,1902,50.66,Iceland,Europe
isl,1903,48.98,Iceland,Europe
isl,1904,52.82,Iceland,Europe
isl,1905,49.66,Iceland,Europe
isl,1906,53.75,Iceland,Europe
isl,1907,49.9,Iceland,Europe
isl,1908,45.94,Iceland,Europe
isl,1909,52.54,Iceland,Europe
isl,1910,52.85,Iceland,Europe
isl,1911,55.67,Iceland,Europe
isl,1912,56.2,Iceland,Europe
isl,1913,59.17,Iceland,Europe
isl,1914,52.12,Iceland,Europe
isl,1915,53.87,Iceland,Europe
isl,1916,54.75,Iceland,Europe
isl,1917,59.26,Iceland,Europe
isl,1918,51.28,Iceland,Europe
isl,1919,58.74,Iceland,Europe
isl,1920,54.82,Iceland,Europe
isl,1921,54.45,Iceland,Europe
isl,1922,57.21,Iceland,Europe
isl,1923,57.94,Iceland,Europe
isl,1924,54.25,Iceland,Europe
isl,1925,58.51,Iceland,Europe
isl,1926,61.09,Iceland,Europe
isl,1927,58.41,Iceland,Europe
isl,1928,62.12,Iceland,Europe
isl,1929,60.86,Iceland,Europe
isl,1930,60.54,Iceland,Europe
isl,1931,61.15,Iceland,Europe
isl,1932,62.49,Iceland,Europe
isl,1933,63.37,Iceland,Europe
isl,1934,63.72,Iceland,Europe
isl,1935,59.83,Iceland,Europe
isl,1936,63.11,Iceland,Europe
isl,1937,63.89,Iceland,Europe
isl,1938,65.47,Iceland,Europe
isl,1939,66.39,Iceland,Europe
isl,1940,66.19,Iceland,Europe
isl,1941,63.57,Iceland,Europe
isl,1942,64.52,Iceland,Europe
isl,1943,65.63,Iceland,Europe
isl,1944,67.23,Iceland,Europe
isl,1945,67.97,Iceland,Europe
isl,1946,69.01,Iceland,Europe
isl,1947,69.85,Iceland,Europe
isl,1948,70.65,Iceland,Europe
isl,1949,71.93,Iceland,Europe
isl,1950,71.5,Iceland,Europe
isl,1951,71.77,Iceland,Europe
isl,1952,72.03,Iceland,Europe
isl,1953,72.19,Iceland,Europe
isl,1954,72.53,Iceland,Europe
isl,1955,72.71,Iceland,Europe
isl,1956,72.85,Iceland,Europe
isl,1957,72.99,Iceland,Europe
isl,1958,73.11,Iceland,Europe
isl,1959,73.2,Iceland,Europe
isl,1960,73.38,Iceland,Europe
isl,1961,73.4,Iceland,Europe
isl,1962,73.55,Iceland,Europe
isl,1963,73.61,Iceland,Europe
isl,1964,73.65,Iceland,Europe
isl,1965,73.72,Iceland,Europe
isl,1966,73.76,Iceland,Europe
isl,1967,73.84,Iceland,Europe
isl,1968,73.91,Iceland,Europe
isl,1969,73.95,Iceland,Europe
isl,1970,73.93,Iceland,Europe
isl,1971,74.17,Iceland,Europe
isl,1972,74.54,Iceland,Europe
isl,1973,74.81,Iceland,Europe
isl,1974,75.09,Iceland,Europe
isl,1975,75.67,Iceland,Europe
isl,1976,75.92,Iceland,Europe
isl,1977,76.06,Iceland,Europe
isl,1978,76.23,Iceland,Europe
isl,1979,76.29,Iceland,Europe
isl,1980,76.49,Iceland,Europe
isl,1981,76.66,Iceland,Europe
isl,1982,76.97,Iceland,Europe
isl,1983,77.11,Iceland,Europe
isl,1984,77.32,Iceland,Europe
isl,1985,77.26,Iceland,Europe
isl,1986,77.27,Iceland,Europe
isl,1987,77.65,Iceland,Europe
isl,1988,77.71,Iceland,Europe
isl,1989,77.93,Iceland,Europe
isl,1990,78.11,Iceland,Europe
isl,1991,78.24,Iceland,Europe
isl,1992,78.45,Iceland,Europe
isl,1993,78.63,Iceland,Europe
isl,1994,78.73,Iceland,Europe
isl,1995,78.38,Iceland,Europe
isl,1996,78.97,Iceland,Europe
isl,1997,79.24,Iceland,Europe
isl,1998,79.54,Iceland,Europe
isl,1999,79.92,Iceland,Europe
isl,2000,80.35,Iceland,Europe
isl,2001,80.6,Iceland,Europe
isl,2002,80.82,Iceland,Europe
isl,2003,81.15,Iceland,Europe
isl,2004,81.42,Iceland,Europe
isl,2005,81.61,Iceland,Europe
isl,2006,81.73,Iceland,Europe
isl,2007,81.94,Iceland,Europe
isl,2008,82.22,Iceland,Europe
isl,2009,82.42,Iceland,Europe
isl,2010,82.64,Iceland,Europe
isl,2011,82.83,Iceland,Europe
isl,2012,82.94,Iceland,Europe
isl,2013,83.18,Iceland,Europe
isl,2014,83.67,Iceland,Europe
isl,2015,83.73,Iceland,Europe
isl,2016,83.83,Iceland,Europe
isl,2017,83.9,Iceland,Europe
isl,2018,84.02,Iceland,Europe
isl,2019,84.08,Iceland,Europe
isl,2020,83.98,Iceland,Europe
isl,2021,84.38,Iceland,Europe
isl,2022,84.53,Iceland,Europe
isl,2023,84.68,Iceland,Europe
isl,2024,84.84,Iceland,Europe
isl,2025,84.98,Iceland,Europe
isl,2026,85.13,Iceland,Europe
isl,2027,85.27,Iceland,Europe
isl,2028,85.41,Iceland,Europe
isl,2029,85.54,Iceland,Europe
isl,2030,85.67,Iceland,Europe
isl,2031,85.8,Iceland,Europe
isl,2032,85.92,Iceland,Europe
isl,2033,86.04,Iceland,Europe
isl,2034,86.17,Iceland,Europe
isl,2035,86.29,Iceland,Europe
isl,2036,86.41,Iceland,Europe
isl,2037,86.52,Iceland,Europe
isl,2038,86.64,Iceland,Europe
isl,2039,86.75,Iceland,Europe
isl,2040,86.87,Iceland,Europe
isl,2041,86.98,Iceland,Europe
isl,2042,87.09,Iceland,Europe
isl,2043,87.21,Iceland,Europe
isl,2044,87.32,Iceland,Europe
isl,2045,87.43,Iceland,Europe
isl,2046,87.54,Iceland,Europe
isl,2047,87.65,Iceland,Europe
isl,2048,87.76,Iceland,Europe
isl,2049,87.87,Iceland,Europe
isl,2050,87.98,Iceland,Europe
isl,2051,88.09,Iceland,Europe
isl,2052,88.2,Iceland,Europe
isl,2053,88.31,Iceland,Europe
isl,2054,88.42,Iceland,Europe
isl,2055,88.53,Iceland,Europe
isl,2056,88.64,Iceland,Europe
isl,2057,88.75,Iceland,Europe
isl,2058,88.86,Iceland,Europe
isl,2059,88.97,Iceland,Europe
isl,2060,89.08,Iceland,Europe
isl,2061,89.19,Iceland,Europe
isl,2062,89.3,Iceland,Europe
isl,2063,89.4,Iceland,Europe
isl,2064,89.51,Iceland,Europe
isl,2065,89.62,Iceland,Europe
isl,2066,89.72,Iceland,Europe
isl,2067,89.83,Iceland,Europe
isl,2068,89.94,Iceland,Europe
isl,2069,90.05,Iceland,Europe
isl,2070,90.15,Iceland,Europe
isl,2071,90.26,Iceland,Europe
isl,2072,90.37,Iceland,Europe
isl,2073,90.47,Iceland,Europe
isl,2074,90.58,Iceland,Europe
isl,2075,90.69,Iceland,Europe
isl,2076,90.79,Iceland,Europe
isl,2077,90.9,Iceland,Europe
isl,2078,91,Iceland,Europe
isl,2079,91.11,Iceland,Europe
isl,2080,91.22,Iceland,Europe
isl,2081,91.32,Iceland,Europe
isl,2082,91.43,Iceland,Europe
isl,2083,91.54,Iceland,Europe
isl,2084,91.65,Iceland,Europe
isl,2085,91.76,Iceland,Europe
isl,2086,91.86,Iceland,Europe
isl,2087,91.97,Iceland,Europe
isl,2088,92.08,Iceland,Europe
isl,2089,92.18,Iceland,Europe
isl,2090,92.29,Iceland,Europe
isl,2091,92.4,Iceland,Europe
isl,2092,92.5,Iceland,Europe
isl,2093,92.61,Iceland,Europe
isl,2094,92.71,Iceland,Europe
isl,2095,92.82,Iceland,Europe
isl,2096,92.93,Iceland,Europe
isl,2097,93.04,Iceland,Europe
isl,2098,93.15,Iceland,Europe
isl,2099,93.26,Iceland,Europe
isl,2100,93.37,Iceland,Europe
ind,1800,25.44,India,Asia
ind,1801,25.44,India,Asia
ind,1802,25,India,Asia
ind,1803,24,India,Asia
ind,1804,23.5,India,Asia
ind,1805,25.44,India,Asia
ind,1806,25.44,India,Asia
ind,1807,25.44,India,Asia
ind,1808,25.44,India,Asia
ind,1809,25.44,India,Asia
ind,1810,25.44,India,Asia
ind,1811,25.44,India,Asia
ind,1812,23,India,Asia
ind,1813,25.44,India,Asia
ind,1814,25.44,India,Asia
ind,1815,25.44,India,Asia
ind,1816,25.44,India,Asia
ind,1817,25.44,India,Asia
ind,1818,25.44,India,Asia
ind,1819,25.44,India,Asia
ind,1820,25.44,India,Asia
ind,1821,25.44,India,Asia
ind,1822,25.44,India,Asia
ind,1823,25.44,India,Asia
ind,1824,25.44,India,Asia
ind,1825,25.44,India,Asia
ind,1826,25.44,India,Asia
ind,1827,25.44,India,Asia
ind,1828,25.44,India,Asia
ind,1829,25.44,India,Asia
ind,1830,25.44,India,Asia
ind,1831,25.44,India,Asia
ind,1832,23,India,Asia
ind,1833,22,India,Asia
ind,1834,25.44,India,Asia
ind,1835,25.44,India,Asia
ind,1836,25.44,India,Asia
ind,1837,24.3,India,Asia
ind,1838,23.9,India,Asia
ind,1839,25.44,India,Asia
ind,1840,25.44,India,Asia
ind,1841,25.44,India,Asia
ind,1842,25.44,India,Asia
ind,1843,25.44,India,Asia
ind,1844,25.44,India,Asia
ind,1845,25.44,India,Asia
ind,1846,25.44,India,Asia
ind,1847,25.44,India,Asia
ind,1848,25.44,India,Asia
ind,1849,25.44,India,Asia
ind,1850,25.44,India,Asia
ind,1851,25.44,India,Asia
ind,1852,25.44,India,Asia
ind,1853,25.44,India,Asia
ind,1854,25.44,India,Asia
ind,1855,25.44,India,Asia
ind,1856,25.44,India,Asia
ind,1857,25.44,India,Asia
ind,1858,25.44,India,Asia
ind,1859,25.44,India,Asia
ind,1860,23,India,Asia
ind,1861,22,India,Asia
ind,1862,25.44,India,Asia
ind,1863,25.44,India,Asia
ind,1864,25.25,India,Asia
ind,1865,25.25,India,Asia
ind,1866,21.04,India,Asia
ind,1867,25.25,India,Asia
ind,1868,25.25,India,Asia
ind,1869,21.3,India,Asia
ind,1870,25.44,India,Asia
ind,1871,25.52,India,Asia
ind,1872,25.6,India,Asia
ind,1873,25.68,India,Asia
ind,1874,25.76,India,Asia
ind,1875,25.5,India,Asia
ind,1876,20.37,India,Asia
ind,1877,19.41,India,Asia
ind,1878,20.49,India,Asia
ind,1879,26.15,India,Asia
ind,1880,26.23,India,Asia
ind,1881,26.31,India,Asia
ind,1882,26.26,India,Asia
ind,1883,26.22,India,Asia
ind,1884,26.17,India,Asia
ind,1885,26.13,India,Asia
ind,1886,26.08,India,Asia
ind,1887,26.03,India,Asia
ind,1888,25.77,India,Asia
ind,1889,25.72,India,Asia
ind,1890,25.89,India,Asia
ind,1891,24.52,India,Asia
ind,1892,24.19,India,Asia
ind,1893,25.82,India,Asia
ind,1894,25.81,India,Asia
ind,1895,25.8,India,Asia
ind,1896,24.57,India,Asia
ind,1897,21.5,India,Asia
ind,1898,27.97,India,Asia
ind,1899,25.44,India,Asia
ind,1900,20.05,India,Asia
ind,1901,25.25,India,Asia
ind,1902,25.93,India,Asia
ind,1903,25.8,India,Asia
ind,1904,24.31,India,Asia
ind,1905,24.26,India,Asia
ind,1906,24.32,India,Asia
ind,1907,21.43,India,Asia
ind,1908,25.97,India,Asia
ind,1909,26.01,India,Asia
ind,1910,26.04,India,Asia
ind,1911,26.07,India,Asia
ind,1912,26.36,India,Asia
ind,1913,26.65,India,Asia
ind,1914,26.94,India,Asia
ind,1915,27.23,India,Asia
ind,1916,27.53,India,Asia
ind,1917,27.82,India,Asia
ind,1918,9.31,India,Asia
ind,1919,28.29,India,Asia
ind,1920,28.53,India,Asia
ind,1921,28.77,India,Asia
ind,1922,29.36,India,Asia
ind,1923,29.96,India,Asia
ind,1924,30.56,India,Asia
ind,1925,31.16,India,Asia
ind,1926,31.76,India,Asia
ind,1927,32.37,India,Asia
ind,1928,32.98,India,Asia
ind,1929,33.6,India,Asia
ind,1930,34.21,India,Asia
ind,1931,34.83,India,Asia
ind,1932,35.31,India,Asia
ind,1933,35.79,India,Asia
ind,1934,36.28,India,Asia
ind,1935,36.77,India,Asia
ind,1936,37.25,India,Asia
ind,1937,37.75,India,Asia
ind,1938,38.24,India,Asia
ind,1939,38.73,India,Asia
ind,1940,39.23,India,Asia
ind,1941,39.73,India,Asia
ind,1942,40.13,India,Asia
ind,1943,39.33,India,Asia
ind,1944,40.04,India,Asia
ind,1945,41.36,India,Asia
ind,1946,41.77,India,Asia
ind,1947,40.07,India,Asia
ind,1948,42.29,India,Asia
ind,1949,43.01,India,Asia
ind,1950,43.42,India,Asia
ind,1951,44.03,India,Asia
ind,1952,44.48,India,Asia
ind,1953,44.8,India,Asia
ind,1954,45.41,India,Asia
ind,1955,45.84,India,Asia
ind,1956,46.03,India,Asia
ind,1957,45.92,India,Asia
ind,1958,45.82,India,Asia
ind,1959,46.08,India,Asia
ind,1960,45.75,India,Asia
ind,1961,45.95,India,Asia
ind,1962,46.39,India,Asia
ind,1963,46.68,India,Asia
ind,1964,47.09,India,Asia
ind,1965,45.71,India,Asia
ind,1966,46.04,India,Asia
ind,1967,46.37,India,Asia
ind,1968,48.29,India,Asia
ind,1969,48.73,India,Asia
ind,1970,49.33,India,Asia
ind,1971,49.68,India,Asia
ind,1972,50.13,India,Asia
ind,1973,50.88,India,Asia
ind,1974,51.51,India,Asia
ind,1975,51.59,India,Asia
ind,1976,52.15,India,Asia
ind,1977,52.75,India,Asia
ind,1978,53.59,India,Asia
ind,1979,54.69,India,Asia
ind,1980,55.17,India,Asia
ind,1981,55.53,India,Asia
ind,1982,56.28,India,Asia
ind,1983,56.65,India,Asia
ind,1984,56.87,India,Asia
ind,1985,57.3,India,Asia
ind,1986,57.82,India,Asia
ind,1987,58.31,India,Asia
ind,1988,58.6,India,Asia
ind,1989,59.1,India,Asia
ind,1990,59.58,India,Asia
ind,1991,59.77,India,Asia
ind,1992,60,India,Asia
ind,1993,60.59,India,Asia
ind,1994,61.21,India,Asia
ind,1995,61.74,India,Asia
ind,1996,62.05,India,Asia
ind,1997,61.89,India,Asia
ind,1998,62.11,India,Asia
ind,1999,62.56,India,Asia
ind,2000,62.94,India,Asia
ind,2001,63.27,India,Asia
ind,2002,63.79,India,Asia
ind,2003,64.47,India,Asia
ind,2004,65.2,India,Asia
ind,2005,65.39,India,Asia
ind,2006,65.59,India,Asia
ind,2007,65.84,India,Asia
ind,2008,66.08,India,Asia
ind,2009,66.81,India,Asia
ind,2010,67.28,India,Asia
ind,2011,67.56,India,Asia
ind,2012,68.01,India,Asia
ind,2013,68.36,India,Asia
ind,2014,69,India,Asia
ind,2015,69.36,India,Asia
ind,2016,69.96,India,Asia
ind,2017,70.34,India,Asia
ind,2018,70.46,India,Asia
ind,2019,70.77,India,Asia
ind,2020,70.78,India,Asia
ind,2021,71.23,India,Asia
ind,2022,71.45,India,Asia
ind,2023,71.66,India,Asia
ind,2024,71.87,India,Asia
ind,2025,72.08,India,Asia
ind,2026,72.28,India,Asia
ind,2027,72.48,India,Asia
ind,2028,72.67,India,Asia
ind,2029,72.86,India,Asia
ind,2030,73.04,India,Asia
ind,2031,73.22,India,Asia
ind,2032,73.39,India,Asia
ind,2033,73.56,India,Asia
ind,2034,73.73,India,Asia
ind,2035,73.89,India,Asia
ind,2036,74.05,India,Asia
ind,2037,74.21,India,Asia
ind,2038,74.37,India,Asia
ind,2039,74.53,India,Asia
ind,2040,74.68,India,Asia
ind,2041,74.84,India,Asia
ind,2042,74.99,India,Asia
ind,2043,75.14,India,Asia
ind,2044,75.29,India,Asia
ind,2045,75.44,India,Asia
ind,2046,75.59,India,Asia
ind,2047,75.74,India,Asia
ind,2048,75.89,India,Asia
ind,2049,76.03,India,Asia
ind,2050,76.18,India,Asia
ind,2051,76.32,India,Asia
ind,2052,76.47,India,Asia
ind,2053,76.61,India,Asia
ind,2054,76.76,India,Asia
ind,2055,76.9,India,Asia
ind,2056,77.05,India,Asia
ind,2057,77.19,India,Asia
ind,2058,77.33,India,Asia
ind,2059,77.48,India,Asia
ind,2060,77.62,India,Asia
ind,2061,77.76,India,Asia
ind,2062,77.9,India,Asia
ind,2063,78.04,India,Asia
ind,2064,78.18,India,Asia
ind,2065,78.33,India,Asia
ind,2066,78.47,India,Asia
ind,2067,78.61,India,Asia
ind,2068,78.76,India,Asia
ind,2069,78.9,India,Asia
ind,2070,79.04,India,Asia
ind,2071,79.19,India,Asia
ind,2072,79.33,India,Asia
ind,2073,79.47,India,Asia
ind,2074,79.62,India,Asia
ind,2075,79.76,India,Asia
ind,2076,79.91,India,Asia
ind,2077,80.05,India,Asia
ind,2078,80.19,India,Asia
ind,2079,80.34,India,Asia
ind,2080,80.48,India,Asia
ind,2081,80.63,India,Asia
ind,2082,80.77,India,Asia
ind,2083,80.92,India,Asia
ind,2084,81.06,India,Asia
ind,2085,81.2,India,Asia
ind,2086,81.35,India,Asia
ind,2087,81.49,India,Asia
ind,2088,81.63,India,Asia
ind,2089,81.78,India,Asia
ind,2090,81.92,India,Asia
ind,2091,82.06,India,Asia
ind,2092,82.2,India,Asia
ind,2093,82.34,India,Asia
ind,2094,82.48,India,Asia
ind,2095,82.62,India,Asia
ind,2096,82.77,India,Asia
ind,2097,82.91,India,Asia
ind,2098,83.05,India,Asia
ind,2099,83.2,India,Asia
ind,2100,83.34,India,Asia
idn,1800,30,Indonesia,Asia
idn,1801,30,Indonesia,Asia
idn,1802,30,Indonesia,Asia
idn,1803,30,Indonesia,Asia
idn,1804,30,Indonesia,Asia
idn,1805,30,Indonesia,Asia
idn,1806,30,Indonesia,Asia
idn,1807,30,Indonesia,Asia
idn,1808,30,Indonesia,Asia
idn,1809,30,Indonesia,Asia
idn,1810,30,Indonesia,Asia
idn,1811,30,Indonesia,Asia
idn,1812,30,Indonesia,Asia
idn,1813,30,Indonesia,Asia
idn,1814,30,Indonesia,Asia
idn,1815,30,Indonesia,Asia
idn,1816,30,Indonesia,Asia
idn,1817,30,Indonesia,Asia
idn,1818,30,Indonesia,Asia
idn,1819,30,Indonesia,Asia
idn,1820,30,Indonesia,Asia
idn,1821,30,Indonesia,Asia
idn,1822,30,Indonesia,Asia
idn,1823,30,Indonesia,Asia
idn,1824,30,Indonesia,Asia
idn,1825,30,Indonesia,Asia
idn,1826,30,Indonesia,Asia
idn,1827,30,Indonesia,Asia
idn,1828,30,Indonesia,Asia
idn,1829,30,Indonesia,Asia
idn,1830,30,Indonesia,Asia
idn,1831,30,Indonesia,Asia
idn,1832,30,Indonesia,Asia
idn,1833,30,Indonesia,Asia
idn,1834,30,Indonesia,Asia
idn,1835,30,Indonesia,Asia
idn,1836,30,Indonesia,Asia
idn,1837,30,Indonesia,Asia
idn,1838,30,Indonesia,Asia
idn,1839,30,Indonesia,Asia
idn,1840,30,Indonesia,Asia
idn,1841,30,Indonesia,Asia
idn,1842,30,Indonesia,Asia
idn,1843,30,Indonesia,Asia
idn,1844,30,Indonesia,Asia
idn,1845,30,Indonesia,Asia
idn,1846,30,Indonesia,Asia
idn,1847,30,Indonesia,Asia
idn,1848,30,Indonesia,Asia
idn,1849,30,Indonesia,Asia
idn,1850,30,Indonesia,Asia
idn,1851,30,Indonesia,Asia
idn,1852,30,Indonesia,Asia
idn,1853,30,Indonesia,Asia
idn,1854,30,Indonesia,Asia
idn,1855,30,Indonesia,Asia
idn,1856,30,Indonesia,Asia
idn,1857,30,Indonesia,Asia
idn,1858,30,Indonesia,Asia
idn,1859,30,Indonesia,Asia
idn,1860,30,Indonesia,Asia
idn,1861,30,Indonesia,Asia
idn,1862,30,Indonesia,Asia
idn,1863,30,Indonesia,Asia
idn,1864,30,Indonesia,Asia
idn,1865,30,Indonesia,Asia
idn,1866,30,Indonesia,Asia
idn,1867,30,Indonesia,Asia
idn,1868,30,Indonesia,Asia
idn,1869,30,Indonesia,Asia
idn,1870,30,Indonesia,Asia
idn,1871,30,Indonesia,Asia
idn,1872,30,Indonesia,Asia
idn,1873,30,Indonesia,Asia
idn,1874,30,Indonesia,Asia
idn,1875,30,Indonesia,Asia
idn,1876,30,Indonesia,Asia
idn,1877,30,Indonesia,Asia
idn,1878,30,Indonesia,Asia
idn,1879,30,Indonesia,Asia
idn,1880,30,Indonesia,Asia
idn,1881,30,Indonesia,Asia
idn,1882,30,Indonesia,Asia
idn,1883,30,Indonesia,Asia
idn,1884,30,Indonesia,Asia
idn,1885,30,Indonesia,Asia
idn,1886,30,Indonesia,Asia
idn,1887,30,Indonesia,Asia
idn,1888,30,Indonesia,Asia
idn,1889,30,Indonesia,Asia
idn,1890,30,Indonesia,Asia
idn,1891,30,Indonesia,Asia
idn,1892,30,Indonesia,Asia
idn,1893,30,Indonesia,Asia
idn,1894,30,Indonesia,Asia
idn,1895,30,Indonesia,Asia
idn,1896,30,Indonesia,Asia
idn,1897,30,Indonesia,Asia
idn,1898,30,Indonesia,Asia
idn,1899,30,Indonesia,Asia
idn,1900,30,Indonesia,Asia
idn,1901,30,Indonesia,Asia
idn,1902,30,Indonesia,Asia
idn,1903,30,Indonesia,Asia
idn,1904,30,Indonesia,Asia
idn,1905,30,Indonesia,Asia
idn,1906,30,Indonesia,Asia
idn,1907,30,Indonesia,Asia
idn,1908,30,Indonesia,Asia
idn,1909,30,Indonesia,Asia
idn,1910,30,Indonesia,Asia
idn,1911,30,Indonesia,Asia
idn,1912,30,Indonesia,Asia
idn,1913,30,Indonesia,Asia
idn,1914,30,Indonesia,Asia
idn,1915,30,Indonesia,Asia
idn,1916,30,Indonesia,Asia
idn,1917,30,Indonesia,Asia
idn,1918,14.03,Indonesia,Asia
idn,1919,30,Indonesia,Asia
idn,1920,30,Indonesia,Asia
idn,1921,30,Indonesia,Asia
idn,1922,30,Indonesia,Asia
idn,1923,30,Indonesia,Asia
idn,1924,30,Indonesia,Asia
idn,1925,30,Indonesia,Asia
idn,1926,30,Indonesia,Asia
idn,1927,30,Indonesia,Asia
idn,1928,30.5,Indonesia,Asia
idn,1929,31,Indonesia,Asia
idn,1930,31.5,Indonesia,Asia
idn,1931,32,Indonesia,Asia
idn,1932,32.5,Indonesia,Asia
idn,1933,33,Indonesia,Asia
idn,1934,33.5,Indonesia,Asia
idn,1935,34,Indonesia,Asia
idn,1936,34.5,Indonesia,Asia
idn,1937,35,Indonesia,Asia
idn,1938,35.38,Indonesia,Asia
idn,1939,35.75,Indonesia,Asia
idn,1940,36.13,Indonesia,Asia
idn,1941,36.5,Indonesia,Asia
idn,1942,29,Indonesia,Asia
idn,1943,28,Indonesia,Asia
idn,1944,27,Indonesia,Asia
idn,1945,26,Indonesia,Asia
idn,1946,30.5,Indonesia,Asia
idn,1947,31,Indonesia,Asia
idn,1948,31.5,Indonesia,Asia
idn,1949,32,Indonesia,Asia
idn,1950,36.4,Indonesia,Asia
idn,1951,36.87,Indonesia,Asia
idn,1952,37.8,Indonesia,Asia
idn,1953,38.72,Indonesia,Asia
idn,1954,39.63,Indonesia,Asia
idn,1955,40.52,Indonesia,Asia
idn,1956,41.4,Indonesia,Asia
idn,1957,42.27,Indonesia,Asia
idn,1958,43.13,Indonesia,Asia
idn,1959,43.97,Indonesia,Asia
idn,1960,44.8,Indonesia,Asia
idn,1961,45.61,Indonesia,Asia
idn,1962,46.42,Indonesia,Asia
idn,1963,47.21,Indonesia,Asia
idn,1964,47.99,Indonesia,Asia
idn,1965,43.5,Indonesia,Asia
idn,1966,43.9,Indonesia,Asia
idn,1967,50.25,Indonesia,Asia
idn,1968,51.43,Indonesia,Asia
idn,1969,52.56,Indonesia,Asia
idn,1970,53.67,Indonesia,Asia
idn,1971,54.62,Indonesia,Asia
idn,1972,55.18,Indonesia,Asia
idn,1973,55.8,Indonesia,Asia
idn,1974,56.46,Indonesia,Asia
idn,1975,56.92,Indonesia,Asia
idn,1976,57.31,Indonesia,Asia
idn,1977,57.92,Indonesia,Asia
idn,1978,58.47,Indonesia,Asia
idn,1979,59.06,Indonesia,Asia
idn,1980,59.71,Indonesia,Asia
idn,1981,60.27,Indonesia,Asia
idn,1982,60.86,Indonesia,Asia
idn,1983,61.34,Indonesia,Asia
idn,1984,61.71,Indonesia,Asia
idn,1985,62.11,Indonesia,Asia
idn,1986,62.51,Indonesia,Asia
idn,1987,62.82,Indonesia,Asia
idn,1988,63.21,Indonesia,Asia
idn,1989,63.66,Indonesia,Asia
idn,1990,64.05,Indonesia,Asia
idn,1991,64.5,Indonesia,Asia
idn,1992,64.9,Indonesia,Asia
idn,1993,65.3,Indonesia,Asia
idn,1994,65.68,Indonesia,Asia
idn,1995,66.04,Indonesia,Asia
idn,1996,66.39,Indonesia,Asia
idn,1997,66.65,Indonesia,Asia
idn,1998,66.81,Indonesia,Asia
idn,1999,66.99,Indonesia,Asia
idn,2000,67.24,Indonesia,Asia
idn,2001,67.45,Indonesia,Asia
idn,2002,67.65,Indonesia,Asia
idn,2003,67.84,Indonesia,Asia
idn,2004,66.25,Indonesia,Asia
idn,2005,68.26,Indonesia,Asia
idn,2006,68.39,Indonesia,Asia
idn,2007,68.67,Indonesia,Asia
idn,2008,68.89,Indonesia,Asia
idn,2009,69.09,Indonesia,Asia
idn,2010,69.34,Indonesia,Asia
idn,2011,69.6,Indonesia,Asia
idn,2012,69.83,Indonesia,Asia
idn,2013,70.03,Indonesia,Asia
idn,2014,70.24,Indonesia,Asia
idn,2015,70.44,Indonesia,Asia
idn,2016,70.7,Indonesia,Asia
idn,2017,70.89,Indonesia,Asia
idn,2018,71.1,Indonesia,Asia
idn,2019,71.39,Indonesia,Asia
idn,2020,71.39,Indonesia,Asia
idn,2021,71.76,Indonesia,Asia
idn,2022,71.93,Indonesia,Asia
idn,2023,72.1,Indonesia,Asia
idn,2024,72.26,Indonesia,Asia
idn,2025,72.43,Indonesia,Asia
idn,2026,72.61,Indonesia,Asia
idn,2027,72.78,Indonesia,Asia
idn,2028,72.95,Indonesia,Asia
idn,2029,73.12,Indonesia,Asia
idn,2030,73.29,Indonesia,Asia
idn,2031,73.45,Indonesia,Asia
idn,2032,73.62,Indonesia,Asia
idn,2033,73.78,Indonesia,Asia
idn,2034,73.94,Indonesia,Asia
idn,2035,74.1,Indonesia,Asia
idn,2036,74.26,Indonesia,Asia
idn,2037,74.42,Indonesia,Asia
idn,2038,74.58,Indonesia,Asia
idn,2039,74.74,Indonesia,Asia
idn,2040,74.9,Indonesia,Asia
idn,2041,75.05,Indonesia,Asia
idn,2042,75.21,Indonesia,Asia
idn,2043,75.37,Indonesia,Asia
idn,2044,75.52,Indonesia,Asia
idn,2045,75.67,Indonesia,Asia
idn,2046,75.82,Indonesia,Asia
idn,2047,75.97,Indonesia,Asia
idn,2048,76.12,Indonesia,Asia
idn,2049,76.27,Indonesia,Asia
idn,2050,76.42,Indonesia,Asia
idn,2051,76.57,Indonesia,Asia
idn,2052,76.72,Indonesia,Asia
idn,2053,76.87,Indonesia,Asia
idn,2054,77.02,Indonesia,Asia
idn,2055,77.17,Indonesia,Asia
idn,2056,77.32,Indonesia,Asia
idn,2057,77.47,Indonesia,Asia
idn,2058,77.62,Indonesia,Asia
idn,2059,77.77,Indonesia,Asia
idn,2060,77.92,Indonesia,Asia
idn,2061,78.07,Indonesia,Asia
idn,2062,78.22,Indonesia,Asia
idn,2063,78.37,Indonesia,Asia
idn,2064,78.52,Indonesia,Asia
idn,2065,78.67,Indonesia,Asia
idn,2066,78.82,Indonesia,Asia
idn,2067,78.96,Indonesia,Asia
idn,2068,79.11,Indonesia,Asia
idn,2069,79.26,Indonesia,Asia
idn,2070,79.41,Indonesia,Asia
idn,2071,79.55,Indonesia,Asia
idn,2072,79.7,Indonesia,Asia
idn,2073,79.85,Indonesia,Asia
idn,2074,79.99,Indonesia,Asia
idn,2075,80.14,Indonesia,Asia
idn,2076,80.29,Indonesia,Asia
idn,2077,80.44,Indonesia,Asia
idn,2078,80.58,Indonesia,Asia
idn,2079,80.73,Indonesia,Asia
idn,2080,80.87,Indonesia,Asia
idn,2081,81.02,Indonesia,Asia
idn,2082,81.17,Indonesia,Asia
idn,2083,81.31,Indonesia,Asia
idn,2084,81.46,Indonesia,Asia
idn,2085,81.6,Indonesia,Asia
idn,2086,81.74,Indonesia,Asia
idn,2087,81.89,Indonesia,Asia
idn,2088,82.03,Indonesia,Asia
idn,2089,82.17,Indonesia,Asia
idn,2090,82.31,Indonesia,Asia
idn,2091,82.45,Indonesia,Asia
idn,2092,82.58,Indonesia,Asia
idn,2093,82.72,Indonesia,Asia
idn,2094,82.85,Indonesia,Asia
idn,2095,82.99,Indonesia,Asia
idn,2096,83.12,Indonesia,Asia
idn,2097,83.25,Indonesia,Asia
idn,2098,83.38,Indonesia,Asia
idn,2099,83.51,Indonesia,Asia
idn,2100,83.64,Indonesia,Asia
irn,1800,25.6,Iran,Asia
irn,1801,25.6,Iran,Asia
irn,1802,25.6,Iran,Asia
irn,1803,25.6,Iran,Asia
irn,1804,25.6,Iran,Asia
irn,1805,25.6,Iran,Asia
irn,1806,25.6,Iran,Asia
irn,1807,25.6,Iran,Asia
irn,1808,25.6,Iran,Asia
irn,1809,25.6,Iran,Asia
irn,1810,25.6,Iran,Asia
irn,1811,25.6,Iran,Asia
irn,1812,25.6,Iran,Asia
irn,1813,25.6,Iran,Asia
irn,1814,25.6,Iran,Asia
irn,1815,25.6,Iran,Asia
irn,1816,25.6,Iran,Asia
irn,1817,25.6,Iran,Asia
irn,1818,25.6,Iran,Asia
irn,1819,25.6,Iran,Asia
irn,1820,25.6,Iran,Asia
irn,1821,25.6,Iran,Asia
irn,1822,25.6,Iran,Asia
irn,1823,25.6,Iran,Asia
irn,1824,25.6,Iran,Asia
irn,1825,25.6,Iran,Asia
irn,1826,25.6,Iran,Asia
irn,1827,25.6,Iran,Asia
irn,1828,25.6,Iran,Asia
irn,1829,25.6,Iran,Asia
irn,1830,25.6,Iran,Asia
irn,1831,25.6,Iran,Asia
irn,1832,25.6,Iran,Asia
irn,1833,25.6,Iran,Asia
irn,1834,25.6,Iran,Asia
irn,1835,25.6,Iran,Asia
irn,1836,25.6,Iran,Asia
irn,1837,25.6,Iran,Asia
irn,1838,25.6,Iran,Asia
irn,1839,25.6,Iran,Asia
irn,1840,25.6,Iran,Asia
irn,1841,25.6,Iran,Asia
irn,1842,25.6,Iran,Asia
irn,1843,25.6,Iran,Asia
irn,1844,25.6,Iran,Asia
irn,1845,25.6,Iran,Asia
irn,1846,25.6,Iran,Asia
irn,1847,25.6,Iran,Asia
irn,1848,25.6,Iran,Asia
irn,1849,25.6,Iran,Asia
irn,1850,25.6,Iran,Asia
irn,1851,25.6,Iran,Asia
irn,1852,25.6,Iran,Asia
irn,1853,25.6,Iran,Asia
irn,1854,25.6,Iran,Asia
irn,1855,25.6,Iran,Asia
irn,1856,25.6,Iran,Asia
irn,1857,25.6,Iran,Asia
irn,1858,25.6,Iran,Asia
irn,1859,25.6,Iran,Asia
irn,1860,25.6,Iran,Asia
irn,1861,25.6,Iran,Asia
irn,1862,25.6,Iran,Asia
irn,1863,25.6,Iran,Asia
irn,1864,25.6,Iran,Asia
irn,1865,25.6,Iran,Asia
irn,1866,25.6,Iran,Asia
irn,1867,25.6,Iran,Asia
irn,1868,25.6,Iran,Asia
irn,1869,25.6,Iran,Asia
irn,1870,25.6,Iran,Asia
irn,1871,25.6,Iran,Asia
irn,1872,25.6,Iran,Asia
irn,1873,25.6,Iran,Asia
irn,1874,25.6,Iran,Asia
irn,1875,25.6,Iran,Asia
irn,1876,25.6,Iran,Asia
irn,1877,25.6,Iran,Asia
irn,1878,25.6,Iran,Asia
irn,1879,25.6,Iran,Asia
irn,1880,25.6,Iran,Asia
irn,1881,25.6,Iran,Asia
irn,1882,25.6,Iran,Asia
irn,1883,25.6,Iran,Asia
irn,1884,25.6,Iran,Asia
irn,1885,25.6,Iran,Asia
irn,1886,25.6,Iran,Asia
irn,1887,25.6,Iran,Asia
irn,1888,25.6,Iran,Asia
irn,1889,25.6,Iran,Asia
irn,1890,25.6,Iran,Asia
irn,1891,25.6,Iran,Asia
irn,1892,25.6,Iran,Asia
irn,1893,25.6,Iran,Asia
irn,1894,25.6,Iran,Asia
irn,1895,25.6,Iran,Asia
irn,1896,25.6,Iran,Asia
irn,1897,25.6,Iran,Asia
irn,1898,25.6,Iran,Asia
irn,1899,25.6,Iran,Asia
irn,1900,25.6,Iran,Asia
irn,1901,25.6,Iran,Asia
irn,1902,25.6,Iran,Asia
irn,1903,25.6,Iran,Asia
irn,1904,25.6,Iran,Asia
irn,1905,25.6,Iran,Asia
irn,1906,25.6,Iran,Asia
irn,1907,25.6,Iran,Asia
irn,1908,25.6,Iran,Asia
irn,1909,25.6,Iran,Asia
irn,1910,25.6,Iran,Asia
irn,1911,25.6,Iran,Asia
irn,1912,25.6,Iran,Asia
irn,1913,25.6,Iran,Asia
irn,1914,25.6,Iran,Asia
irn,1915,25.6,Iran,Asia
irn,1916,25.6,Iran,Asia
irn,1917,25.6,Iran,Asia
irn,1918,21.23,Iran,Asia
irn,1919,25.6,Iran,Asia
irn,1920,25.6,Iran,Asia
irn,1921,25.6,Iran,Asia
irn,1922,25.6,Iran,Asia
irn,1923,25.6,Iran,Asia
irn,1924,25.6,Iran,Asia
irn,1925,25.6,Iran,Asia
irn,1926,25.6,Iran,Asia
irn,1927,25.6,Iran,Asia
irn,1928,25.6,Iran,Asia
irn,1929,25.6,Iran,Asia
irn,1930,25.6,Iran,Asia
irn,1931,25.6,Iran,Asia
irn,1932,25.6,Iran,Asia
irn,1933,25.61,Iran,Asia
irn,1934,25.61,Iran,Asia
irn,1935,25.61,Iran,Asia
irn,1936,25.61,Iran,Asia
irn,1937,25.61,Iran,Asia
irn,1938,25.61,Iran,Asia
irn,1939,25.61,Iran,Asia
irn,1940,25.61,Iran,Asia
irn,1941,26.99,Iran,Asia
irn,1942,28.37,Iran,Asia
irn,1943,29.75,Iran,Asia
irn,1944,31.13,Iran,Asia
irn,1945,32.52,Iran,Asia
irn,1946,33.9,Iran,Asia
irn,1947,35.28,Iran,Asia
irn,1948,36.66,Iran,Asia
irn,1949,38.05,Iran,Asia
irn,1950,39.43,Iran,Asia
irn,1951,39.75,Iran,Asia
irn,1952,40.16,Iran,Asia
irn,1953,40.42,Iran,Asia
irn,1954,40.74,Iran,Asia
irn,1955,41.21,Iran,Asia
irn,1956,41.56,Iran,Asia
irn,1957,41.87,Iran,Asia
irn,1958,42.93,Iran,Asia
irn,1959,43.71,Iran,Asia
irn,1960,44.48,Iran,Asia
irn,1961,45.33,Iran,Asia
irn,1962,45.35,Iran,Asia
irn,1963,46.97,Iran,Asia
irn,1964,47.82,Iran,Asia
irn,1965,48.71,Iran,Asia
irn,1966,49.58,Iran,Asia
irn,1967,50.43,Iran,Asia
irn,1968,51.05,Iran,Asia
irn,1969,53.13,Iran,Asia
irn,1970,54.51,Iran,Asia
irn,1971,56.01,Iran,Asia
irn,1972,57.08,Iran,Asia
irn,1973,58.85,Iran,Asia
irn,1974,60.22,Iran,Asia
irn,1975,61.47,Iran,Asia
irn,1976,62.6,Iran,Asia
irn,1977,63.47,Iran,Asia
irn,1978,62.57,Iran,Asia
irn,1979,64.62,Iran,Asia
irn,1980,64.7,Iran,Asia
irn,1981,64.8,Iran,Asia
irn,1982,64.43,Iran,Asia
irn,1983,65.23,Iran,Asia
irn,1984,66.19,Iran,Asia
irn,1985,66.31,Iran,Asia
irn,1986,65.2,Iran,Asia
irn,1987,66.53,Iran,Asia
irn,1988,66.75,Iran,Asia
irn,1989,68.14,Iran,Asia
irn,1990,66.68,Iran,Asia
irn,1991,68.89,Iran,Asia
irn,1992,69.3,Iran,Asia
irn,1993,69.63,Iran,Asia
irn,1994,70.01,Iran,Asia
irn,1995,70.37,Iran,Asia
irn,1996,70.71,Iran,Asia
irn,1997,70.92,Iran,Asia
irn,1998,71.34,Iran,Asia
irn,1999,71.63,Iran,Asia
irn,2000,71.94,Iran,Asia
irn,2001,72.2,Iran,Asia
irn,2002,72.51,Iran,Asia
irn,2003,71.77,Iran,Asia
irn,2004,73.17,Iran,Asia
irn,2005,73.55,Iran,Asia
irn,2006,73.95,Iran,Asia
irn,2007,74.37,Iran,Asia
irn,2008,74.76,Iran,Asia
irn,2009,75.11,Iran,Asia
irn,2010,75.45,Iran,Asia
irn,2011,75.79,Iran,Asia
irn,2012,76.05,Iran,Asia
irn,2013,76.24,Iran,Asia
irn,2014,76.48,Iran,Asia
irn,2015,76.69,Iran,Asia
irn,2016,77.09,Iran,Asia
irn,2017,77.31,Iran,Asia
irn,2018,77.56,Iran,Asia
irn,2019,77.76,Iran,Asia
irn,2020,76.17,Iran,Asia
irn,2021,78.15,Iran,Asia
irn,2022,78.34,Iran,Asia
irn,2023,78.53,Iran,Asia
irn,2024,78.71,Iran,Asia
irn,2025,78.9,Iran,Asia
irn,2026,79.09,Iran,Asia
irn,2027,79.27,Iran,Asia
irn,2028,79.45,Iran,Asia
irn,2029,79.63,Iran,Asia
irn,2030,79.81,Iran,Asia
irn,2031,79.99,Iran,Asia
irn,2032,80.16,Iran,Asia
irn,2033,80.34,Iran,Asia
irn,2034,80.51,Iran,Asia
irn,2035,80.67,Iran,Asia
irn,2036,80.84,Iran,Asia
irn,2037,81.01,Iran,Asia
irn,2038,81.18,Iran,Asia
irn,2039,81.34,Iran,Asia
irn,2040,81.51,Iran,Asia
irn,2041,81.67,Iran,Asia
irn,2042,81.83,Iran,Asia
irn,2043,81.99,Iran,Asia
irn,2044,82.15,Iran,Asia
irn,2045,82.31,Iran,Asia
irn,2046,82.47,Iran,Asia
irn,2047,82.63,Iran,Asia
irn,2048,82.78,Iran,Asia
irn,2049,82.94,Iran,Asia
irn,2050,83.09,Iran,Asia
irn,2051,83.24,Iran,Asia
irn,2052,83.39,Iran,Asia
irn,2053,83.54,Iran,Asia
irn,2054,83.69,Iran,Asia
irn,2055,83.84,Iran,Asia
irn,2056,83.98,Iran,Asia
irn,2057,84.13,Iran,Asia
irn,2058,84.27,Iran,Asia
irn,2059,84.41,Iran,Asia
irn,2060,84.55,Iran,Asia
irn,2061,84.69,Iran,Asia
irn,2062,84.82,Iran,Asia
irn,2063,84.96,Iran,Asia
irn,2064,85.09,Iran,Asia
irn,2065,85.22,Iran,Asia
irn,2066,85.34,Iran,Asia
irn,2067,85.47,Iran,Asia
irn,2068,85.59,Iran,Asia
irn,2069,85.72,Iran,Asia
irn,2070,85.84,Iran,Asia
irn,2071,85.96,Iran,Asia
irn,2072,86.08,Iran,Asia
irn,2073,86.19,Iran,Asia
irn,2074,86.31,Iran,Asia
irn,2075,86.42,Iran,Asia
irn,2076,86.54,Iran,Asia
irn,2077,86.64,Iran,Asia
irn,2078,86.75,Iran,Asia
irn,2079,86.86,Iran,Asia
irn,2080,86.97,Iran,Asia
irn,2081,87.07,Iran,Asia
irn,2082,87.18,Iran,Asia
irn,2083,87.28,Iran,Asia
irn,2084,87.39,Iran,Asia
irn,2085,87.5,Iran,Asia
irn,2086,87.61,Iran,Asia
irn,2087,87.71,Iran,Asia
irn,2088,87.82,Iran,Asia
irn,2089,87.93,Iran,Asia
irn,2090,88.04,Iran,Asia
irn,2091,88.14,Iran,Asia
irn,2092,88.25,Iran,Asia
irn,2093,88.36,Iran,Asia
irn,2094,88.46,Iran,Asia
irn,2095,88.57,Iran,Asia
irn,2096,88.68,Iran,Asia
irn,2097,88.79,Iran,Asia
irn,2098,88.9,Iran,Asia
irn,2099,89.01,Iran,Asia
irn,2100,89.12,Iran,Asia
irq,1800,31.2,Iraq,Asia
irq,1801,31.2,Iraq,Asia
irq,1802,31.2,Iraq,Asia
irq,1803,31.2,Iraq,Asia
irq,1804,31.2,Iraq,Asia
irq,1805,31.2,Iraq,Asia
irq,1806,31.2,Iraq,Asia
irq,1807,31.2,Iraq,Asia
irq,1808,31.2,Iraq,Asia
irq,1809,31.2,Iraq,Asia
irq,1810,31.2,Iraq,Asia
irq,1811,31.2,Iraq,Asia
irq,1812,31.2,Iraq,Asia
irq,1813,31.2,Iraq,Asia
irq,1814,31.2,Iraq,Asia
irq,1815,31.2,Iraq,Asia
irq,1816,31.2,Iraq,Asia
irq,1817,31.2,Iraq,Asia
irq,1818,31.2,Iraq,Asia
irq,1819,31.2,Iraq,Asia
irq,1820,31.2,Iraq,Asia
irq,1821,31.2,Iraq,Asia
irq,1822,31.2,Iraq,Asia
irq,1823,31.2,Iraq,Asia
irq,1824,31.2,Iraq,Asia
irq,1825,31.2,Iraq,Asia
irq,1826,31.2,Iraq,Asia
irq,1827,31.2,Iraq,Asia
irq,1828,31.2,Iraq,Asia
irq,1829,31.2,Iraq,Asia
irq,1830,31.2,Iraq,Asia
irq,1831,31.2,Iraq,Asia
irq,1832,31.2,Iraq,Asia
irq,1833,31.2,Iraq,Asia
irq,1834,31.2,Iraq,Asia
irq,1835,31.2,Iraq,Asia
irq,1836,31.2,Iraq,Asia
irq,1837,31.2,Iraq,Asia
irq,1838,31.2,Iraq,Asia
irq,1839,31.2,Iraq,Asia
irq,1840,31.2,Iraq,Asia
irq,1841,31.2,Iraq,Asia
irq,1842,31.2,Iraq,Asia
irq,1843,31.2,Iraq,Asia
irq,1844,31.2,Iraq,Asia
irq,1845,31.2,Iraq,Asia
irq,1846,31.2,Iraq,Asia
irq,1847,31.2,Iraq,Asia
irq,1848,31.2,Iraq,Asia
irq,1849,31.2,Iraq,Asia
irq,1850,31.2,Iraq,Asia
irq,1851,31.2,Iraq,Asia
irq,1852,31.2,Iraq,Asia
irq,1853,31.2,Iraq,Asia
irq,1854,31.2,Iraq,Asia
irq,1855,31.2,Iraq,Asia
irq,1856,31.2,Iraq,Asia
irq,1857,31.2,Iraq,Asia
irq,1858,31.2,Iraq,Asia
irq,1859,31.2,Iraq,Asia
irq,1860,31.2,Iraq,Asia
irq,1861,31.2,Iraq,Asia
irq,1862,31.2,Iraq,Asia
irq,1863,31.2,Iraq,Asia
irq,1864,31.2,Iraq,Asia
irq,1865,31.2,Iraq,Asia
irq,1866,31.2,Iraq,Asia
irq,1867,31.2,Iraq,Asia
irq,1868,31.2,Iraq,Asia
irq,1869,31.2,Iraq,Asia
irq,1870,31.2,Iraq,Asia
irq,1871,31.44,Iraq,Asia
irq,1872,31.67,Iraq,Asia
irq,1873,31.91,Iraq,Asia
irq,1874,32.15,Iraq,Asia
irq,1875,32.38,Iraq,Asia
irq,1876,32.62,Iraq,Asia
irq,1877,32.86,Iraq,Asia
irq,1878,33.1,Iraq,Asia
irq,1879,33.33,Iraq,Asia
irq,1880,33.57,Iraq,Asia
irq,1881,33.81,Iraq,Asia
irq,1882,34.04,Iraq,Asia
irq,1883,34.28,Iraq,Asia
irq,1884,34.52,Iraq,Asia
irq,1885,34.75,Iraq,Asia
irq,1886,34.99,Iraq,Asia
irq,1887,35.23,Iraq,Asia
irq,1888,35.47,Iraq,Asia
irq,1889,35.7,Iraq,Asia
irq,1890,35.94,Iraq,Asia
irq,1891,36.18,Iraq,Asia
irq,1892,36.41,Iraq,Asia
irq,1893,36.65,Iraq,Asia
irq,1894,36.89,Iraq,Asia
irq,1895,37.12,Iraq,Asia
irq,1896,37.36,Iraq,Asia
irq,1897,37.6,Iraq,Asia
irq,1898,37.83,Iraq,Asia
irq,1899,38.07,Iraq,Asia
irq,1900,38.31,Iraq,Asia
irq,1901,38.55,Iraq,Asia
irq,1902,38.78,Iraq,Asia
irq,1903,39.02,Iraq,Asia
irq,1904,39.26,Iraq,Asia
irq,1905,39.49,Iraq,Asia
irq,1906,39.73,Iraq,Asia
irq,1907,39.97,Iraq,Asia
irq,1908,40.2,Iraq,Asia
irq,1909,40.44,Iraq,Asia
irq,1910,40.68,Iraq,Asia
irq,1911,40.91,Iraq,Asia
irq,1912,41.15,Iraq,Asia
irq,1913,41.39,Iraq,Asia
irq,1914,41.63,Iraq,Asia
irq,1915,41.86,Iraq,Asia
irq,1916,42.1,Iraq,Asia
irq,1917,42.34,Iraq,Asia
irq,1918,35.29,Iraq,Asia
irq,1919,42.81,Iraq,Asia
irq,1920,43.05,Iraq,Asia
irq,1921,43.28,Iraq,Asia
irq,1922,43.52,Iraq,Asia
irq,1923,43.76,Iraq,Asia
irq,1924,44,Iraq,Asia
irq,1925,44.23,Iraq,Asia
irq,1926,44.47,Iraq,Asia
irq,1927,44.71,Iraq,Asia
irq,1928,44.94,Iraq,Asia
irq,1929,45.18,Iraq,Asia
irq,1930,45.42,Iraq,Asia
irq,1931,45.65,Iraq,Asia
irq,1932,45.89,Iraq,Asia
irq,1933,46.13,Iraq,Asia
irq,1934,46.36,Iraq,Asia
irq,1935,46.6,Iraq,Asia
irq,1936,46.84,Iraq,Asia
irq,1937,47.08,Iraq,Asia
irq,1938,47.31,Iraq,Asia
irq,1939,47.55,Iraq,Asia
irq,1940,47.79,Iraq,Asia
irq,1941,48.59,Iraq,Asia
irq,1942,49.39,Iraq,Asia
irq,1943,50.21,Iraq,Asia
irq,1944,51.02,Iraq,Asia
irq,1945,51.85,Iraq,Asia
irq,1946,52.68,Iraq,Asia
irq,1947,53.51,Iraq,Asia
irq,1948,54.35,Iraq,Asia
irq,1949,55.2,Iraq,Asia
irq,1950,56.05,Iraq,Asia
irq,1951,56.25,Iraq,Asia
irq,1952,56.57,Iraq,Asia
irq,1953,57.43,Iraq,Asia
irq,1954,58.12,Iraq,Asia
irq,1955,58.52,Iraq,Asia
irq,1956,58.94,Iraq,Asia
irq,1957,59.29,Iraq,Asia
irq,1958,59.49,Iraq,Asia
irq,1959,59.35,Iraq,Asia
irq,1960,60.49,Iraq,Asia
irq,1961,59.06,Iraq,Asia
irq,1962,59.54,Iraq,Asia
irq,1963,59.71,Iraq,Asia
irq,1964,60.99,Iraq,Asia
irq,1965,61.13,Iraq,Asia
irq,1966,61.52,Iraq,Asia
irq,1967,61.87,Iraq,Asia
irq,1968,62.33,Iraq,Asia
irq,1969,62.5,Iraq,Asia
irq,1970,62.78,Iraq,Asia
irq,1971,63.98,Iraq,Asia
irq,1972,64.51,Iraq,Asia
irq,1973,64.72,Iraq,Asia
irq,1974,63.35,Iraq,Asia
irq,1975,64.23,Iraq,Asia
irq,1976,66.58,Iraq,Asia
irq,1977,66.78,Iraq,Asia
irq,1978,67.08,Iraq,Asia
irq,1979,67.63,Iraq,Asia
irq,1980,64.51,Iraq,Asia
irq,1981,63.57,Iraq,Asia
irq,1982,58.05,Iraq,Asia
irq,1983,59.98,Iraq,Asia
irq,1984,63.43,Iraq,Asia
irq,1985,62.73,Iraq,Asia
irq,1986,56.58,Iraq,Asia
irq,1987,61.9,Iraq,Asia
irq,1988,61.99,Iraq,Asia
irq,1989,66.78,Iraq,Asia
irq,1990,67,Iraq,Asia
irq,1991,67.03,Iraq,Asia
irq,1992,67,Iraq,Asia
irq,1993,67.07,Iraq,Asia
irq,1994,67.12,Iraq,Asia
irq,1995,67.16,Iraq,Asia
irq,1996,67.35,Iraq,Asia
irq,1997,67.5,Iraq,Asia
irq,1998,67.87,Iraq,Asia
irq,1999,68.27,Iraq,Asia
irq,2000,68.64,Iraq,Asia
irq,2001,69.05,Iraq,Asia
irq,2002,69.35,Iraq,Asia
irq,2003,68.14,Iraq,Asia
irq,2004,68.35,Iraq,Asia
irq,2005,67.68,Iraq,Asia
irq,2006,66.59,Iraq,Asia
irq,2007,67.2,Iraq,Asia
irq,2008,69.33,Iraq,Asia
irq,2009,70.13,Iraq,Asia
irq,2010,70.63,Iraq,Asia
irq,2011,71.02,Iraq,Asia
irq,2012,71.31,Iraq,Asia
irq,2013,70.9,Iraq,Asia
irq,2014,69.92,Iraq,Asia
irq,2015,70.74,Iraq,Asia
irq,2016,70.92,Iraq,Asia
irq,2017,71.45,Iraq,Asia
irq,2018,73.25,Iraq,Asia
irq,2019,73.27,Iraq,Asia
irq,2020,72.09,Iraq,Asia
irq,2021,73.56,Iraq,Asia
irq,2022,73.7,Iraq,Asia
irq,2023,73.84,Iraq,Asia
irq,2024,73.98,Iraq,Asia
irq,2025,74.11,Iraq,Asia
irq,2026,74.25,Iraq,Asia
irq,2027,74.39,Iraq,Asia
irq,2028,74.52,Iraq,Asia
irq,2029,74.65,Iraq,Asia
irq,2030,74.79,Iraq,Asia
irq,2031,74.92,Iraq,Asia
irq,2032,75.05,Iraq,Asia
irq,2033,75.17,Iraq,Asia
irq,2034,75.3,Iraq,Asia
irq,2035,75.43,Iraq,Asia
irq,2036,75.56,Iraq,Asia
irq,2037,75.68,Iraq,Asia
irq,2038,75.81,Iraq,Asia
irq,2039,75.93,Iraq,Asia
irq,2040,76.05,Iraq,Asia
irq,2041,76.18,Iraq,Asia
irq,2042,76.3,Iraq,Asia
irq,2043,76.42,Iraq,Asia
irq,2044,76.54,Iraq,Asia
irq,2045,76.67,Iraq,Asia
irq,2046,76.79,Iraq,Asia
irq,2047,76.92,Iraq,Asia
irq,2048,77.04,Iraq,Asia
irq,2049,77.17,Iraq,Asia
irq,2050,77.29,Iraq,Asia
irq,2051,77.42,Iraq,Asia
irq,2052,77.55,Iraq,Asia
irq,2053,77.67,Iraq,Asia
irq,2054,77.8,Iraq,Asia
irq,2055,77.92,Iraq,Asia
irq,2056,78.05,Iraq,Asia
irq,2057,78.18,Iraq,Asia
irq,2058,78.3,Iraq,Asia
irq,2059,78.43,Iraq,Asia
irq,2060,78.56,Iraq,Asia
irq,2061,78.68,Iraq,Asia
irq,2062,78.81,Iraq,Asia
irq,2063,78.94,Iraq,Asia
irq,2064,79.07,Iraq,Asia
irq,2065,79.2,Iraq,Asia
irq,2066,79.33,Iraq,Asia
irq,2067,79.46,Iraq,Asia
irq,2068,79.59,Iraq,Asia
irq,2069,79.72,Iraq,Asia
irq,2070,79.86,Iraq,Asia
irq,2071,79.99,Iraq,Asia
irq,2072,80.12,Iraq,Asia
irq,2073,80.25,Iraq,Asia
irq,2074,80.39,Iraq,Asia
irq,2075,80.52,Iraq,Asia
irq,2076,80.65,Iraq,Asia
irq,2077,80.79,Iraq,Asia
irq,2078,80.92,Iraq,Asia
irq,2079,81.06,Iraq,Asia
irq,2080,81.19,Iraq,Asia
irq,2081,81.32,Iraq,Asia
irq,2082,81.46,Iraq,Asia
irq,2083,81.59,Iraq,Asia
irq,2084,81.73,Iraq,Asia
irq,2085,81.86,Iraq,Asia
irq,2086,81.99,Iraq,Asia
irq,2087,82.13,Iraq,Asia
irq,2088,82.26,Iraq,Asia
irq,2089,82.4,Iraq,Asia
irq,2090,82.54,Iraq,Asia
irq,2091,82.67,Iraq,Asia
irq,2092,82.81,Iraq,Asia
irq,2093,82.95,Iraq,Asia
irq,2094,83.09,Iraq,Asia
irq,2095,83.23,Iraq,Asia
irq,2096,83.37,Iraq,Asia
irq,2097,83.51,Iraq,Asia
irq,2098,83.65,Iraq,Asia
irq,2099,83.79,Iraq,Asia
irq,2100,83.93,Iraq,Asia
irl,1800,38.3,Ireland,Europe
irl,1801,38.3,Ireland,Europe
irl,1802,38.3,Ireland,Europe
irl,1803,38.3,Ireland,Europe
irl,1804,38.3,Ireland,Europe
irl,1805,38.3,Ireland,Europe
irl,1806,38.3,Ireland,Europe
irl,1807,38.3,Ireland,Europe
irl,1808,38.3,Ireland,Europe
irl,1809,38.3,Ireland,Europe
irl,1810,38.3,Ireland,Europe
irl,1811,38.3,Ireland,Europe
irl,1812,38.3,Ireland,Europe
irl,1813,38.3,Ireland,Europe
irl,1814,38.3,Ireland,Europe
irl,1815,38.3,Ireland,Europe
irl,1816,38.3,Ireland,Europe
irl,1817,38.3,Ireland,Europe
irl,1818,38.3,Ireland,Europe
irl,1819,38.3,Ireland,Europe
irl,1820,38.3,Ireland,Europe
irl,1821,38.3,Ireland,Europe
irl,1822,38.3,Ireland,Europe
irl,1823,38.3,Ireland,Europe
irl,1824,38.3,Ireland,Europe
irl,1825,38.3,Ireland,Europe
irl,1826,38.3,Ireland,Europe
irl,1827,38.3,Ireland,Europe
irl,1828,38.3,Ireland,Europe
irl,1829,38.3,Ireland,Europe
irl,1830,38.3,Ireland,Europe
irl,1831,38.3,Ireland,Europe
irl,1832,38.3,Ireland,Europe
irl,1833,38.3,Ireland,Europe
irl,1834,38.3,Ireland,Europe
irl,1835,38.3,Ireland,Europe
irl,1836,38.3,Ireland,Europe
irl,1837,38.3,Ireland,Europe
irl,1838,38.3,Ireland,Europe
irl,1839,38.3,Ireland,Europe
irl,1840,38.3,Ireland,Europe
irl,1841,38.3,Ireland,Europe
irl,1842,38.3,Ireland,Europe
irl,1843,38.3,Ireland,Europe
irl,1844,38.3,Ireland,Europe
irl,1845,38.3,Ireland,Europe
irl,1846,19.8,Ireland,Europe
irl,1847,24,Ireland,Europe
irl,1848,14.9,Ireland,Europe
irl,1849,14.1,Ireland,Europe
irl,1850,31.2,Ireland,Europe
irl,1851,38.3,Ireland,Europe
irl,1852,38.3,Ireland,Europe
irl,1853,38.3,Ireland,Europe
irl,1854,38.3,Ireland,Europe
irl,1855,38.3,Ireland,Europe
irl,1856,38.3,Ireland,Europe
irl,1857,38.3,Ireland,Europe
irl,1858,38.3,Ireland,Europe
irl,1859,38.3,Ireland,Europe
irl,1860,38.56,Ireland,Europe
irl,1861,38.83,Ireland,Europe
irl,1862,39.09,Ireland,Europe
irl,1863,39.36,Ireland,Europe
irl,1864,39.62,Ireland,Europe
irl,1865,39.89,Ireland,Europe
irl,1866,40.15,Ireland,Europe
irl,1867,40.41,Ireland,Europe
irl,1868,40.68,Ireland,Europe
irl,1869,40.94,Ireland,Europe
irl,1870,41.21,Ireland,Europe
irl,1871,41.47,Ireland,Europe
irl,1872,41.74,Ireland,Europe
irl,1873,42.01,Ireland,Europe
irl,1874,42.28,Ireland,Europe
irl,1875,42.54,Ireland,Europe
irl,1876,42.81,Ireland,Europe
irl,1877,43.08,Ireland,Europe
irl,1878,43.34,Ireland,Europe
irl,1879,43.61,Ireland,Europe
irl,1880,43.88,Ireland,Europe
irl,1881,44.15,Ireland,Europe
irl,1882,44.41,Ireland,Europe
irl,1883,44.68,Ireland,Europe
irl,1884,44.95,Ireland,Europe
irl,1885,45.22,Ireland,Europe
irl,1886,45.48,Ireland,Europe
irl,1887,45.75,Ireland,Europe
irl,1888,46.02,Ireland,Europe
irl,1889,46.29,Ireland,Europe
irl,1890,46.55,Ireland,Europe
irl,1891,46.82,Ireland,Europe
irl,1892,47.09,Ireland,Europe
irl,1893,47.36,Ireland,Europe
irl,1894,47.63,Ireland,Europe
irl,1895,47.89,Ireland,Europe
irl,1896,48.16,Ireland,Europe
irl,1897,48.43,Ireland,Europe
irl,1898,48.7,Ireland,Europe
irl,1899,48.97,Ireland,Europe
irl,1900,49.23,Ireland,Europe
irl,1901,49.5,Ireland,Europe
irl,1902,49.95,Ireland,Europe
irl,1903,50.39,Ireland,Europe
irl,1904,50.83,Ireland,Europe
irl,1905,51.28,Ireland,Europe
irl,1906,51.72,Ireland,Europe
irl,1907,52.17,Ireland,Europe
irl,1908,52.61,Ireland,Europe
irl,1909,53.06,Ireland,Europe
irl,1910,53.5,Ireland,Europe
irl,1911,53.95,Ireland,Europe
irl,1912,54.2,Ireland,Europe
irl,1913,54.46,Ireland,Europe
irl,1914,54.72,Ireland,Europe
irl,1915,54.98,Ireland,Europe
irl,1916,55.23,Ireland,Europe
irl,1917,55.49,Ireland,Europe
irl,1918,49.84,Ireland,Europe
irl,1919,56.01,Ireland,Europe
irl,1920,56.27,Ireland,Europe
irl,1921,56.52,Ireland,Europe
irl,1922,56.78,Ireland,Europe
irl,1923,57.04,Ireland,Europe
irl,1924,57.3,Ireland,Europe
irl,1925,57.56,Ireland,Europe
irl,1926,57.81,Ireland,Europe
irl,1927,57.95,Ireland,Europe
irl,1928,58.08,Ireland,Europe
irl,1929,58.22,Ireland,Europe
irl,1930,58.35,Ireland,Europe
irl,1931,58.49,Ireland,Europe
irl,1932,58.62,Ireland,Europe
irl,1933,58.75,Ireland,Europe
irl,1934,58.89,Ireland,Europe
irl,1935,59.02,Ireland,Europe
irl,1936,59.16,Ireland,Europe
irl,1937,59.38,Ireland,Europe
irl,1938,59.61,Ireland,Europe
irl,1939,59.83,Ireland,Europe
irl,1940,60.06,Ireland,Europe
irl,1941,60.28,Ireland,Europe
irl,1942,60.57,Ireland,Europe
irl,1943,60.85,Ireland,Europe
irl,1944,61.14,Ireland,Europe
irl,1945,61.42,Ireland,Europe
irl,1946,61.71,Ireland,Europe
irl,1947,62.77,Ireland,Europe
irl,1948,63.83,Ireland,Europe
irl,1949,64.89,Ireland,Europe
irl,1950,65.96,Ireland,Europe
irl,1951,65.8,Ireland,Europe
irl,1952,67.29,Ireland,Europe
irl,1953,68.08,Ireland,Europe
irl,1954,68.3,Ireland,Europe
irl,1955,68.52,Ireland,Europe
irl,1956,69.1,Ireland,Europe
irl,1957,69.36,Ireland,Europe
irl,1958,69.57,Ireland,Europe
irl,1959,69.78,Ireland,Europe
irl,1960,70.12,Ireland,Europe
irl,1961,70.05,Ireland,Europe
irl,1962,70.22,Ireland,Europe
irl,1963,70.48,Ireland,Europe
irl,1964,70.61,Ireland,Europe
irl,1965,70.75,Ireland,Europe
irl,1966,70.68,Ireland,Europe
irl,1967,71.1,Ireland,Europe
irl,1968,71.17,Ireland,Europe
irl,1969,71.11,Ireland,Europe
irl,1970,71.23,Ireland,Europe
irl,1971,71.55,Ireland,Europe
irl,1972,71.4,Ireland,Europe
irl,1973,71.36,Ireland,Europe
irl,1974,71.41,Ireland,Europe
irl,1975,71.74,Ireland,Europe
irl,1976,71.99,Ireland,Europe
irl,1977,72.15,Ireland,Europe
irl,1978,72.18,Ireland,Europe
irl,1979,72.36,Ireland,Europe
irl,1980,72.69,Ireland,Europe
irl,1981,73.04,Ireland,Europe
irl,1982,73.27,Ireland,Europe
irl,1983,73.37,Ireland,Europe
irl,1984,73.67,Ireland,Europe
irl,1985,73.8,Ireland,Europe
irl,1986,73.94,Ireland,Europe
irl,1987,74.34,Ireland,Europe
irl,1988,74.53,Ireland,Europe
irl,1989,74.73,Ireland,Europe
irl,1990,74.98,Ireland,Europe
irl,1991,75.22,Ireland,Europe
irl,1992,75.44,Ireland,Europe
irl,1993,75.53,Ireland,Europe
irl,1994,75.78,Ireland,Europe
irl,1995,75.74,Ireland,Europe
irl,1996,75.98,Ireland,Europe
irl,1997,76.13,Ireland,Europe
irl,1998,76.31,Ireland,Europe
irl,1999,76.41,Ireland,Europe
irl,2000,76.77,Ireland,Europe
irl,2001,77.32,Ireland,Europe
irl,2002,77.79,Ireland,Europe
irl,2003,78.27,Ireland,Europe
irl,2004,78.66,Ireland,Europe
irl,2005,79.1,Ireland,Europe
irl,2006,79.38,Ireland,Europe
irl,2007,79.73,Ireland,Europe
irl,2008,79.97,Ireland,Europe
irl,2009,80.19,Ireland,Europe
irl,2010,80.78,Ireland,Europe
irl,2011,80.81,Ireland,Europe
irl,2012,81.02,Ireland,Europe
irl,2013,81.24,Ireland,Europe
irl,2014,81.5,Ireland,Europe
irl,2015,81.65,Ireland,Europe
irl,2016,81.87,Ireland,Europe
irl,2017,81.94,Ireland,Europe
irl,2018,81.97,Ireland,Europe
irl,2019,82.02,Ireland,Europe
irl,2020,81.06,Ireland,Europe
irl,2021,82.34,Ireland,Europe
irl,2022,82.48,Ireland,Europe
irl,2023,82.62,Ireland,Europe
irl,2024,82.77,Ireland,Europe
irl,2025,82.91,Ireland,Europe
irl,2026,83.06,Ireland,Europe
irl,2027,83.21,Ireland,Europe
irl,2028,83.36,Ireland,Europe
irl,2029,83.51,Ireland,Europe
irl,2030,83.66,Ireland,Europe
irl,2031,83.8,Ireland,Europe
irl,2032,83.94,Ireland,Europe
irl,2033,84.08,Ireland,Europe
irl,2034,84.21,Ireland,Europe
irl,2035,84.34,Ireland,Europe
irl,2036,84.47,Ireland,Europe
irl,2037,84.59,Ireland,Europe
irl,2038,84.71,Ireland,Europe
irl,2039,84.83,Ireland,Europe
irl,2040,84.95,Ireland,Europe
irl,2041,85.07,Ireland,Europe
irl,2042,85.19,Ireland,Europe
irl,2043,85.3,Ireland,Europe
irl,2044,85.42,Ireland,Europe
irl,2045,85.53,Ireland,Europe
irl,2046,85.65,Ireland,Europe
irl,2047,85.76,Ireland,Europe
irl,2048,85.88,Ireland,Europe
irl,2049,85.99,Ireland,Europe
irl,2050,86.1,Ireland,Europe
irl,2051,86.22,Ireland,Europe
irl,2052,86.33,Ireland,Europe
irl,2053,86.44,Ireland,Europe
irl,2054,86.55,Ireland,Europe
irl,2055,86.66,Ireland,Europe
irl,2056,86.77,Ireland,Europe
irl,2057,86.88,Ireland,Europe
irl,2058,86.99,Ireland,Europe
irl,2059,87.1,Ireland,Europe
irl,2060,87.22,Ireland,Europe
irl,2061,87.33,Ireland,Europe
irl,2062,87.44,Ireland,Europe
irl,2063,87.55,Ireland,Europe
irl,2064,87.66,Ireland,Europe
irl,2065,87.77,Ireland,Europe
irl,2066,87.88,Ireland,Europe
irl,2067,87.99,Ireland,Europe
irl,2068,88.1,Ireland,Europe
irl,2069,88.2,Ireland,Europe
irl,2070,88.31,Ireland,Europe
irl,2071,88.42,Ireland,Europe
irl,2072,88.53,Ireland,Europe
irl,2073,88.63,Ireland,Europe
irl,2074,88.74,Ireland,Europe
irl,2075,88.84,Ireland,Europe
irl,2076,88.95,Ireland,Europe
irl,2077,89.06,Ireland,Europe
irl,2078,89.16,Ireland,Europe
irl,2079,89.27,Ireland,Europe
irl,2080,89.38,Ireland,Europe
irl,2081,89.49,Ireland,Europe
irl,2082,89.59,Ireland,Europe
irl,2083,89.7,Ireland,Europe
irl,2084,89.81,Ireland,Europe
irl,2085,89.92,Ireland,Europe
irl,2086,90.03,Ireland,Europe
irl,2087,90.14,Ireland,Europe
irl,2088,90.25,Ireland,Europe
irl,2089,90.36,Ireland,Europe
irl,2090,90.46,Ireland,Europe
irl,2091,90.57,Ireland,Europe
irl,2092,90.68,Ireland,Europe
irl,2093,90.78,Ireland,Europe
irl,2094,90.89,Ireland,Europe
irl,2095,91,Ireland,Europe
irl,2096,91.11,Ireland,Europe
irl,2097,91.22,Ireland,Europe
irl,2098,91.33,Ireland,Europe
irl,2099,91.44,Ireland,Europe
irl,2100,91.55,Ireland,Europe
isr,1800,32,Israel,Asia
isr,1801,32,Israel,Asia
isr,1802,32,Israel,Asia
isr,1803,32,Israel,Asia
isr,1804,32,Israel,Asia
isr,1805,32,Israel,Asia
isr,1806,32,Israel,Asia
isr,1807,32,Israel,Asia
isr,1808,32,Israel,Asia
isr,1809,32,Israel,Asia
isr,1810,32,Israel,Asia
isr,1811,32,Israel,Asia
isr,1812,32,Israel,Asia
isr,1813,32,Israel,Asia
isr,1814,32,Israel,Asia
isr,1815,32,Israel,Asia
isr,1816,32,Israel,Asia
isr,1817,32,Israel,Asia
isr,1818,32,Israel,Asia
isr,1819,32,Israel,Asia
isr,1820,32,Israel,Asia
isr,1821,32,Israel,Asia
isr,1822,32,Israel,Asia
isr,1823,32,Israel,Asia
isr,1824,32,Israel,Asia
isr,1825,32,Israel,Asia
isr,1826,32,Israel,Asia
isr,1827,32,Israel,Asia
isr,1828,32,Israel,Asia
isr,1829,32,Israel,Asia
isr,1830,32,Israel,Asia
isr,1831,32,Israel,Asia
isr,1832,32,Israel,Asia
isr,1833,32,Israel,Asia
isr,1834,32,Israel,Asia
isr,1835,32,Israel,Asia
isr,1836,32,Israel,Asia
isr,1837,32,Israel,Asia
isr,1838,32,Israel,Asia
isr,1839,32,Israel,Asia
isr,1840,32,Israel,Asia
isr,1841,32,Israel,Asia
isr,1842,32,Israel,Asia
isr,1843,32,Israel,Asia
isr,1844,32,Israel,Asia
isr,1845,32,Israel,Asia
isr,1846,32,Israel,Asia
isr,1847,32,Israel,Asia
isr,1848,32,Israel,Asia
isr,1849,32,Israel,Asia
isr,1850,32,Israel,Asia
isr,1851,32,Israel,Asia
isr,1852,32,Israel,Asia
isr,1853,32,Israel,Asia
isr,1854,32,Israel,Asia
isr,1855,32,Israel,Asia
isr,1856,32,Israel,Asia
isr,1857,32,Israel,Asia
isr,1858,32,Israel,Asia
isr,1859,32,Israel,Asia
isr,1860,32,Israel,Asia
isr,1861,32,Israel,Asia
isr,1862,32,Israel,Asia
isr,1863,32,Israel,Asia
isr,1864,32,Israel,Asia
isr,1865,32,Israel,Asia
isr,1866,32,Israel,Asia
isr,1867,32,Israel,Asia
isr,1868,32,Israel,Asia
isr,1869,32,Israel,Asia
isr,1870,32,Israel,Asia
isr,1871,32.06,Israel,Asia
isr,1872,32.11,Israel,Asia
isr,1873,32.17,Israel,Asia
isr,1874,32.22,Israel,Asia
isr,1875,32.28,Israel,Asia
isr,1876,32.33,Israel,Asia
isr,1877,32.39,Israel,Asia
isr,1878,32.44,Israel,Asia
isr,1879,32.5,Israel,Asia
isr,1880,32.55,Israel,Asia
isr,1881,32.61,Israel,Asia
isr,1882,32.66,Israel,Asia
isr,1883,32.72,Israel,Asia
isr,1884,32.77,Israel,Asia
isr,1885,32.83,Israel,Asia
isr,1886,32.88,Israel,Asia
isr,1887,32.94,Israel,Asia
isr,1888,32.99,Israel,Asia
isr,1889,33.05,Israel,Asia
isr,1890,33.1,Israel,Asia
isr,1891,33.16,Israel,Asia
isr,1892,33.21,Israel,Asia
isr,1893,33.27,Israel,Asia
isr,1894,33.32,Israel,Asia
isr,1895,33.38,Israel,Asia
isr,1896,33.43,Israel,Asia
isr,1897,33.49,Israel,Asia
isr,1898,33.54,Israel,Asia
isr,1899,33.6,Israel,Asia
isr,1900,33.65,Israel,Asia
isr,1901,33.71,Israel,Asia
isr,1902,33.76,Israel,Asia
isr,1903,33.82,Israel,Asia
isr,1904,33.87,Israel,Asia
isr,1905,33.93,Israel,Asia
isr,1906,33.98,Israel,Asia
isr,1907,34.04,Israel,Asia
isr,1908,34.09,Israel,Asia
isr,1909,34.15,Israel,Asia
isr,1910,34.2,Israel,Asia
isr,1911,34.26,Israel,Asia
isr,1912,34.31,Israel,Asia
isr,1913,34.37,Israel,Asia
isr,1914,34.42,Israel,Asia
isr,1915,34.48,Israel,Asia
isr,1916,34.53,Israel,Asia
isr,1917,34.59,Israel,Asia
isr,1918,28.72,Israel,Asia
isr,1919,34.7,Israel,Asia
isr,1920,34.76,Israel,Asia
isr,1921,34.81,Israel,Asia
isr,1922,34.87,Israel,Asia
isr,1923,34.92,Israel,Asia
isr,1924,34.98,Israel,Asia
isr,1925,35.03,Israel,Asia
isr,1926,35.09,Israel,Asia
isr,1927,35.14,Israel,Asia
isr,1928,35.2,Israel,Asia
isr,1929,35.25,Israel,Asia
isr,1930,35.31,Israel,Asia
isr,1931,35.36,Israel,Asia
isr,1932,35.42,Israel,Asia
isr,1933,35.47,Israel,Asia
isr,1934,35.53,Israel,Asia
isr,1935,35.58,Israel,Asia
isr,1936,38.03,Israel,Asia
isr,1937,40.48,Israel,Asia
isr,1938,42.94,Israel,Asia
isr,1939,45.4,Israel,Asia
isr,1940,47.87,Israel,Asia
isr,1941,50.35,Israel,Asia
isr,1942,52.84,Israel,Asia
isr,1943,55.34,Israel,Asia
isr,1944,57.84,Israel,Asia
isr,1945,60.35,Israel,Asia
isr,1946,62.87,Israel,Asia
isr,1947,65.39,Israel,Asia
isr,1948,67.93,Israel,Asia
isr,1949,70.47,Israel,Asia
isr,1950,73.01,Israel,Asia
isr,1951,72.05,Israel,Asia
isr,1952,71.77,Israel,Asia
isr,1953,71.47,Israel,Asia
isr,1954,69.79,Israel,Asia
isr,1955,70.25,Israel,Asia
isr,1956,69.89,Israel,Asia
isr,1957,70.27,Israel,Asia
isr,1958,71.15,Israel,Asia
isr,1959,71.56,Israel,Asia
isr,1960,71.82,Israel,Asia
isr,1961,71.94,Israel,Asia
isr,1962,71.71,Israel,Asia
isr,1963,71.79,Israel,Asia
isr,1964,71.67,Israel,Asia
isr,1965,71.68,Israel,Asia
isr,1966,71.84,Israel,Asia
isr,1967,70.24,Israel,Asia
isr,1968,71.67,Israel,Asia
isr,1969,71.51,Israel,Asia
isr,1970,71.7,Israel,Asia
isr,1971,72.19,Israel,Asia
isr,1972,72.16,Israel,Asia
isr,1973,70.51,Israel,Asia
isr,1974,72.12,Israel,Asia
isr,1975,72.4,Israel,Asia
isr,1976,72.95,Israel,Asia
isr,1977,73.26,Israel,Asia
isr,1978,73.46,Israel,Asia
isr,1979,73.78,Israel,Asia
isr,1980,74.16,Israel,Asia
isr,1981,74.43,Israel,Asia
isr,1982,74.66,Israel,Asia
isr,1983,74.84,Israel,Asia
isr,1984,75.21,Israel,Asia
isr,1985,75.58,Israel,Asia
isr,1986,75.72,Israel,Asia
isr,1987,76.08,Israel,Asia
isr,1988,76.54,Israel,Asia
isr,1989,77,Israel,Asia
isr,1990,77.31,Israel,Asia
isr,1991,77.23,Israel,Asia
isr,1992,77.14,Israel,Asia
isr,1993,77.5,Israel,Asia
isr,1994,77.66,Israel,Asia
isr,1995,77.8,Israel,Asia
isr,1996,77.96,Israel,Asia
isr,1997,78.2,Israel,Asia
isr,1998,78.4,Israel,Asia
isr,1999,78.68,Israel,Asia
isr,2000,78.87,Israel,Asia
isr,2001,79.01,Israel,Asia
isr,2002,78.87,Israel,Asia
isr,2003,79.46,Israel,Asia
isr,2004,79.87,Israel,Asia
isr,2005,80.27,Israel,Asia
isr,2006,80.41,Israel,Asia
isr,2007,80.78,Israel,Asia
isr,2008,80.99,Israel,Asia
isr,2009,81.39,Israel,Asia
isr,2010,81.93,Israel,Asia
isr,2011,82.04,Israel,Asia
isr,2012,82.27,Israel,Asia
isr,2013,82.5,Israel,Asia
isr,2014,81.99,Israel,Asia
isr,2015,82.74,Israel,Asia
isr,2016,82.95,Israel,Asia
isr,2017,83.02,Israel,Asia
isr,2018,82.95,Israel,Asia
isr,2019,83,Israel,Asia
isr,2020,81.95,Israel,Asia
isr,2021,83.3,Israel,Asia
isr,2022,83.45,Israel,Asia
isr,2023,83.6,Israel,Asia
isr,2024,83.74,Israel,Asia
isr,2025,83.88,Israel,Asia
isr,2026,84.02,Israel,Asia
isr,2027,84.16,Israel,Asia
isr,2028,84.3,Israel,Asia
isr,2029,84.43,Israel,Asia
isr,2030,84.55,Israel,Asia
isr,2031,84.68,Israel,Asia
isr,2032,84.8,Israel,Asia
isr,2033,84.92,Israel,Asia
isr,2034,85.04,Israel,Asia
isr,2035,85.16,Israel,Asia
isr,2036,85.28,Israel,Asia
isr,2037,85.4,Israel,Asia
isr,2038,85.51,Israel,Asia
isr,2039,85.63,Israel,Asia
isr,2040,85.74,Israel,Asia
isr,2041,85.86,Israel,Asia
isr,2042,85.97,Israel,Asia
isr,2043,86.09,Israel,Asia
isr,2044,86.2,Israel,Asia
isr,2045,86.32,Israel,Asia
isr,2046,86.43,Israel,Asia
isr,2047,86.55,Israel,Asia
isr,2048,86.66,Israel,Asia
isr,2049,86.77,Israel,Asia
isr,2050,86.88,Israel,Asia
isr,2051,87,Israel,Asia
isr,2052,87.11,Israel,Asia
isr,2053,87.22,Israel,Asia
isr,2054,87.33,Israel,Asia
isr,2055,87.44,Israel,Asia
isr,2056,87.54,Israel,Asia
isr,2057,87.65,Israel,Asia
isr,2058,87.76,Israel,Asia
isr,2059,87.87,Israel,Asia
isr,2060,87.98,Israel,Asia
isr,2061,88.09,Israel,Asia
isr,2062,88.2,Israel,Asia
isr,2063,88.31,Israel,Asia
isr,2064,88.42,Israel,Asia
isr,2065,88.53,Israel,Asia
isr,2066,88.64,Israel,Asia
isr,2067,88.75,Israel,Asia
isr,2068,88.86,Israel,Asia
isr,2069,88.97,Israel,Asia
isr,2070,89.08,Israel,Asia
isr,2071,89.19,Israel,Asia
isr,2072,89.31,Israel,Asia
isr,2073,89.42,Israel,Asia
isr,2074,89.53,Israel,Asia
isr,2075,89.64,Israel,Asia
isr,2076,89.75,Israel,Asia
isr,2077,89.85,Israel,Asia
isr,2078,89.96,Israel,Asia
isr,2079,90.07,Israel,Asia
isr,2080,90.18,Israel,Asia
isr,2081,90.29,Israel,Asia
isr,2082,90.41,Israel,Asia
isr,2083,90.52,Israel,Asia
isr,2084,90.63,Israel,Asia
isr,2085,90.74,Israel,Asia
isr,2086,90.85,Israel,Asia
isr,2087,90.96,Israel,Asia
isr,2088,91.07,Israel,Asia
isr,2089,91.18,Israel,Asia
isr,2090,91.3,Israel,Asia
isr,2091,91.41,Israel,Asia
isr,2092,91.52,Israel,Asia
isr,2093,91.63,Israel,Asia
isr,2094,91.74,Israel,Asia
isr,2095,91.85,Israel,Asia
isr,2096,91.96,Israel,Asia
isr,2097,92.07,Israel,Asia
isr,2098,92.18,Israel,Asia
isr,2099,92.29,Israel,Asia
isr,2100,92.4,Israel,Asia
ita,1800,29.69,Italy,Europe
ita,1801,29.69,Italy,Europe
ita,1802,29.69,Italy,Europe
ita,1803,29.69,Italy,Europe
ita,1804,29.69,Italy,Europe
ita,1805,29.69,Italy,Europe
ita,1806,29.69,Italy,Europe
ita,1807,29.69,Italy,Europe
ita,1808,29.69,Italy,Europe
ita,1809,29.69,Italy,Europe
ita,1810,29.69,Italy,Europe
ita,1811,29.69,Italy,Europe
ita,1812,29.69,Italy,Europe
ita,1813,29.69,Italy,Europe
ita,1814,29.69,Italy,Europe
ita,1815,29.69,Italy,Europe
ita,1816,29.69,Italy,Europe
ita,1817,29.69,Italy,Europe
ita,1818,29.69,Italy,Europe
ita,1819,29.69,Italy,Europe
ita,1820,29.69,Italy,Europe
ita,1821,29.69,Italy,Europe
ita,1822,29.69,Italy,Europe
ita,1823,29.69,Italy,Europe
ita,1824,29.69,Italy,Europe
ita,1825,29.69,Italy,Europe
ita,1826,29.69,Italy,Europe
ita,1827,29.69,Italy,Europe
ita,1828,29.69,Italy,Europe
ita,1829,29.69,Italy,Europe
ita,1830,29.69,Italy,Europe
ita,1831,29.69,Italy,Europe
ita,1832,29.69,Italy,Europe
ita,1833,29.69,Italy,Europe
ita,1834,29.69,Italy,Europe
ita,1835,29.69,Italy,Europe
ita,1836,29.69,Italy,Europe
ita,1837,29.69,Italy,Europe
ita,1838,29.69,Italy,Europe
ita,1839,29.69,Italy,Europe
ita,1840,29.69,Italy,Europe
ita,1841,29.69,Italy,Europe
ita,1842,29.69,Italy,Europe
ita,1843,29.69,Italy,Europe
ita,1844,29.69,Italy,Europe
ita,1845,29.69,Italy,Europe
ita,1846,29.69,Italy,Europe
ita,1847,29.69,Italy,Europe
ita,1848,29.69,Italy,Europe
ita,1849,29.69,Italy,Europe
ita,1850,29.69,Italy,Europe
ita,1851,29.69,Italy,Europe
ita,1852,29.69,Italy,Europe
ita,1853,29.69,Italy,Europe
ita,1854,29.69,Italy,Europe
ita,1855,29.69,Italy,Europe
ita,1856,29.69,Italy,Europe
ita,1857,29.69,Italy,Europe
ita,1858,29.69,Italy,Europe
ita,1859,29.69,Italy,Europe
ita,1860,29.69,Italy,Europe
ita,1861,29.69,Italy,Europe
ita,1862,29.69,Italy,Europe
ita,1863,29.69,Italy,Europe
ita,1864,29.69,Italy,Europe
ita,1865,29.69,Italy,Europe
ita,1866,29.69,Italy,Europe
ita,1867,29.69,Italy,Europe
ita,1868,29.69,Italy,Europe
ita,1869,29.69,Italy,Europe
ita,1870,29.69,Italy,Europe
ita,1871,29.69,Italy,Europe
ita,1872,29.69,Italy,Europe
ita,1873,31.6,Italy,Europe
ita,1874,31.75,Italy,Europe
ita,1875,31.31,Italy,Europe
ita,1876,33.6,Italy,Europe
ita,1877,34.89,Italy,Europe
ita,1878,34.33,Italy,Europe
ita,1879,33.96,Italy,Europe
ita,1880,32.75,Italy,Europe
ita,1881,34.21,Italy,Europe
ita,1882,34.3,Italy,Europe
ita,1883,35.19,Italy,Europe
ita,1884,36.61,Italy,Europe
ita,1885,36.84,Italy,Europe
ita,1886,35.11,Italy,Europe
ita,1887,35.99,Italy,Europe
ita,1888,36.94,Italy,Europe
ita,1889,39.07,Italy,Europe
ita,1890,38.52,Italy,Europe
ita,1891,38.48,Italy,Europe
ita,1892,38.86,Italy,Europe
ita,1893,39.81,Italy,Europe
ita,1894,39.93,Italy,Europe
ita,1895,39.63,Italy,Europe
ita,1896,40.73,Italy,Europe
ita,1897,43.32,Italy,Europe
ita,1898,42.36,Italy,Europe
ita,1899,43.7,Italy,Europe
ita,1900,41.69,Italy,Europe
ita,1901,43.55,Italy,Europe
ita,1902,43.02,Italy,Europe
ita,1903,43.19,Italy,Europe
ita,1904,44.47,Italy,Europe
ita,1905,43.98,Italy,Europe
ita,1906,45.13,Italy,Europe
ita,1907,45.49,Italy,Europe
ita,1908,43.23,Italy,Europe
ita,1909,44.71,Italy,Europe
ita,1910,46.8,Italy,Europe
ita,1911,44.82,Italy,Europe
ita,1912,49.03,Italy,Europe
ita,1913,48.51,Italy,Europe
ita,1914,49.94,Italy,Europe
ita,1915,42.39,Italy,Europe
ita,1916,39.31,Italy,Europe
ita,1917,37.73,Italy,Europe
ita,1918,25.65,Italy,Europe
ita,1919,42.15,Italy,Europe
ita,1920,45.57,Italy,Europe
ita,1921,49.31,Italy,Europe
ita,1922,50.07,Italy,Europe
ita,1923,51.52,Italy,Europe
ita,1924,51.58,Italy,Europe
ita,1925,51.38,Italy,Europe
ita,1926,51.03,Italy,Europe
ita,1927,52.65,Italy,Europe
ita,1928,52.75,Italy,Europe
ita,1929,52.37,Italy,Europe
ita,1930,55.28,Italy,Europe
ita,1931,54.86,Italy,Europe
ita,1932,54.85,Italy,Europe
ita,1933,56.38,Italy,Europe
ita,1934,56.95,Italy,Europe
ita,1935,56.31,Italy,Europe
ita,1936,56.84,Italy,Europe
ita,1937,55.58,Italy,Europe
ita,1938,56.22,Italy,Europe
ita,1939,57.74,Italy,Europe
ita,1940,57.05,Italy,Europe
ita,1941,54.72,Italy,Europe
ita,1942,52.54,Italy,Europe
ita,1943,49.28,Italy,Europe
ita,1944,52.44,Italy,Europe
ita,1945,54.88,Italy,Europe
ita,1946,59.08,Italy,Europe
ita,1947,61.3,Italy,Europe
ita,1948,63.57,Italy,Europe
ita,1949,64.24,Italy,Europe
ita,1950,65.9,Italy,Europe
ita,1951,65.67,Italy,Europe
ita,1952,66.23,Italy,Europe
ita,1953,67.09,Italy,Europe
ita,1954,68.06,Italy,Europe
ita,1955,68.43,Italy,Europe
ita,1956,68.25,Italy,Europe
ita,1957,68.36,Italy,Europe
ita,1958,69.21,Italy,Europe
ita,1959,69.69,Italy,Europe
ita,1960,69.86,Italy,Europe
ita,1961,70.17,Italy,Europe
ita,1962,69.9,Italy,Europe
ita,1963,69.98,Italy,Europe
ita,1964,70.7,Italy,Europe
ita,1965,70.87,Italy,Europe
ita,1966,71.26,Italy,Europe
ita,1967,71.34,Italy,Europe
ita,1968,71.22,Italy,Europe
ita,1969,71.3,Italy,Europe
ita,1970,71.81,Italy,Europe
ita,1971,72.1,Italy,Europe
ita,1972,72.26,Italy,Europe
ita,1973,72.37,Italy,Europe
ita,1974,72.76,Italy,Europe
ita,1975,72.86,Italy,Europe
ita,1976,73.1,Italy,Europe
ita,1977,73.48,Italy,Europe
ita,1978,73.8,Italy,Europe
ita,1979,74.09,Italy,Europe
ita,1980,74.2,Italy,Europe
ita,1981,74.61,Italy,Europe
ita,1982,74.95,Italy,Europe
ita,1983,75.03,Italy,Europe
ita,1984,75.51,Italy,Europe
ita,1985,75.79,Italy,Europe
ita,1986,76.14,Italy,Europe
ita,1987,76.48,Italy,Europe
ita,1988,76.74,Italy,Europe
ita,1989,77.01,Italy,Europe
ita,1990,77.16,Italy,Europe
ita,1991,77.25,Italy,Europe
ita,1992,77.52,Italy,Europe
ita,1993,77.77,Italy,Europe
ita,1994,77.96,Italy,Europe
ita,1995,78.22,Italy,Europe
ita,1996,78.5,Italy,Europe
ita,1997,78.8,Italy,Europe
ita,1998,78.96,Italy,Europe
ita,1999,79.28,Italy,Europe
ita,2000,79.64,Italy,Europe
ita,2001,79.94,Italy,Europe
ita,2002,80.15,Italy,Europe
ita,2003,80.27,Italy,Europe
ita,2004,80.75,Italy,Europe
ita,2005,80.99,Italy,Europe
ita,2006,81.28,Italy,Europe
ita,2007,81.46,Italy,Europe
ita,2008,81.63,Italy,Europe
ita,2009,81.79,Italy,Europe
ita,2010,82.08,Italy,Europe
ita,2011,82.23,Italy,Europe
ita,2012,82.36,Italy,Europe
ita,2013,82.61,Italy,Europe
ita,2014,82.82,Italy,Europe
ita,2015,82.74,Italy,Europe
ita,2016,83.02,Italy,Europe
ita,2017,83.1,Italy,Europe
ita,2018,83.07,Italy,Europe
ita,2019,83.1,Italy,Europe
ita,2020,81.9,Italy,Europe
ita,2021,83.39,Italy,Europe
ita,2022,83.53,Italy,Europe
ita,2023,83.66,Italy,Europe
ita,2024,83.79,Italy,Europe
ita,2025,83.92,Italy,Europe
ita,2026,84.05,Italy,Europe
ita,2027,84.17,Italy,Europe
ita,2028,84.29,Italy,Europe
ita,2029,84.41,Italy,Europe
ita,2030,84.53,Italy,Europe
ita,2031,84.66,Italy,Europe
ita,2032,84.78,Italy,Europe
ita,2033,84.9,Italy,Europe
ita,2034,85.02,Italy,Europe
ita,2035,85.14,Italy,Europe
ita,2036,85.26,Italy,Europe
ita,2037,85.38,Italy,Europe
ita,2038,85.5,Italy,Europe
ita,2039,85.62,Italy,Europe
ita,2040,85.73,Italy,Europe
ita,2041,85.85,Italy,Europe
ita,2042,85.96,Italy,Europe
ita,2043,86.08,Italy,Europe
ita,2044,86.19,Italy,Europe
ita,2045,86.31,Italy,Europe
ita,2046,86.42,Italy,Europe
ita,2047,86.54,Italy,Europe
ita,2048,86.65,Italy,Europe
ita,2049,86.76,Italy,Europe
ita,2050,86.88,Italy,Europe
ita,2051,86.99,Italy,Europe
ita,2052,87.1,Italy,Europe
ita,2053,87.22,Italy,Europe
ita,2054,87.33,Italy,Europe
ita,2055,87.45,Italy,Europe
ita,2056,87.57,Italy,Europe
ita,2057,87.68,Italy,Europe
ita,2058,87.79,Italy,Europe
ita,2059,87.9,Italy,Europe
ita,2060,88.01,Italy,Europe
ita,2061,88.12,Italy,Europe
ita,2062,88.23,Italy,Europe
ita,2063,88.34,Italy,Europe
ita,2064,88.45,Italy,Europe
ita,2065,88.56,Italy,Europe
ita,2066,88.67,Italy,Europe
ita,2067,88.79,Italy,Europe
ita,2068,88.9,Italy,Europe
ita,2069,89.01,Italy,Europe
ita,2070,89.12,Italy,Europe
ita,2071,89.23,Italy,Europe
ita,2072,89.34,Italy,Europe
ita,2073,89.45,Italy,Europe
ita,2074,89.56,Italy,Europe
ita,2075,89.67,Italy,Europe
ita,2076,89.77,Italy,Europe
ita,2077,89.88,Italy,Europe
ita,2078,89.99,Italy,Europe
ita,2079,90.1,Italy,Europe
ita,2080,90.21,Italy,Europe
ita,2081,90.32,Italy,Europe
ita,2082,90.43,Italy,Europe
ita,2083,90.54,Italy,Europe
ita,2084,90.65,Italy,Europe
ita,2085,90.77,Italy,Europe
ita,2086,90.88,Italy,Europe
ita,2087,90.99,Italy,Europe
ita,2088,91.1,Italy,Europe
ita,2089,91.21,Italy,Europe
ita,2090,91.32,Italy,Europe
ita,2091,91.43,Italy,Europe
ita,2092,91.54,Italy,Europe
ita,2093,91.65,Italy,Europe
ita,2094,91.76,Italy,Europe
ita,2095,91.87,Italy,Europe
ita,2096,91.98,Italy,Europe
ita,2097,92.09,Italy,Europe
ita,2098,92.2,Italy,Europe
ita,2099,92.31,Italy,Europe
ita,2100,92.42,Italy,Europe
jam,1800,34.2,Jamaica,North America
jam,1801,34.2,Jamaica,North America
jam,1802,34.2,Jamaica,North America
jam,1803,34.2,Jamaica,North America
jam,1804,34.2,Jamaica,North America
jam,1805,34.2,Jamaica,North America
jam,1806,34.2,Jamaica,North America
jam,1807,34.2,Jamaica,North America
jam,1808,34.2,Jamaica,North America
jam,1809,34.2,Jamaica,North America
jam,1810,34.2,Jamaica,North America
jam,1811,34.2,Jamaica,North America
jam,1812,34.2,Jamaica,North America
jam,1813,34.2,Jamaica,North America
jam,1814,34.2,Jamaica,North America
jam,1815,34.2,Jamaica,North America
jam,1816,34.2,Jamaica,North America
jam,1817,34.2,Jamaica,North America
jam,1818,34.2,Jamaica,North America
jam,1819,34.2,Jamaica,North America
jam,1820,34.2,Jamaica,North America
jam,1821,34.2,Jamaica,North America
jam,1822,34.2,Jamaica,North America
jam,1823,34.2,Jamaica,North America
jam,1824,34.2,Jamaica,North America
jam,1825,34.2,Jamaica,North America
jam,1826,34.2,Jamaica,North America
jam,1827,34.2,Jamaica,North America
jam,1828,34.2,Jamaica,North America
jam,1829,34.2,Jamaica,North America
jam,1830,34.2,Jamaica,North America
jam,1831,34.2,Jamaica,North America
jam,1832,34.2,Jamaica,North America
jam,1833,34.2,Jamaica,North America
jam,1834,34.2,Jamaica,North America
jam,1835,34.2,Jamaica,North America
jam,1836,34.2,Jamaica,North America
jam,1837,34.2,Jamaica,North America
jam,1838,34.2,Jamaica,North America
jam,1839,34.2,Jamaica,North America
jam,1840,34.2,Jamaica,North America
jam,1841,34.2,Jamaica,North America
jam,1842,34.2,Jamaica,North America
jam,1843,34.2,Jamaica,North America
jam,1844,34.2,Jamaica,North America
jam,1845,34.2,Jamaica,North America
jam,1846,34.2,Jamaica,North America
jam,1847,34.2,Jamaica,North America
jam,1848,34.2,Jamaica,North America
jam,1849,34.2,Jamaica,North America
jam,1850,34.2,Jamaica,North America
jam,1851,34.2,Jamaica,North America
jam,1852,34.2,Jamaica,North America
jam,1853,34.2,Jamaica,North America
jam,1854,34.2,Jamaica,North America
jam,1855,34.2,Jamaica,North America
jam,1856,34.2,Jamaica,North America
jam,1857,34.2,Jamaica,North America
jam,1858,34.2,Jamaica,North America
jam,1859,34.2,Jamaica,North America
jam,1860,34.2,Jamaica,North America
jam,1861,34.2,Jamaica,North America
jam,1862,34.2,Jamaica,North America
jam,1863,34.2,Jamaica,North America
jam,1864,34.2,Jamaica,North America
jam,1865,34.2,Jamaica,North America
jam,1866,34.2,Jamaica,North America
jam,1867,34.2,Jamaica,North America
jam,1868,34.2,Jamaica,North America
jam,1869,34.2,Jamaica,North America
jam,1870,34.2,Jamaica,North America
jam,1871,34.21,Jamaica,North America
jam,1872,34.21,Jamaica,North America
jam,1873,34.22,Jamaica,North America
jam,1874,34.23,Jamaica,North America
jam,1875,34.23,Jamaica,North America
jam,1876,34.24,Jamaica,North America
jam,1877,34.25,Jamaica,North America
jam,1878,34.25,Jamaica,North America
jam,1879,34.26,Jamaica,North America
jam,1880,34.27,Jamaica,North America
jam,1881,34.28,Jamaica,North America
jam,1882,40.2,Jamaica,North America
jam,1883,38.2,Jamaica,North America
jam,1884,37.3,Jamaica,North America
jam,1885,37.91,Jamaica,North America
jam,1886,37.02,Jamaica,North America
jam,1887,35.62,Jamaica,North America
jam,1888,38.74,Jamaica,North America
jam,1889,37.74,Jamaica,North America
jam,1890,34.44,Jamaica,North America
jam,1891,37.46,Jamaica,North America
jam,1892,39.37,Jamaica,North America
jam,1893,38.78,Jamaica,North America
jam,1894,39.19,Jamaica,North America
jam,1895,37.59,Jamaica,North America
jam,1896,37.8,Jamaica,North America
jam,1897,37.2,Jamaica,North America
jam,1898,39.32,Jamaica,North America
jam,1899,37.82,Jamaica,North America
jam,1900,38.03,Jamaica,North America
jam,1901,38.34,Jamaica,North America
jam,1902,40.66,Jamaica,North America
jam,1903,34.83,Jamaica,North America
jam,1904,33.83,Jamaica,North America
jam,1905,37.86,Jamaica,North America
jam,1906,32.63,Jamaica,North America
jam,1907,29.72,Jamaica,North America
jam,1908,37.08,Jamaica,North America
jam,1909,37.59,Jamaica,North America
jam,1910,36.99,Jamaica,North America
jam,1911,38.21,Jamaica,North America
jam,1912,34.69,Jamaica,North America
jam,1913,37.82,Jamaica,North America
jam,1914,38.54,Jamaica,North America
jam,1915,37.33,Jamaica,North America
jam,1916,35.93,Jamaica,North America
jam,1917,32,Jamaica,North America
jam,1918,26.65,Jamaica,North America
jam,1919,36.96,Jamaica,North America
jam,1920,35.76,Jamaica,North America
jam,1921,31.01,Jamaica,North America
jam,1922,37.39,Jamaica,North America
jam,1923,38.4,Jamaica,North America
jam,1924,39.02,Jamaica,North America
jam,1925,39.33,Jamaica,North America
jam,1926,41.16,Jamaica,North America
jam,1927,39.85,Jamaica,North America
jam,1928,42.08,Jamaica,North America
jam,1929,43.51,Jamaica,North America
jam,1930,45.85,Jamaica,North America
jam,1931,43.22,Jamaica,North America
jam,1932,44.75,Jamaica,North America
jam,1933,42.13,Jamaica,North America
jam,1934,44.97,Jamaica,North America
jam,1935,44.57,Jamaica,North America
jam,1936,44.99,Jamaica,North America
jam,1937,47.84,Jamaica,North America
jam,1938,46.53,Jamaica,North America
jam,1939,49.17,Jamaica,North America
jam,1940,48.27,Jamaica,North America
jam,1941,50.1,Jamaica,North America
jam,1942,50.52,Jamaica,North America
jam,1943,51.04,Jamaica,North America
jam,1944,49.83,Jamaica,North America
jam,1945,49.84,Jamaica,North America
jam,1946,52.18,Jamaica,North America
jam,1947,51.18,Jamaica,North America
jam,1948,52.51,Jamaica,North America
jam,1949,54.76,Jamaica,North America
jam,1950,57.54,Jamaica,North America
jam,1951,57.9,Jamaica,North America
jam,1952,59.23,Jamaica,North America
jam,1953,60.47,Jamaica,North America
jam,1954,61.27,Jamaica,North America
jam,1955,62.15,Jamaica,North America
jam,1956,63.05,Jamaica,North America
jam,1957,63.88,Jamaica,North America
jam,1958,64.43,Jamaica,North America
jam,1959,64.6,Jamaica,North America
jam,1960,65.14,Jamaica,North America
jam,1961,65.39,Jamaica,North America
jam,1962,64.81,Jamaica,North America
jam,1963,66.11,Jamaica,North America
jam,1964,66.6,Jamaica,North America
jam,1965,66.84,Jamaica,North America
jam,1966,67.35,Jamaica,North America
jam,1967,67.82,Jamaica,North America
jam,1968,67.72,Jamaica,North America
jam,1969,68.36,Jamaica,North America
jam,1970,68.87,Jamaica,North America
jam,1971,68.81,Jamaica,North America
jam,1972,69.55,Jamaica,North America
jam,1973,70.06,Jamaica,North America
jam,1974,70.72,Jamaica,North America
jam,1975,71.03,Jamaica,North America
jam,1976,71.09,Jamaica,North America
jam,1977,70.86,Jamaica,North America
jam,1978,72.01,Jamaica,North America
jam,1979,72.8,Jamaica,North America
jam,1980,73.82,Jamaica,North America
jam,1981,73.51,Jamaica,North America
jam,1982,73.97,Jamaica,North America
jam,1983,73.03,Jamaica,North America
jam,1984,72.66,Jamaica,North America
jam,1985,73.07,Jamaica,North America
jam,1986,73.78,Jamaica,North America
jam,1987,73.36,Jamaica,North America
jam,1988,74.5,Jamaica,North America
jam,1989,74.81,Jamaica,North America
jam,1990,75.32,Jamaica,North America
jam,1991,76.24,Jamaica,North America
jam,1992,75.91,Jamaica,North America
jam,1993,75.52,Jamaica,North America
jam,1994,75.33,Jamaica,North America
jam,1995,75.28,Jamaica,North America
jam,1996,75.23,Jamaica,North America
jam,1997,74.97,Jamaica,North America
jam,1998,74.87,Jamaica,North America
jam,1999,74.48,Jamaica,North America
jam,2000,74.64,Jamaica,North America
jam,2001,74.7,Jamaica,North America
jam,2002,75.52,Jamaica,North America
jam,2003,76.27,Jamaica,North America
jam,2004,76.75,Jamaica,North America
jam,2005,77.42,Jamaica,North America
jam,2006,77.52,Jamaica,North America
jam,2007,76.31,Jamaica,North America
jam,2008,75.24,Jamaica,North America
jam,2009,74.63,Jamaica,North America
jam,2010,76.34,Jamaica,North America
jam,2011,75.77,Jamaica,North America
jam,2012,77,Jamaica,North America
jam,2013,77.12,Jamaica,North America
jam,2014,76.25,Jamaica,North America
jam,2015,76.14,Jamaica,North America
jam,2016,76.23,Jamaica,North America
jam,2017,76.3,Jamaica,North America
jam,2018,76.34,Jamaica,North America
jam,2019,76.25,Jamaica,North America
jam,2020,76.17,Jamaica,North America
jam,2021,76.48,Jamaica,North America
jam,2022,76.6,Jamaica,North America
jam,2023,76.72,Jamaica,North America
jam,2024,76.84,Jamaica,North America
jam,2025,76.96,Jamaica,North America
jam,2026,77.09,Jamaica,North America
jam,2027,77.22,Jamaica,North America
jam,2028,77.35,Jamaica,North America
jam,2029,77.48,Jamaica,North America
jam,2030,77.61,Jamaica,North America
jam,2031,77.74,Jamaica,North America
jam,2032,77.87,Jamaica,North America
jam,2033,77.99,Jamaica,North America
jam,2034,78.12,Jamaica,North America
jam,2035,78.24,Jamaica,North America
jam,2036,78.36,Jamaica,North America
jam,2037,78.48,Jamaica,North America
jam,2038,78.6,Jamaica,North America
jam,2039,78.72,Jamaica,North America
jam,2040,78.84,Jamaica,North America
jam,2041,78.96,Jamaica,North America
jam,2042,79.08,Jamaica,North America
jam,2043,79.2,Jamaica,North America
jam,2044,79.32,Jamaica,North America
jam,2045,79.44,Jamaica,North America
jam,2046,79.56,Jamaica,North America
jam,2047,79.68,Jamaica,North America
jam,2048,79.81,Jamaica,North America
jam,2049,79.93,Jamaica,North America
jam,2050,80.05,Jamaica,North America
jam,2051,80.18,Jamaica,North America
jam,2052,80.3,Jamaica,North America
jam,2053,80.43,Jamaica,North America
jam,2054,80.56,Jamaica,North America
jam,2055,80.69,Jamaica,North America
jam,2056,80.81,Jamaica,North America
jam,2057,80.94,Jamaica,North America
jam,2058,81.07,Jamaica,North America
jam,2059,81.19,Jamaica,North America
jam,2060,81.32,Jamaica,North America
jam,2061,81.45,Jamaica,North America
jam,2062,81.57,Jamaica,North America
jam,2063,81.7,Jamaica,North America
jam,2064,81.83,Jamaica,North America
jam,2065,81.96,Jamaica,North America
jam,2066,82.08,Jamaica,North America
jam,2067,82.21,Jamaica,North America
jam,2068,82.34,Jamaica,North America
jam,2069,82.47,Jamaica,North America
jam,2070,82.6,Jamaica,North America
jam,2071,82.74,Jamaica,North America
jam,2072,82.87,Jamaica,North America
jam,2073,83,Jamaica,North America
jam,2074,83.13,Jamaica,North America
jam,2075,83.26,Jamaica,North America
jam,2076,83.4,Jamaica,North America
jam,2077,83.53,Jamaica,North America
jam,2078,83.66,Jamaica,North America
jam,2079,83.8,Jamaica,North America
jam,2080,83.93,Jamaica,North America
jam,2081,84.06,Jamaica,North America
jam,2082,84.19,Jamaica,North America
jam,2083,84.32,Jamaica,North America
jam,2084,84.45,Jamaica,North America
jam,2085,84.58,Jamaica,North America
jam,2086,84.71,Jamaica,North America
jam,2087,84.84,Jamaica,North America
jam,2088,84.96,Jamaica,North America
jam,2089,85.09,Jamaica,North America
jam,2090,85.21,Jamaica,North America
jam,2091,85.34,Jamaica,North America
jam,2092,85.46,Jamaica,North America
jam,2093,85.58,Jamaica,North America
jam,2094,85.7,Jamaica,North America
jam,2095,85.82,Jamaica,North America
jam,2096,85.94,Jamaica,North America
jam,2097,86.06,Jamaica,North America
jam,2098,86.17,Jamaica,North America
jam,2099,86.28,Jamaica,North America
jam,2100,86.4,Jamaica,North America
jpn,1800,36.4,Japan,Asia
jpn,1801,36.4,Japan,Asia
jpn,1802,36.4,Japan,Asia
jpn,1803,36.4,Japan,Asia
jpn,1804,36.4,Japan,Asia
jpn,1805,36.4,Japan,Asia
jpn,1806,36.4,Japan,Asia
jpn,1807,36.4,Japan,Asia
jpn,1808,36.4,Japan,Asia
jpn,1809,36.4,Japan,Asia
jpn,1810,36.4,Japan,Asia
jpn,1811,36.4,Japan,Asia
jpn,1812,36.4,Japan,Asia
jpn,1813,36.41,Japan,Asia
jpn,1814,36.41,Japan,Asia
jpn,1815,36.41,Japan,Asia
jpn,1816,36.41,Japan,Asia
jpn,1817,36.41,Japan,Asia
jpn,1818,36.41,Japan,Asia
jpn,1819,36.41,Japan,Asia
jpn,1820,36.41,Japan,Asia
jpn,1821,36.41,Japan,Asia
jpn,1822,36.41,Japan,Asia
jpn,1823,36.41,Japan,Asia
jpn,1824,36.41,Japan,Asia
jpn,1825,36.41,Japan,Asia
jpn,1826,36.41,Japan,Asia
jpn,1827,36.41,Japan,Asia
jpn,1828,36.41,Japan,Asia
jpn,1829,36.41,Japan,Asia
jpn,1830,36.41,Japan,Asia
jpn,1831,36.41,Japan,Asia
jpn,1832,36.41,Japan,Asia
jpn,1833,36.41,Japan,Asia
jpn,1834,36.41,Japan,Asia
jpn,1835,36.41,Japan,Asia
jpn,1836,36.41,Japan,Asia
jpn,1837,36.41,Japan,Asia
jpn,1838,36.42,Japan,Asia
jpn,1839,36.42,Japan,Asia
jpn,1840,36.42,Japan,Asia
jpn,1841,36.42,Japan,Asia
jpn,1842,36.42,Japan,Asia
jpn,1843,36.42,Japan,Asia
jpn,1844,36.42,Japan,Asia
jpn,1845,36.42,Japan,Asia
jpn,1846,36.42,Japan,Asia
jpn,1847,36.42,Japan,Asia
jpn,1848,36.42,Japan,Asia
jpn,1849,36.42,Japan,Asia
jpn,1850,36.42,Japan,Asia
jpn,1851,36.42,Japan,Asia
jpn,1852,36.42,Japan,Asia
jpn,1853,36.42,Japan,Asia
jpn,1854,36.42,Japan,Asia
jpn,1855,36.42,Japan,Asia
jpn,1856,36.42,Japan,Asia
jpn,1857,36.42,Japan,Asia
jpn,1858,36.42,Japan,Asia
jpn,1859,36.42,Japan,Asia
jpn,1860,36.42,Japan,Asia
jpn,1861,36.42,Japan,Asia
jpn,1862,36.42,Japan,Asia
jpn,1863,36.43,Japan,Asia
jpn,1864,36.43,Japan,Asia
jpn,1865,36.43,Japan,Asia
jpn,1866,36.46,Japan,Asia
jpn,1867,36.49,Japan,Asia
jpn,1868,36.53,Japan,Asia
jpn,1869,36.56,Japan,Asia
jpn,1870,36.59,Japan,Asia
jpn,1871,36.64,Japan,Asia
jpn,1872,36.68,Japan,Asia
jpn,1873,36.73,Japan,Asia
jpn,1874,36.77,Japan,Asia
jpn,1875,36.82,Japan,Asia
jpn,1876,36.87,Japan,Asia
jpn,1877,36.92,Japan,Asia
jpn,1878,36.97,Japan,Asia
jpn,1879,37.02,Japan,Asia
jpn,1880,37.07,Japan,Asia
jpn,1881,37.13,Japan,Asia
jpn,1882,37.2,Japan,Asia
jpn,1883,37.26,Japan,Asia
jpn,1884,37.32,Japan,Asia
jpn,1885,37.38,Japan,Asia
jpn,1886,37.46,Japan,Asia
jpn,1887,37.53,Japan,Asia
jpn,1888,37.6,Japan,Asia
jpn,1889,37.67,Japan,Asia
jpn,1890,37.75,Japan,Asia
jpn,1891,37.84,Japan,Asia
jpn,1892,37.92,Japan,Asia
jpn,1893,38.01,Japan,Asia
jpn,1894,38.1,Japan,Asia
jpn,1895,38.19,Japan,Asia
jpn,1896,38.29,Japan,Asia
jpn,1897,38.4,Japan,Asia
jpn,1898,38.5,Japan,Asia
jpn,1899,38.61,Japan,Asia
jpn,1900,38.71,Japan,Asia
jpn,1901,38.84,Japan,Asia
jpn,1902,38.97,Japan,Asia
jpn,1903,39.1,Japan,Asia
jpn,1904,39.22,Japan,Asia
jpn,1905,39.35,Japan,Asia
jpn,1906,39.51,Japan,Asia
jpn,1907,39.66,Japan,Asia
jpn,1908,39.82,Japan,Asia
jpn,1909,39.97,Japan,Asia
jpn,1910,40.13,Japan,Asia
jpn,1911,40.32,Japan,Asia
jpn,1912,40.51,Japan,Asia
jpn,1913,40.7,Japan,Asia
jpn,1914,40.89,Japan,Asia
jpn,1915,41.08,Japan,Asia
jpn,1916,41.31,Japan,Asia
jpn,1917,41.54,Japan,Asia
jpn,1918,32.85,Japan,Asia
jpn,1919,42.01,Japan,Asia
jpn,1920,42.25,Japan,Asia
jpn,1921,42.54,Japan,Asia
jpn,1922,42.83,Japan,Asia
jpn,1923,43.44,Japan,Asia
jpn,1924,44.06,Japan,Asia
jpn,1925,44.68,Japan,Asia
jpn,1926,45.29,Japan,Asia
jpn,1927,45.91,Japan,Asia
jpn,1928,46.24,Japan,Asia
jpn,1929,46.57,Japan,Asia
jpn,1930,46.9,Japan,Asia
jpn,1931,47.22,Japan,Asia
jpn,1932,47.55,Japan,Asia
jpn,1933,47.88,Japan,Asia
jpn,1934,48.21,Japan,Asia
jpn,1935,48.54,Japan,Asia
jpn,1936,48.93,Japan,Asia
jpn,1937,49.31,Japan,Asia
jpn,1938,49.32,Japan,Asia
jpn,1939,49.32,Japan,Asia
jpn,1940,49.33,Japan,Asia
jpn,1941,49.08,Japan,Asia
jpn,1942,48.83,Japan,Asia
jpn,1943,46.32,Japan,Asia
jpn,1944,40.28,Japan,Asia
jpn,1945,30.76,Japan,Asia
jpn,1946,46.84,Japan,Asia
jpn,1947,52.13,Japan,Asia
jpn,1948,57.31,Japan,Asia
jpn,1949,58.2,Japan,Asia
jpn,1950,59.75,Japan,Asia
jpn,1951,61.46,Japan,Asia
jpn,1952,63.4,Japan,Asia
jpn,1953,63.95,Japan,Asia
jpn,1954,64.95,Japan,Asia
jpn,1955,66.12,Japan,Asia
jpn,1956,66.06,Japan,Asia
jpn,1957,66.18,Japan,Asia
jpn,1958,67.4,Japan,Asia
jpn,1959,67.8,Japan,Asia
jpn,1960,68.31,Japan,Asia
jpn,1961,68.79,Japan,Asia
jpn,1962,69.29,Japan,Asia
jpn,1963,70.13,Japan,Asia
jpn,1964,70.65,Japan,Asia
jpn,1965,70.86,Japan,Asia
jpn,1966,71.48,Japan,Asia
jpn,1967,71.9,Japan,Asia
jpn,1968,72.18,Japan,Asia
jpn,1969,72.38,Japan,Asia
jpn,1970,72.65,Japan,Asia
jpn,1971,73.31,Japan,Asia
jpn,1972,73.72,Japan,Asia
jpn,1973,73.92,Japan,Asia
jpn,1974,74.3,Japan,Asia
jpn,1975,74.77,Japan,Asia
jpn,1976,75.23,Japan,Asia
jpn,1977,75.75,Japan,Asia
jpn,1978,76.13,Japan,Asia
jpn,1979,76.36,Japan,Asia
jpn,1980,76.57,Japan,Asia
jpn,1981,76.94,Japan,Asia
jpn,1982,77.34,Japan,Asia
jpn,1983,77.5,Japan,Asia
jpn,1984,77.82,Japan,Asia
jpn,1985,78.16,Japan,Asia
jpn,1986,78.53,Japan,Asia
jpn,1987,78.89,Japan,Asia
jpn,1988,79,Japan,Asia
jpn,1989,79.25,Japan,Asia
jpn,1990,79.41,Japan,Asia
jpn,1991,79.59,Japan,Asia
jpn,1992,79.72,Japan,Asia
jpn,1993,79.89,Japan,Asia
jpn,1994,80.19,Japan,Asia
jpn,1995,80.24,Japan,Asia
jpn,1996,80.71,Japan,Asia
jpn,1997,80.99,Japan,Asia
jpn,1998,81.03,Japan,Asia
jpn,1999,81.15,Japan,Asia
jpn,2000,81.57,Japan,Asia
jpn,2001,81.9,Japan,Asia
jpn,2002,82.18,Japan,Asia
jpn,2003,82.3,Japan,Asia
jpn,2004,82.46,Japan,Asia
jpn,2005,82.5,Japan,Asia
jpn,2006,82.75,Japan,Asia
jpn,2007,82.93,Japan,Asia
jpn,2008,83.09,Japan,Asia
jpn,2009,83.27,Japan,Asia
jpn,2010,83.34,Japan,Asia
jpn,2011,83.21,Japan,Asia
jpn,2012,83.63,Japan,Asia
jpn,2013,83.86,Japan,Asia
jpn,2014,84.1,Japan,Asia
jpn,2015,84.35,Japan,Asia
jpn,2016,84.5,Japan,Asia
jpn,2017,84.74,Japan,Asia
jpn,2018,84.78,Japan,Asia
jpn,2019,84.8,Japan,Asia
jpn,2020,84.74,Japan,Asia
jpn,2021,85.06,Japan,Asia
jpn,2022,85.17,Japan,Asia
jpn,2023,85.28,Japan,Asia
jpn,2024,85.39,Japan,Asia
jpn,2025,85.5,Japan,Asia
jpn,2026,85.62,Japan,Asia
jpn,2027,85.74,Japan,Asia
jpn,2028,85.85,Japan,Asia
jpn,2029,85.97,Japan,Asia
jpn,2030,86.09,Japan,Asia
jpn,2031,86.21,Japan,Asia
jpn,2032,86.32,Japan,Asia
jpn,2033,86.44,Japan,Asia
jpn,2034,86.56,Japan,Asia
jpn,2035,86.67,Japan,Asia
jpn,2036,86.79,Japan,Asia
jpn,2037,86.91,Japan,Asia
jpn,2038,87.02,Japan,Asia
jpn,2039,87.14,Japan,Asia
jpn,2040,87.26,Japan,Asia
jpn,2041,87.38,Japan,Asia
jpn,2042,87.49,Japan,Asia
jpn,2043,87.61,Japan,Asia
jpn,2044,87.72,Japan,Asia
jpn,2045,87.84,Japan,Asia
jpn,2046,87.95,Japan,Asia
jpn,2047,88.07,Japan,Asia
jpn,2048,88.18,Japan,Asia
jpn,2049,88.3,Japan,Asia
jpn,2050,88.41,Japan,Asia
jpn,2051,88.53,Japan,Asia
jpn,2052,88.64,Japan,Asia
jpn,2053,88.75,Japan,Asia
jpn,2054,88.87,Japan,Asia
jpn,2055,88.98,Japan,Asia
jpn,2056,89.09,Japan,Asia
jpn,2057,89.2,Japan,Asia
jpn,2058,89.31,Japan,Asia
jpn,2059,89.42,Japan,Asia
jpn,2060,89.53,Japan,Asia
jpn,2061,89.64,Japan,Asia
jpn,2062,89.76,Japan,Asia
jpn,2063,89.87,Japan,Asia
jpn,2064,89.98,Japan,Asia
jpn,2065,90.09,Japan,Asia
jpn,2066,90.2,Japan,Asia
jpn,2067,90.32,Japan,Asia
jpn,2068,90.43,Japan,Asia
jpn,2069,90.54,Japan,Asia
jpn,2070,90.65,Japan,Asia
jpn,2071,90.76,Japan,Asia
jpn,2072,90.87,Japan,Asia
jpn,2073,90.98,Japan,Asia
jpn,2074,91.09,Japan,Asia
jpn,2075,91.2,Japan,Asia
jpn,2076,91.31,Japan,Asia
jpn,2077,91.42,Japan,Asia
jpn,2078,91.53,Japan,Asia
jpn,2079,91.64,Japan,Asia
jpn,2080,91.75,Japan,Asia
jpn,2081,91.86,Japan,Asia
jpn,2082,91.98,Japan,Asia
jpn,2083,92.09,Japan,Asia
jpn,2084,92.2,Japan,Asia
jpn,2085,92.31,Japan,Asia
jpn,2086,92.42,Japan,Asia
jpn,2087,92.53,Japan,Asia
jpn,2088,92.64,Japan,Asia
jpn,2089,92.75,Japan,Asia
jpn,2090,92.86,Japan,Asia
jpn,2091,92.97,Japan,Asia
jpn,2092,93.08,Japan,Asia
jpn,2093,93.19,Japan,Asia
jpn,2094,93.3,Japan,Asia
jpn,2095,93.41,Japan,Asia
jpn,2096,93.52,Japan,Asia
jpn,2097,93.63,Japan,Asia
jpn,2098,93.74,Japan,Asia
jpn,2099,93.85,Japan,Asia
jpn,2100,93.96,Japan,Asia
jor,1800,31.7,Jordan,Asia
jor,1801,31.7,Jordan,Asia
jor,1802,31.7,Jordan,Asia
jor,1803,31.7,Jordan,Asia
jor,1804,31.7,Jordan,Asia
jor,1805,31.7,Jordan,Asia
jor,1806,31.7,Jordan,Asia
jor,1807,31.7,Jordan,Asia
jor,1808,31.7,Jordan,Asia
jor,1809,31.7,Jordan,Asia
jor,1810,31.7,Jordan,Asia
jor,1811,31.7,Jordan,Asia
jor,1812,31.7,Jordan,Asia
jor,1813,31.7,Jordan,Asia
jor,1814,31.7,Jordan,Asia
jor,1815,31.7,Jordan,Asia
jor,1816,31.7,Jordan,Asia
jor,1817,31.7,Jordan,Asia
jor,1818,31.7,Jordan,Asia
jor,1819,31.7,Jordan,Asia
jor,1820,31.7,Jordan,Asia
jor,1821,31.7,Jordan,Asia
jor,1822,31.7,Jordan,Asia
jor,1823,31.7,Jordan,Asia
jor,1824,31.7,Jordan,Asia
jor,1825,31.7,Jordan,Asia
jor,1826,31.7,Jordan,Asia
jor,1827,31.7,Jordan,Asia
jor,1828,31.7,Jordan,Asia
jor,1829,31.7,Jordan,Asia
jor,1830,31.7,Jordan,Asia
jor,1831,31.7,Jordan,Asia
jor,1832,31.7,Jordan,Asia
jor,1833,31.7,Jordan,Asia
jor,1834,31.7,Jordan,Asia
jor,1835,31.7,Jordan,Asia
jor,1836,31.7,Jordan,Asia
jor,1837,31.7,Jordan,Asia
jor,1838,31.7,Jordan,Asia
jor,1839,31.7,Jordan,Asia
jor,1840,31.7,Jordan,Asia
jor,1841,31.7,Jordan,Asia
jor,1842,31.7,Jordan,Asia
jor,1843,31.7,Jordan,Asia
jor,1844,31.7,Jordan,Asia
jor,1845,31.7,Jordan,Asia
jor,1846,31.7,Jordan,Asia
jor,1847,31.7,Jordan,Asia
jor,1848,31.7,Jordan,Asia
jor,1849,31.7,Jordan,Asia
jor,1850,31.7,Jordan,Asia
jor,1851,31.7,Jordan,Asia
jor,1852,31.7,Jordan,Asia
jor,1853,31.7,Jordan,Asia
jor,1854,31.7,Jordan,Asia
jor,1855,31.7,Jordan,Asia
jor,1856,31.7,Jordan,Asia
jor,1857,31.7,Jordan,Asia
jor,1858,31.7,Jordan,Asia
jor,1859,31.7,Jordan,Asia
jor,1860,31.7,Jordan,Asia
jor,1861,31.7,Jordan,Asia
jor,1862,31.7,Jordan,Asia
jor,1863,31.7,Jordan,Asia
jor,1864,31.7,Jordan,Asia
jor,1865,31.7,Jordan,Asia
jor,1866,31.7,Jordan,Asia
jor,1867,31.7,Jordan,Asia
jor,1868,31.7,Jordan,Asia
jor,1869,31.7,Jordan,Asia
jor,1870,31.7,Jordan,Asia
jor,1871,31.81,Jordan,Asia
jor,1872,31.91,Jordan,Asia
jor,1873,32.02,Jordan,Asia
jor,1874,32.13,Jordan,Asia
jor,1875,32.24,Jordan,Asia
jor,1876,32.34,Jordan,Asia
jor,1877,32.45,Jordan,Asia
jor,1878,32.56,Jordan,Asia
jor,1879,32.66,Jordan,Asia
jor,1880,32.77,Jordan,Asia
jor,1881,32.88,Jordan,Asia
jor,1882,32.99,Jordan,Asia
jor,1883,33.09,Jordan,Asia
jor,1884,33.2,Jordan,Asia
jor,1885,33.31,Jordan,Asia
jor,1886,33.41,Jordan,Asia
jor,1887,33.52,Jordan,Asia
jor,1888,33.63,Jordan,Asia
jor,1889,33.74,Jordan,Asia
jor,1890,33.84,Jordan,Asia
jor,1891,33.95,Jordan,Asia
jor,1892,34.06,Jordan,Asia
jor,1893,34.16,Jordan,Asia
jor,1894,34.27,Jordan,Asia
jor,1895,34.38,Jordan,Asia
jor,1896,34.49,Jordan,Asia
jor,1897,34.59,Jordan,Asia
jor,1898,34.7,Jordan,Asia
jor,1899,34.81,Jordan,Asia
jor,1900,34.91,Jordan,Asia
jor,1901,35.02,Jordan,Asia
jor,1902,35.13,Jordan,Asia
jor,1903,35.24,Jordan,Asia
jor,1904,35.34,Jordan,Asia
jor,1905,35.45,Jordan,Asia
jor,1906,35.56,Jordan,Asia
jor,1907,35.66,Jordan,Asia
jor,1908,35.77,Jordan,Asia
jor,1909,35.88,Jordan,Asia
jor,1910,35.99,Jordan,Asia
jor,1911,36.09,Jordan,Asia
jor,1912,36.2,Jordan,Asia
jor,1913,36.31,Jordan,Asia
jor,1914,36.41,Jordan,Asia
jor,1915,36.52,Jordan,Asia
jor,1916,36.63,Jordan,Asia
jor,1917,36.74,Jordan,Asia
jor,1918,30.54,Jordan,Asia
jor,1919,36.95,Jordan,Asia
jor,1920,37.06,Jordan,Asia
jor,1921,37.17,Jordan,Asia
jor,1922,37.27,Jordan,Asia
jor,1923,37.38,Jordan,Asia
jor,1924,37.49,Jordan,Asia
jor,1925,37.59,Jordan,Asia
jor,1926,37.7,Jordan,Asia
jor,1927,37.81,Jordan,Asia
jor,1928,37.92,Jordan,Asia
jor,1929,38.02,Jordan,Asia
jor,1930,38.13,Jordan,Asia
jor,1931,38.24,Jordan,Asia
jor,1932,38.34,Jordan,Asia
jor,1933,38.45,Jordan,Asia
jor,1934,38.56,Jordan,Asia
jor,1935,38.67,Jordan,Asia
jor,1936,39.84,Jordan,Asia
jor,1937,41.02,Jordan,Asia
jor,1938,42.2,Jordan,Asia
jor,1939,43.39,Jordan,Asia
jor,1940,44.59,Jordan,Asia
jor,1941,45.79,Jordan,Asia
jor,1942,47,Jordan,Asia
jor,1943,48.21,Jordan,Asia
jor,1944,49.43,Jordan,Asia
jor,1945,50.65,Jordan,Asia
jor,1946,51.88,Jordan,Asia
jor,1947,53.12,Jordan,Asia
jor,1948,54.36,Jordan,Asia
jor,1949,55.61,Jordan,Asia
jor,1950,56.87,Jordan,Asia
jor,1951,56.97,Jordan,Asia
jor,1952,57.13,Jordan,Asia
jor,1953,57.34,Jordan,Asia
jor,1954,57.48,Jordan,Asia
jor,1955,57.53,Jordan,Asia
jor,1956,57.85,Jordan,Asia
jor,1957,58.13,Jordan,Asia
jor,1958,58.48,Jordan,Asia
jor,1959,58.87,Jordan,Asia
jor,1960,59.4,Jordan,Asia
jor,1961,59.64,Jordan,Asia
jor,1962,59.97,Jordan,Asia
jor,1963,60.07,Jordan,Asia
jor,1964,60.89,Jordan,Asia
jor,1965,61.36,Jordan,Asia
jor,1966,61.37,Jordan,Asia
jor,1967,61.65,Jordan,Asia
jor,1968,62.94,Jordan,Asia
jor,1969,63.52,Jordan,Asia
jor,1970,63.02,Jordan,Asia
jor,1971,64.38,Jordan,Asia
jor,1972,64.82,Jordan,Asia
jor,1973,65.15,Jordan,Asia
jor,1974,65.32,Jordan,Asia
jor,1975,65.43,Jordan,Asia
jor,1976,65.69,Jordan,Asia
jor,1977,66.25,Jordan,Asia
jor,1978,66.46,Jordan,Asia
jor,1979,66.74,Jordan,Asia
jor,1980,67.12,Jordan,Asia
jor,1981,67.46,Jordan,Asia
jor,1982,67.58,Jordan,Asia
jor,1983,68.09,Jordan,Asia
jor,1984,68.72,Jordan,Asia
jor,1985,69.13,Jordan,Asia
jor,1986,69.05,Jordan,Asia
jor,1987,69.64,Jordan,Asia
jor,1988,70.28,Jordan,Asia
jor,1989,70.74,Jordan,Asia
jor,1990,71.23,Jordan,Asia
jor,1991,71.44,Jordan,Asia
jor,1992,71.76,Jordan,Asia
jor,1993,71.63,Jordan,Asia
jor,1994,71.74,Jordan,Asia
jor,1995,71.78,Jordan,Asia
jor,1996,71.81,Jordan,Asia
jor,1997,72.05,Jordan,Asia
jor,1998,72.28,Jordan,Asia
jor,1999,72.53,Jordan,Asia
jor,2000,72.89,Jordan,Asia
jor,2001,73.03,Jordan,Asia
jor,2002,73.33,Jordan,Asia
jor,2003,73.85,Jordan,Asia
jor,2004,74.03,Jordan,Asia
jor,2005,74.1,Jordan,Asia
jor,2006,74.5,Jordan,Asia
jor,2007,75.46,Jordan,Asia
jor,2008,76.23,Jordan,Asia
jor,2009,76.69,Jordan,Asia
jor,2010,76.92,Jordan,Asia
jor,2011,77.16,Jordan,Asia
jor,2012,77.49,Jordan,Asia
jor,2013,77.9,Jordan,Asia
jor,2014,78.07,Jordan,Asia
jor,2015,78.15,Jordan,Asia
jor,2016,78.11,Jordan,Asia
jor,2017,78.18,Jordan,Asia
jor,2018,77.94,Jordan,Asia
jor,2019,78.23,Jordan,Asia
jor,2020,76.93,Jordan,Asia
jor,2021,78.51,Jordan,Asia
jor,2022,78.66,Jordan,Asia
jor,2023,78.8,Jordan,Asia
jor,2024,78.95,Jordan,Asia
jor,2025,79.09,Jordan,Asia
jor,2026,79.23,Jordan,Asia
jor,2027,79.37,Jordan,Asia
jor,2028,79.51,Jordan,Asia
jor,2029,79.65,Jordan,Asia
jor,2030,79.79,Jordan,Asia
jor,2031,79.93,Jordan,Asia
jor,2032,80.07,Jordan,Asia
jor,2033,80.2,Jordan,Asia
jor,2034,80.34,Jordan,Asia
jor,2035,80.48,Jordan,Asia
jor,2036,80.62,Jordan,Asia
jor,2037,80.75,Jordan,Asia
jor,2038,80.89,Jordan,Asia
jor,2039,81.03,Jordan,Asia
jor,2040,81.17,Jordan,Asia
jor,2041,81.3,Jordan,Asia
jor,2042,81.44,Jordan,Asia
jor,2043,81.58,Jordan,Asia
jor,2044,81.72,Jordan,Asia
jor,2045,81.86,Jordan,Asia
jor,2046,82.01,Jordan,Asia
jor,2047,82.15,Jordan,Asia
jor,2048,82.29,Jordan,Asia
jor,2049,82.43,Jordan,Asia
jor,2050,82.57,Jordan,Asia
jor,2051,82.72,Jordan,Asia
jor,2052,82.86,Jordan,Asia
jor,2053,83,Jordan,Asia
jor,2054,83.14,Jordan,Asia
jor,2055,83.28,Jordan,Asia
jor,2056,83.42,Jordan,Asia
jor,2057,83.56,Jordan,Asia
jor,2058,83.7,Jordan,Asia
jor,2059,83.84,Jordan,Asia
jor,2060,83.99,Jordan,Asia
jor,2061,84.13,Jordan,Asia
jor,2062,84.27,Jordan,Asia
jor,2063,84.42,Jordan,Asia
jor,2064,84.56,Jordan,Asia
jor,2065,84.7,Jordan,Asia
jor,2066,84.84,Jordan,Asia
jor,2067,84.98,Jordan,Asia
jor,2068,85.12,Jordan,Asia
jor,2069,85.27,Jordan,Asia
jor,2070,85.41,Jordan,Asia
jor,2071,85.55,Jordan,Asia
jor,2072,85.69,Jordan,Asia
jor,2073,85.83,Jordan,Asia
jor,2074,85.97,Jordan,Asia
jor,2075,86.11,Jordan,Asia
jor,2076,86.25,Jordan,Asia
jor,2077,86.38,Jordan,Asia
jor,2078,86.52,Jordan,Asia
jor,2079,86.66,Jordan,Asia
jor,2080,86.79,Jordan,Asia
jor,2081,86.93,Jordan,Asia
jor,2082,87.06,Jordan,Asia
jor,2083,87.19,Jordan,Asia
jor,2084,87.32,Jordan,Asia
jor,2085,87.45,Jordan,Asia
jor,2086,87.58,Jordan,Asia
jor,2087,87.71,Jordan,Asia
jor,2088,87.83,Jordan,Asia
jor,2089,87.96,Jordan,Asia
jor,2090,88.08,Jordan,Asia
jor,2091,88.21,Jordan,Asia
jor,2092,88.33,Jordan,Asia
jor,2093,88.45,Jordan,Asia
jor,2094,88.57,Jordan,Asia
jor,2095,88.68,Jordan,Asia
jor,2096,88.8,Jordan,Asia
jor,2097,88.91,Jordan,Asia
jor,2098,89.02,Jordan,Asia
jor,2099,89.13,Jordan,Asia
jor,2100,89.24,Jordan,Asia
kaz,1800,26.2,Kazakhstan,Asia
kaz,1801,26.2,Kazakhstan,Asia
kaz,1802,26.2,Kazakhstan,Asia
kaz,1803,26.2,Kazakhstan,Asia
kaz,1804,26.2,Kazakhstan,Asia
kaz,1805,26.2,Kazakhstan,Asia
kaz,1806,26.2,Kazakhstan,Asia
kaz,1807,26.2,Kazakhstan,Asia
kaz,1808,26.2,Kazakhstan,Asia
kaz,1809,26.2,Kazakhstan,Asia
kaz,1810,26.2,Kazakhstan,Asia
kaz,1811,26.2,Kazakhstan,Asia
kaz,1812,26.2,Kazakhstan,Asia
kaz,1813,26.2,Kazakhstan,Asia
kaz,1814,26.2,Kazakhstan,Asia
kaz,1815,26.2,Kazakhstan,Asia
kaz,1816,26.2,Kazakhstan,Asia
kaz,1817,26.2,Kazakhstan,Asia
kaz,1818,26.2,Kazakhstan,Asia
kaz,1819,26.2,Kazakhstan,Asia
kaz,1820,26.2,Kazakhstan,Asia
kaz,1821,26.2,Kazakhstan,Asia
kaz,1822,26.2,Kazakhstan,Asia
kaz,1823,26.2,Kazakhstan,Asia
kaz,1824,26.2,Kazakhstan,Asia
kaz,1825,26.2,Kazakhstan,Asia
kaz,1826,26.2,Kazakhstan,Asia
kaz,1827,26.2,Kazakhstan,Asia
kaz,1828,26.2,Kazakhstan,Asia
kaz,1829,26.2,Kazakhstan,Asia
kaz,1830,26.2,Kazakhstan,Asia
kaz,1831,26.2,Kazakhstan,Asia
kaz,1832,26.2,Kazakhstan,Asia
kaz,1833,26.2,Kazakhstan,Asia
kaz,1834,26.2,Kazakhstan,Asia
kaz,1835,26.2,Kazakhstan,Asia
kaz,1836,26.2,Kazakhstan,Asia
kaz,1837,26.2,Kazakhstan,Asia
kaz,1838,26.2,Kazakhstan,Asia
kaz,1839,26.2,Kazakhstan,Asia
kaz,1840,26.2,Kazakhstan,Asia
kaz,1841,26.2,Kazakhstan,Asia
kaz,1842,26.2,Kazakhstan,Asia
kaz,1843,26.2,Kazakhstan,Asia
kaz,1844,26.2,Kazakhstan,Asia
kaz,1845,26.2,Kazakhstan,Asia
kaz,1846,26.2,Kazakhstan,Asia
kaz,1847,26.2,Kazakhstan,Asia
kaz,1848,26.2,Kazakhstan,Asia
kaz,1849,26.2,Kazakhstan,Asia
kaz,1850,26.2,Kazakhstan,Asia
kaz,1851,26.2,Kazakhstan,Asia
kaz,1852,26.2,Kazakhstan,Asia
kaz,1853,26.2,Kazakhstan,Asia
kaz,1854,26.2,Kazakhstan,Asia
kaz,1855,26.2,Kazakhstan,Asia
kaz,1856,26.2,Kazakhstan,Asia
kaz,1857,26.2,Kazakhstan,Asia
kaz,1858,26.2,Kazakhstan,Asia
kaz,1859,26.2,Kazakhstan,Asia
kaz,1860,26.2,Kazakhstan,Asia
kaz,1861,26.2,Kazakhstan,Asia
kaz,1862,26.2,Kazakhstan,Asia
kaz,1863,26.2,Kazakhstan,Asia
kaz,1864,25.68,Kazakhstan,Asia
kaz,1865,25.15,Kazakhstan,Asia
kaz,1866,24.63,Kazakhstan,Asia
kaz,1867,24.1,Kazakhstan,Asia
kaz,1868,23.58,Kazakhstan,Asia
kaz,1869,23.62,Kazakhstan,Asia
kaz,1870,23.67,Kazakhstan,Asia
kaz,1871,23.73,Kazakhstan,Asia
kaz,1872,23.79,Kazakhstan,Asia
kaz,1873,23.85,Kazakhstan,Asia
kaz,1874,24.07,Kazakhstan,Asia
kaz,1875,24.29,Kazakhstan,Asia
kaz,1876,24.51,Kazakhstan,Asia
kaz,1877,24.73,Kazakhstan,Asia
kaz,1878,24.95,Kazakhstan,Asia
kaz,1879,25.17,Kazakhstan,Asia
kaz,1880,25.39,Kazakhstan,Asia
kaz,1881,25.61,Kazakhstan,Asia
kaz,1882,25.83,Kazakhstan,Asia
kaz,1883,26.05,Kazakhstan,Asia
kaz,1884,26.27,Kazakhstan,Asia
kaz,1885,26.49,Kazakhstan,Asia
kaz,1886,26.71,Kazakhstan,Asia
kaz,1887,26.94,Kazakhstan,Asia
kaz,1888,27.16,Kazakhstan,Asia
kaz,1889,27.38,Kazakhstan,Asia
kaz,1890,27.6,Kazakhstan,Asia
kaz,1891,27.83,Kazakhstan,Asia
kaz,1892,28.05,Kazakhstan,Asia
kaz,1893,28.27,Kazakhstan,Asia
kaz,1894,28.5,Kazakhstan,Asia
kaz,1895,28.72,Kazakhstan,Asia
kaz,1896,28.95,Kazakhstan,Asia
kaz,1897,29.17,Kazakhstan,Asia
kaz,1898,29.02,Kazakhstan,Asia
kaz,1899,28.88,Kazakhstan,Asia
kaz,1900,28.73,Kazakhstan,Asia
kaz,1901,29,Kazakhstan,Asia
kaz,1902,29.28,Kazakhstan,Asia
kaz,1903,29.56,Kazakhstan,Asia
kaz,1904,29.83,Kazakhstan,Asia
kaz,1905,30.11,Kazakhstan,Asia
kaz,1906,30.39,Kazakhstan,Asia
kaz,1907,30.67,Kazakhstan,Asia
kaz,1908,30.95,Kazakhstan,Asia
kaz,1909,31.23,Kazakhstan,Asia
kaz,1910,31.51,Kazakhstan,Asia
kaz,1911,34.58,Kazakhstan,Asia
kaz,1912,35.04,Kazakhstan,Asia
kaz,1913,32.83,Kazakhstan,Asia
kaz,1914,32.43,Kazakhstan,Asia
kaz,1915,32.04,Kazakhstan,Asia
kaz,1916,32.06,Kazakhstan,Asia
kaz,1917,28.98,Kazakhstan,Asia
kaz,1918,18.64,Kazakhstan,Asia
kaz,1919,24.32,Kazakhstan,Asia
kaz,1920,19.67,Kazakhstan,Asia
kaz,1921,23.11,Kazakhstan,Asia
kaz,1922,24.06,Kazakhstan,Asia
kaz,1923,33.33,Kazakhstan,Asia
kaz,1924,35.96,Kazakhstan,Asia
kaz,1925,35.05,Kazakhstan,Asia
kaz,1926,38.4,Kazakhstan,Asia
kaz,1927,37.74,Kazakhstan,Asia
kaz,1928,39.34,Kazakhstan,Asia
kaz,1929,38.07,Kazakhstan,Asia
kaz,1930,37.38,Kazakhstan,Asia
kaz,1931,16.72,Kazakhstan,Asia
kaz,1932,8.37,Kazakhstan,Asia
kaz,1933,4.19,Kazakhstan,Asia
kaz,1934,39.96,Kazakhstan,Asia
kaz,1935,41.63,Kazakhstan,Asia
kaz,1936,43.41,Kazakhstan,Asia
kaz,1937,42.4,Kazakhstan,Asia
kaz,1938,44.2,Kazakhstan,Asia
kaz,1939,46.75,Kazakhstan,Asia
kaz,1940,44.18,Kazakhstan,Asia
kaz,1941,28.42,Kazakhstan,Asia
kaz,1942,25.28,Kazakhstan,Asia
kaz,1943,24.25,Kazakhstan,Asia
kaz,1944,32.7,Kazakhstan,Asia
kaz,1945,41.17,Kazakhstan,Asia
kaz,1946,51.77,Kazakhstan,Asia
kaz,1947,43.34,Kazakhstan,Asia
kaz,1948,51.91,Kazakhstan,Asia
kaz,1949,54.91,Kazakhstan,Asia
kaz,1950,57.39,Kazakhstan,Asia
kaz,1951,57.64,Kazakhstan,Asia
kaz,1952,58.04,Kazakhstan,Asia
kaz,1953,58.43,Kazakhstan,Asia
kaz,1954,58.86,Kazakhstan,Asia
kaz,1955,59.29,Kazakhstan,Asia
kaz,1956,59.79,Kazakhstan,Asia
kaz,1957,60.23,Kazakhstan,Asia
kaz,1958,60.69,Kazakhstan,Asia
kaz,1959,60.99,Kazakhstan,Asia
kaz,1960,61.38,Kazakhstan,Asia
kaz,1961,61.79,Kazakhstan,Asia
kaz,1962,62.21,Kazakhstan,Asia
kaz,1963,62.5,Kazakhstan,Asia
kaz,1964,62.88,Kazakhstan,Asia
kaz,1965,63.36,Kazakhstan,Asia
kaz,1966,63.71,Kazakhstan,Asia
kaz,1967,64.04,Kazakhstan,Asia
kaz,1968,64.36,Kazakhstan,Asia
kaz,1969,64.47,Kazakhstan,Asia
kaz,1970,64.82,Kazakhstan,Asia
kaz,1971,65.12,Kazakhstan,Asia
kaz,1972,65.24,Kazakhstan,Asia
kaz,1973,65.36,Kazakhstan,Asia
kaz,1974,65.51,Kazakhstan,Asia
kaz,1975,65.7,Kazakhstan,Asia
kaz,1976,65.85,Kazakhstan,Asia
kaz,1977,66.08,Kazakhstan,Asia
kaz,1978,65.94,Kazakhstan,Asia
kaz,1979,66.55,Kazakhstan,Asia
kaz,1980,66.89,Kazakhstan,Asia
kaz,1981,67.02,Kazakhstan,Asia
kaz,1982,67.46,Kazakhstan,Asia
kaz,1983,67.4,Kazakhstan,Asia
kaz,1984,67.31,Kazakhstan,Asia
kaz,1985,67.65,Kazakhstan,Asia
kaz,1986,68.92,Kazakhstan,Asia
kaz,1987,68.8,Kazakhstan,Asia
kaz,1988,68.63,Kazakhstan,Asia
kaz,1989,68.25,Kazakhstan,Asia
kaz,1990,68.09,Kazakhstan,Asia
kaz,1991,67.58,Kazakhstan,Asia
kaz,1992,66.74,Kazakhstan,Asia
kaz,1993,65.67,Kazakhstan,Asia
kaz,1994,64.85,Kazakhstan,Asia
kaz,1995,64.03,Kazakhstan,Asia
kaz,1996,63.87,Kazakhstan,Asia
kaz,1997,64.1,Kazakhstan,Asia
kaz,1998,64.52,Kazakhstan,Asia
kaz,1999,64.85,Kazakhstan,Asia
kaz,2000,64.7,Kazakhstan,Asia
kaz,2001,64.7,Kazakhstan,Asia
kaz,2002,64.71,Kazakhstan,Asia
kaz,2003,64.58,Kazakhstan,Asia
kaz,2004,64.59,Kazakhstan,Asia
kaz,2005,64.59,Kazakhstan,Asia
kaz,2006,64.81,Kazakhstan,Asia
kaz,2007,65.33,Kazakhstan,Asia
kaz,2008,66.33,Kazakhstan,Asia
kaz,2009,67.27,Kazakhstan,Asia
kaz,2010,67.62,Kazakhstan,Asia
kaz,2011,68.12,Kazakhstan,Asia
kaz,2012,68.62,Kazakhstan,Asia
kaz,2013,69.42,Kazakhstan,Asia
kaz,2014,70.12,Kazakhstan,Asia
kaz,2015,70.64,Kazakhstan,Asia
kaz,2016,71.09,Kazakhstan,Asia
kaz,2017,71.54,Kazakhstan,Asia
kaz,2018,71.7,Kazakhstan,Asia
kaz,2019,71.94,Kazakhstan,Asia
kaz,2020,71.17,Kazakhstan,Asia
kaz,2021,72.28,Kazakhstan,Asia
kaz,2022,72.35,Kazakhstan,Asia
kaz,2023,72.4,Kazakhstan,Asia
kaz,2024,72.47,Kazakhstan,Asia
kaz,2025,72.57,Kazakhstan,Asia
kaz,2026,72.69,Kazakhstan,Asia
kaz,2027,72.82,Kazakhstan,Asia
kaz,2028,72.95,Kazakhstan,Asia
kaz,2029,73.08,Kazakhstan,Asia
kaz,2030,73.22,Kazakhstan,Asia
kaz,2031,73.35,Kazakhstan,Asia
kaz,2032,73.48,Kazakhstan,Asia
kaz,2033,73.62,Kazakhstan,Asia
kaz,2034,73.75,Kazakhstan,Asia
kaz,2035,73.89,Kazakhstan,Asia
kaz,2036,74.02,Kazakhstan,Asia
kaz,2037,74.15,Kazakhstan,Asia
kaz,2038,74.29,Kazakhstan,Asia
kaz,2039,74.42,Kazakhstan,Asia
kaz,2040,74.56,Kazakhstan,Asia
kaz,2041,74.69,Kazakhstan,Asia
kaz,2042,74.83,Kazakhstan,Asia
kaz,2043,74.96,Kazakhstan,Asia
kaz,2044,75.1,Kazakhstan,Asia
kaz,2045,75.24,Kazakhstan,Asia
kaz,2046,75.37,Kazakhstan,Asia
kaz,2047,75.51,Kazakhstan,Asia
kaz,2048,75.65,Kazakhstan,Asia
kaz,2049,75.79,Kazakhstan,Asia
kaz,2050,75.93,Kazakhstan,Asia
kaz,2051,76.07,Kazakhstan,Asia
kaz,2052,76.21,Kazakhstan,Asia
kaz,2053,76.35,Kazakhstan,Asia
kaz,2054,76.49,Kazakhstan,Asia
kaz,2055,76.63,Kazakhstan,Asia
kaz,2056,76.77,Kazakhstan,Asia
kaz,2057,76.91,Kazakhstan,Asia
kaz,2058,77.06,Kazakhstan,Asia
kaz,2059,77.2,Kazakhstan,Asia
kaz,2060,77.34,Kazakhstan,Asia
kaz,2061,77.48,Kazakhstan,Asia
kaz,2062,77.63,Kazakhstan,Asia
kaz,2063,77.77,Kazakhstan,Asia
kaz,2064,77.91,Kazakhstan,Asia
kaz,2065,78.06,Kazakhstan,Asia
kaz,2066,78.2,Kazakhstan,Asia
kaz,2067,78.34,Kazakhstan,Asia
kaz,2068,78.49,Kazakhstan,Asia
kaz,2069,78.63,Kazakhstan,Asia
kaz,2070,78.77,Kazakhstan,Asia
kaz,2071,78.91,Kazakhstan,Asia
kaz,2072,79.06,Kazakhstan,Asia
kaz,2073,79.2,Kazakhstan,Asia
kaz,2074,79.34,Kazakhstan,Asia
kaz,2075,79.48,Kazakhstan,Asia
kaz,2076,79.62,Kazakhstan,Asia
kaz,2077,79.76,Kazakhstan,Asia
kaz,2078,79.9,Kazakhstan,Asia
kaz,2079,80.03,Kazakhstan,Asia
kaz,2080,80.17,Kazakhstan,Asia
kaz,2081,80.3,Kazakhstan,Asia
kaz,2082,80.43,Kazakhstan,Asia
kaz,2083,80.56,Kazakhstan,Asia
kaz,2084,80.69,Kazakhstan,Asia
kaz,2085,80.81,Kazakhstan,Asia
kaz,2086,80.94,Kazakhstan,Asia
kaz,2087,81.06,Kazakhstan,Asia
kaz,2088,81.18,Kazakhstan,Asia
kaz,2089,81.3,Kazakhstan,Asia
kaz,2090,81.43,Kazakhstan,Asia
kaz,2091,81.55,Kazakhstan,Asia
kaz,2092,81.66,Kazakhstan,Asia
kaz,2093,81.78,Kazakhstan,Asia
kaz,2094,81.9,Kazakhstan,Asia
kaz,2095,82.01,Kazakhstan,Asia
kaz,2096,82.13,Kazakhstan,Asia
kaz,2097,82.24,Kazakhstan,Asia
kaz,2098,82.35,Kazakhstan,Asia
kaz,2099,82.47,Kazakhstan,Asia
kaz,2100,82.58,Kazakhstan,Asia
ken,1800,25.5,Kenya,Africa
ken,1801,25.5,Kenya,Africa
ken,1802,25.5,Kenya,Africa
ken,1803,25.5,Kenya,Africa
ken,1804,25.5,Kenya,Africa
ken,1805,25.5,Kenya,Africa
ken,1806,25.5,Kenya,Africa
ken,1807,25.5,Kenya,Africa
ken,1808,25.5,Kenya,Africa
ken,1809,25.5,Kenya,Africa
ken,1810,25.5,Kenya,Africa
ken,1811,25.5,Kenya,Africa
ken,1812,25.5,Kenya,Africa
ken,1813,25.5,Kenya,Africa
ken,1814,25.5,Kenya,Africa
ken,1815,25.5,Kenya,Africa
ken,1816,25.5,Kenya,Africa
ken,1817,25.5,Kenya,Africa
ken,1818,25.5,Kenya,Africa
ken,1819,25.5,Kenya,Africa
ken,1820,25.5,Kenya,Africa
ken,1821,25.5,Kenya,Africa
ken,1822,25.5,Kenya,Africa
ken,1823,25.5,Kenya,Africa
ken,1824,25.5,Kenya,Africa
ken,1825,25.5,Kenya,Africa
ken,1826,25.5,Kenya,Africa
ken,1827,25.5,Kenya,Africa
ken,1828,25.5,Kenya,Africa
ken,1829,25.5,Kenya,Africa
ken,1830,25.5,Kenya,Africa
ken,1831,25.5,Kenya,Africa
ken,1832,25.5,Kenya,Africa
ken,1833,25.5,Kenya,Africa
ken,1834,25.5,Kenya,Africa
ken,1835,25.5,Kenya,Africa
ken,1836,25.5,Kenya,Africa
ken,1837,25.5,Kenya,Africa
ken,1838,25.5,Kenya,Africa
ken,1839,25.5,Kenya,Africa
ken,1840,25.5,Kenya,Africa
ken,1841,25.5,Kenya,Africa
ken,1842,25.5,Kenya,Africa
ken,1843,25.5,Kenya,Africa
ken,1844,25.5,Kenya,Africa
ken,1845,25.5,Kenya,Africa
ken,1846,25.5,Kenya,Africa
ken,1847,25.5,Kenya,Africa
ken,1848,25.5,Kenya,Africa
ken,1849,25.5,Kenya,Africa
ken,1850,25.5,Kenya,Africa
ken,1851,25.5,Kenya,Africa
ken,1852,25.5,Kenya,Africa
ken,1853,25.5,Kenya,Africa
ken,1854,25.5,Kenya,Africa
ken,1855,25.5,Kenya,Africa
ken,1856,25.5,Kenya,Africa
ken,1857,25.5,Kenya,Africa
ken,1858,25.5,Kenya,Africa
ken,1859,25.5,Kenya,Africa
ken,1860,25.5,Kenya,Africa
ken,1861,25.5,Kenya,Africa
ken,1862,25.5,Kenya,Africa
ken,1863,25.5,Kenya,Africa
ken,1864,25.5,Kenya,Africa
ken,1865,25.5,Kenya,Africa
ken,1866,25.5,Kenya,Africa
ken,1867,25.5,Kenya,Africa
ken,1868,25.5,Kenya,Africa
ken,1869,25.5,Kenya,Africa
ken,1870,25.5,Kenya,Africa
ken,1871,25.56,Kenya,Africa
ken,1872,25.61,Kenya,Africa
ken,1873,25.67,Kenya,Africa
ken,1874,25.72,Kenya,Africa
ken,1875,25.78,Kenya,Africa
ken,1876,25.83,Kenya,Africa
ken,1877,25.89,Kenya,Africa
ken,1878,25.94,Kenya,Africa
ken,1879,26,Kenya,Africa
ken,1880,26.05,Kenya,Africa
ken,1881,26.11,Kenya,Africa
ken,1882,26.16,Kenya,Africa
ken,1883,26.22,Kenya,Africa
ken,1884,26.27,Kenya,Africa
ken,1885,26.33,Kenya,Africa
ken,1886,26.38,Kenya,Africa
ken,1887,26.44,Kenya,Africa
ken,1888,26.49,Kenya,Africa
ken,1889,26.55,Kenya,Africa
ken,1890,26.6,Kenya,Africa
ken,1891,26.66,Kenya,Africa
ken,1892,26.71,Kenya,Africa
ken,1893,26.77,Kenya,Africa
ken,1894,26.82,Kenya,Africa
ken,1895,26.88,Kenya,Africa
ken,1896,26.93,Kenya,Africa
ken,1897,26.99,Kenya,Africa
ken,1898,27.04,Kenya,Africa
ken,1899,27.1,Kenya,Africa
ken,1900,27.15,Kenya,Africa
ken,1901,27.21,Kenya,Africa
ken,1902,27.26,Kenya,Africa
ken,1903,27.32,Kenya,Africa
ken,1904,27.37,Kenya,Africa
ken,1905,27.43,Kenya,Africa
ken,1906,27.48,Kenya,Africa
ken,1907,27.54,Kenya,Africa
ken,1908,27.59,Kenya,Africa
ken,1909,27.65,Kenya,Africa
ken,1910,27.7,Kenya,Africa
ken,1911,27.76,Kenya,Africa
ken,1912,27.81,Kenya,Africa
ken,1913,27.87,Kenya,Africa
ken,1914,27.92,Kenya,Africa
ken,1915,27.98,Kenya,Africa
ken,1916,28.03,Kenya,Africa
ken,1917,28.09,Kenya,Africa
ken,1918,6.63,Kenya,Africa
ken,1919,28.2,Kenya,Africa
ken,1920,28.25,Kenya,Africa
ken,1921,28.31,Kenya,Africa
ken,1922,28.36,Kenya,Africa
ken,1923,28.06,Kenya,Africa
ken,1924,27.77,Kenya,Africa
ken,1925,27.47,Kenya,Africa
ken,1926,27.17,Kenya,Africa
ken,1927,26.87,Kenya,Africa
ken,1928,27.19,Kenya,Africa
ken,1929,27.52,Kenya,Africa
ken,1930,27.85,Kenya,Africa
ken,1931,28.18,Kenya,Africa
ken,1932,28.51,Kenya,Africa
ken,1933,28.85,Kenya,Africa
ken,1934,29.18,Kenya,Africa
ken,1935,29.51,Kenya,Africa
ken,1936,29.85,Kenya,Africa
ken,1937,30.19,Kenya,Africa
ken,1938,30.59,Kenya,Africa
ken,1939,31,Kenya,Africa
ken,1940,31.41,Kenya,Africa
ken,1941,31.83,Kenya,Africa
ken,1942,32.24,Kenya,Africa
ken,1943,32.65,Kenya,Africa
ken,1944,33.07,Kenya,Africa
ken,1945,33.49,Kenya,Africa
ken,1946,36.52,Kenya,Africa
ken,1947,39.56,Kenya,Africa
ken,1948,42.62,Kenya,Africa
ken,1949,45.68,Kenya,Africa
ken,1950,48.76,Kenya,Africa
ken,1951,49.57,Kenya,Africa
ken,1952,49.11,Kenya,Africa
ken,1953,49.59,Kenya,Africa
ken,1954,50.28,Kenya,Africa
ken,1955,50.93,Kenya,Africa
ken,1956,51.53,Kenya,Africa
ken,1957,52.79,Kenya,Africa
ken,1958,53.34,Kenya,Africa
ken,1959,53.81,Kenya,Africa
ken,1960,54.29,Kenya,Africa
ken,1961,54.71,Kenya,Africa
ken,1962,55.15,Kenya,Africa
ken,1963,55.58,Kenya,Africa
ken,1964,55.98,Kenya,Africa
ken,1965,56.31,Kenya,Africa
ken,1966,56.69,Kenya,Africa
ken,1967,57.03,Kenya,Africa
ken,1968,57.4,Kenya,Africa
ken,1969,57.79,Kenya,Africa
ken,1970,58.15,Kenya,Africa
ken,1971,58.53,Kenya,Africa
ken,1972,58.96,Kenya,Africa
ken,1973,59.39,Kenya,Africa
ken,1974,59.83,Kenya,Africa
ken,1975,60.24,Kenya,Africa
ken,1976,60.63,Kenya,Africa
ken,1977,61.02,Kenya,Africa
ken,1978,61.46,Kenya,Africa
ken,1979,61.85,Kenya,Africa
ken,1980,62.21,Kenya,Africa
ken,1981,62.52,Kenya,Africa
ken,1982,62.77,Kenya,Africa
ken,1983,63.07,Kenya,Africa
ken,1984,63.26,Kenya,Africa
ken,1985,63.39,Kenya,Africa
ken,1986,63.47,Kenya,Africa
ken,1987,63.39,Kenya,Africa
ken,1988,63.26,Kenya,Africa
ken,1989,62.77,Kenya,Africa
ken,1990,62.12,Kenya,Africa
ken,1991,61.2,Kenya,Africa
ken,1992,60.08,Kenya,Africa
ken,1993,58.97,Kenya,Africa
ken,1994,57.87,Kenya,Africa
ken,1995,57.04,Kenya,Africa
ken,1996,56.27,Kenya,Africa
ken,1997,55.54,Kenya,Africa
ken,1998,55.07,Kenya,Africa
ken,1999,54.88,Kenya,Africa
ken,2000,54.83,Kenya,Africa
ken,2001,54.93,Kenya,Africa
ken,2002,55.05,Kenya,Africa
ken,2003,55.24,Kenya,Africa
ken,2004,55.74,Kenya,Africa
ken,2005,56.51,Kenya,Africa
ken,2006,57.47,Kenya,Africa
ken,2007,58.52,Kenya,Africa
ken,2008,59.38,Kenya,Africa
ken,2009,60.34,Kenya,Africa
ken,2010,61.18,Kenya,Africa
ken,2011,61.95,Kenya,Africa
ken,2012,62.63,Kenya,Africa
ken,2013,63.18,Kenya,Africa
ken,2014,63.75,Kenya,Africa
ken,2015,64.42,Kenya,Africa
ken,2016,65.12,Kenya,Africa
ken,2017,65.69,Kenya,Africa
ken,2018,66.14,Kenya,Africa
ken,2019,66.51,Kenya,Africa
ken,2020,66.44,Kenya,Africa
ken,2021,67.05,Kenya,Africa
ken,2022,67.26,Kenya,Africa
ken,2023,67.46,Kenya,Africa
ken,2024,67.67,Kenya,Africa
ken,2025,67.88,Kenya,Africa
ken,2026,68.09,Kenya,Africa
ken,2027,68.31,Kenya,Africa
ken,2028,68.52,Kenya,Africa
ken,2029,68.73,Kenya,Africa
ken,2030,68.93,Kenya,Africa
ken,2031,69.13,Kenya,Africa
ken,2032,69.33,Kenya,Africa
ken,2033,69.52,Kenya,Africa
ken,2034,69.7,Kenya,Africa
ken,2035,69.88,Kenya,Africa
ken,2036,70.07,Kenya,Africa
ken,2037,70.24,Kenya,Africa
ken,2038,70.42,Kenya,Africa
ken,2039,70.59,Kenya,Africa
ken,2040,70.76,Kenya,Africa
ken,2041,70.93,Kenya,Africa
ken,2042,71.1,Kenya,Africa
ken,2043,71.26,Kenya,Africa
ken,2044,71.42,Kenya,Africa
ken,2045,71.58,Kenya,Africa
ken,2046,71.74,Kenya,Africa
ken,2047,71.9,Kenya,Africa
ken,2048,72.05,Kenya,Africa
ken,2049,72.21,Kenya,Africa
ken,2050,72.36,Kenya,Africa
ken,2051,72.51,Kenya,Africa
ken,2052,72.66,Kenya,Africa
ken,2053,72.81,Kenya,Africa
ken,2054,72.97,Kenya,Africa
ken,2055,73.12,Kenya,Africa
ken,2056,73.27,Kenya,Africa
ken,2057,73.42,Kenya,Africa
ken,2058,73.57,Kenya,Africa
ken,2059,73.72,Kenya,Africa
ken,2060,73.87,Kenya,Africa
ken,2061,74.01,Kenya,Africa
ken,2062,74.16,Kenya,Africa
ken,2063,74.31,Kenya,Africa
ken,2064,74.46,Kenya,Africa
ken,2065,74.61,Kenya,Africa
ken,2066,74.77,Kenya,Africa
ken,2067,74.92,Kenya,Africa
ken,2068,75.07,Kenya,Africa
ken,2069,75.21,Kenya,Africa
ken,2070,75.36,Kenya,Africa
ken,2071,75.51,Kenya,Africa
ken,2072,75.66,Kenya,Africa
ken,2073,75.81,Kenya,Africa
ken,2074,75.96,Kenya,Africa
ken,2075,76.1,Kenya,Africa
ken,2076,76.25,Kenya,Africa
ken,2077,76.4,Kenya,Africa
ken,2078,76.55,Kenya,Africa
ken,2079,76.7,Kenya,Africa
ken,2080,76.85,Kenya,Africa
ken,2081,77,Kenya,Africa
ken,2082,77.15,Kenya,Africa
ken,2083,77.3,Kenya,Africa
ken,2084,77.45,Kenya,Africa
ken,2085,77.6,Kenya,Africa
ken,2086,77.75,Kenya,Africa
ken,2087,77.9,Kenya,Africa
ken,2088,78.06,Kenya,Africa
ken,2089,78.21,Kenya,Africa
ken,2090,78.36,Kenya,Africa
ken,2091,78.51,Kenya,Africa
ken,2092,78.67,Kenya,Africa
ken,2093,78.82,Kenya,Africa
ken,2094,78.98,Kenya,Africa
ken,2095,79.13,Kenya,Africa
ken,2096,79.29,Kenya,Africa
ken,2097,79.44,Kenya,Africa
ken,2098,79.6,Kenya,Africa
ken,2099,79.76,Kenya,Africa
ken,2100,79.91,Kenya,Africa
kir,1800,24.9,Kiribati,Oceania
kir,1801,24.9,Kiribati,Oceania
kir,1802,24.9,Kiribati,Oceania
kir,1803,24.9,Kiribati,Oceania
kir,1804,24.9,Kiribati,Oceania
kir,1805,24.9,Kiribati,Oceania
kir,1806,24.9,Kiribati,Oceania
kir,1807,24.9,Kiribati,Oceania
kir,1808,24.9,Kiribati,Oceania
kir,1809,24.9,Kiribati,Oceania
kir,1810,24.9,Kiribati,Oceania
kir,1811,24.9,Kiribati,Oceania
kir,1812,24.9,Kiribati,Oceania
kir,1813,24.9,Kiribati,Oceania
kir,1814,24.9,Kiribati,Oceania
kir,1815,24.9,Kiribati,Oceania
kir,1816,24.9,Kiribati,Oceania
kir,1817,24.9,Kiribati,Oceania
kir,1818,24.9,Kiribati,Oceania
kir,1819,24.9,Kiribati,Oceania
kir,1820,24.9,Kiribati,Oceania
kir,1821,24.9,Kiribati,Oceania
kir,1822,24.9,Kiribati,Oceania
kir,1823,24.9,Kiribati,Oceania
kir,1824,24.9,Kiribati,Oceania
kir,1825,24.9,Kiribati,Oceania
kir,1826,24.9,Kiribati,Oceania
kir,1827,24.9,Kiribati,Oceania
kir,1828,24.9,Kiribati,Oceania
kir,1829,24.9,Kiribati,Oceania
kir,1830,24.9,Kiribati,Oceania
kir,1831,24.9,Kiribati,Oceania
kir,1832,24.9,Kiribati,Oceania
kir,1833,24.9,Kiribati,Oceania
kir,1834,24.9,Kiribati,Oceania
kir,1835,24.9,Kiribati,Oceania
kir,1836,24.9,Kiribati,Oceania
kir,1837,24.9,Kiribati,Oceania
kir,1838,24.9,Kiribati,Oceania
kir,1839,24.9,Kiribati,Oceania
kir,1840,24.9,Kiribati,Oceania
kir,1841,24.9,Kiribati,Oceania
kir,1842,24.9,Kiribati,Oceania
kir,1843,24.9,Kiribati,Oceania
kir,1844,24.9,Kiribati,Oceania
kir,1845,24.9,Kiribati,Oceania
kir,1846,24.9,Kiribati,Oceania
kir,1847,24.9,Kiribati,Oceania
kir,1848,24.9,Kiribati,Oceania
kir,1849,24.9,Kiribati,Oceania
kir,1850,24.9,Kiribati,Oceania
kir,1851,24.9,Kiribati,Oceania
kir,1852,24.9,Kiribati,Oceania
kir,1853,24.9,Kiribati,Oceania
kir,1854,24.9,Kiribati,Oceania
kir,1855,24.9,Kiribati,Oceania
kir,1856,24.9,Kiribati,Oceania
kir,1857,24.9,Kiribati,Oceania
kir,1858,24.9,Kiribati,Oceania
kir,1859,24.9,Kiribati,Oceania
kir,1860,24.9,Kiribati,Oceania
kir,1861,24.9,Kiribati,Oceania
kir,1862,24.9,Kiribati,Oceania
kir,1863,24.9,Kiribati,Oceania
kir,1864,24.9,Kiribati,Oceania
kir,1865,24.9,Kiribati,Oceania
kir,1866,24.9,Kiribati,Oceania
kir,1867,24.9,Kiribati,Oceania
kir,1868,24.9,Kiribati,Oceania
kir,1869,24.9,Kiribati,Oceania
kir,1870,24.9,Kiribati,Oceania
kir,1871,24.92,Kiribati,Oceania
kir,1872,24.93,Kiribati,Oceania
kir,1873,24.95,Kiribati,Oceania
kir,1874,24.96,Kiribati,Oceania
kir,1875,24.98,Kiribati,Oceania
kir,1876,24.99,Kiribati,Oceania
kir,1877,25.01,Kiribati,Oceania
kir,1878,25.02,Kiribati,Oceania
kir,1879,25.04,Kiribati,Oceania
kir,1880,25.05,Kiribati,Oceania
kir,1881,25.07,Kiribati,Oceania
kir,1882,25.08,Kiribati,Oceania
kir,1883,25.1,Kiribati,Oceania
kir,1884,25.11,Kiribati,Oceania
kir,1885,25.13,Kiribati,Oceania
kir,1886,25.14,Kiribati,Oceania
kir,1887,25.16,Kiribati,Oceania
kir,1888,25.17,Kiribati,Oceania
kir,1889,25.19,Kiribati,Oceania
kir,1890,8.1,Kiribati,Oceania
kir,1891,25.22,Kiribati,Oceania
kir,1892,25.23,Kiribati,Oceania
kir,1893,25.25,Kiribati,Oceania
kir,1894,25.26,Kiribati,Oceania
kir,1895,25.28,Kiribati,Oceania
kir,1896,25.29,Kiribati,Oceania
kir,1897,25.31,Kiribati,Oceania
kir,1898,25.32,Kiribati,Oceania
kir,1899,25.34,Kiribati,Oceania
kir,1900,25.35,Kiribati,Oceania
kir,1901,25.37,Kiribati,Oceania
kir,1902,25.38,Kiribati,Oceania
kir,1903,25.4,Kiribati,Oceania
kir,1904,25.41,Kiribati,Oceania
kir,1905,25.43,Kiribati,Oceania
kir,1906,25.44,Kiribati,Oceania
kir,1907,25.46,Kiribati,Oceania
kir,1908,25.47,Kiribati,Oceania
kir,1909,25.49,Kiribati,Oceania
kir,1910,25.5,Kiribati,Oceania
kir,1911,25.52,Kiribati,Oceania
kir,1912,25.53,Kiribati,Oceania
kir,1913,25.55,Kiribati,Oceania
kir,1914,25.56,Kiribati,Oceania
kir,1915,25.58,Kiribati,Oceania
kir,1916,25.6,Kiribati,Oceania
kir,1917,25.61,Kiribati,Oceania
kir,1918,25.63,Kiribati,Oceania
kir,1919,25.64,Kiribati,Oceania
kir,1920,25.66,Kiribati,Oceania
kir,1921,25.67,Kiribati,Oceania
kir,1922,25.69,Kiribati,Oceania
kir,1923,25.7,Kiribati,Oceania
kir,1924,25.72,Kiribati,Oceania
kir,1925,25.73,Kiribati,Oceania
kir,1926,25.75,Kiribati,Oceania
kir,1927,25.76,Kiribati,Oceania
kir,1928,25.78,Kiribati,Oceania
kir,1929,25.79,Kiribati,Oceania
kir,1930,25.81,Kiribati,Oceania
kir,1931,25.82,Kiribati,Oceania
kir,1932,25.84,Kiribati,Oceania
kir,1933,25.85,Kiribati,Oceania
kir,1934,25.87,Kiribati,Oceania
kir,1935,27.03,Kiribati,Oceania
kir,1936,28.2,Kiribati,Oceania
kir,1937,29.37,Kiribati,Oceania
kir,1938,30.54,Kiribati,Oceania
kir,1939,31.71,Kiribati,Oceania
kir,1940,32.88,Kiribati,Oceania
kir,1941,34.05,Kiribati,Oceania
kir,1942,31.31,Kiribati,Oceania
kir,1943,28.2,Kiribati,Oceania
kir,1944,32.39,Kiribati,Oceania
kir,1945,28.23,Kiribati,Oceania
kir,1946,39.54,Kiribati,Oceania
kir,1947,41.03,Kiribati,Oceania
kir,1948,42.31,Kiribati,Oceania
kir,1949,43.49,Kiribati,Oceania
kir,1950,44.68,Kiribati,Oceania
kir,1951,45.02,Kiribati,Oceania
kir,1952,45.38,Kiribati,Oceania
kir,1953,45.69,Kiribati,Oceania
kir,1954,46.01,Kiribati,Oceania
kir,1955,46.33,Kiribati,Oceania
kir,1956,46.71,Kiribati,Oceania
kir,1957,47.08,Kiribati,Oceania
kir,1958,47.46,Kiribati,Oceania
kir,1959,47.91,Kiribati,Oceania
kir,1960,48.22,Kiribati,Oceania
kir,1961,48.59,Kiribati,Oceania
kir,1962,48.94,Kiribati,Oceania
kir,1963,49.32,Kiribati,Oceania
kir,1964,49.69,Kiribati,Oceania
kir,1965,50.02,Kiribati,Oceania
kir,1966,50.4,Kiribati,Oceania
kir,1967,50.76,Kiribati,Oceania
kir,1968,51.08,Kiribati,Oceania
kir,1969,51.43,Kiribati,Oceania
kir,1970,51.72,Kiribati,Oceania
kir,1971,51.97,Kiribati,Oceania
kir,1972,52.19,Kiribati,Oceania
kir,1973,52.72,Kiribati,Oceania
kir,1974,53.45,Kiribati,Oceania
kir,1975,54.04,Kiribati,Oceania
kir,1976,54.31,Kiribati,Oceania
kir,1977,54.05,Kiribati,Oceania
kir,1978,54.71,Kiribati,Oceania
kir,1979,54.83,Kiribati,Oceania
kir,1980,54.77,Kiribati,Oceania
kir,1981,54.66,Kiribati,Oceania
kir,1982,54.58,Kiribati,Oceania
kir,1983,54.48,Kiribati,Oceania
kir,1984,54.43,Kiribati,Oceania
kir,1985,54.37,Kiribati,Oceania
kir,1986,54.37,Kiribati,Oceania
kir,1987,54.35,Kiribati,Oceania
kir,1988,54.42,Kiribati,Oceania
kir,1989,54.48,Kiribati,Oceania
kir,1990,54.57,Kiribati,Oceania
kir,1991,54.61,Kiribati,Oceania
kir,1992,54.72,Kiribati,Oceania
kir,1993,54.85,Kiribati,Oceania
kir,1994,55.12,Kiribati,Oceania
kir,1995,55.32,Kiribati,Oceania
kir,1996,55.64,Kiribati,Oceania
kir,1997,55.81,Kiribati,Oceania
kir,1998,56.03,Kiribati,Oceania
kir,1999,56.2,Kiribati,Oceania
kir,2000,56.43,Kiribati,Oceania
kir,2001,56.69,Kiribati,Oceania
kir,2002,56.95,Kiribati,Oceania
kir,2003,57.21,Kiribati,Oceania
kir,2004,57.45,Kiribati,Oceania
kir,2005,57.72,Kiribati,Oceania
kir,2006,57.95,Kiribati,Oceania
kir,2007,58.2,Kiribati,Oceania
kir,2008,58.41,Kiribati,Oceania
kir,2009,58.62,Kiribati,Oceania
kir,2010,58.84,Kiribati,Oceania
kir,2011,59.05,Kiribati,Oceania
kir,2012,59.26,Kiribati,Oceania
kir,2013,59.49,Kiribati,Oceania
kir,2014,59.69,Kiribati,Oceania
kir,2015,59.91,Kiribati,Oceania
kir,2016,60.12,Kiribati,Oceania
kir,2017,60.34,Kiribati,Oceania
kir,2018,59.26,Kiribati,Oceania
kir,2019,60.75,Kiribati,Oceania
kir,2020,60.84,Kiribati,Oceania
kir,2021,61.17,Kiribati,Oceania
kir,2022,61.37,Kiribati,Oceania
kir,2023,61.56,Kiribati,Oceania
kir,2024,61.75,Kiribati,Oceania
kir,2025,61.94,Kiribati,Oceania
kir,2026,62.12,Kiribati,Oceania
kir,2027,62.29,Kiribati,Oceania
kir,2028,62.47,Kiribati,Oceania
kir,2029,62.64,Kiribati,Oceania
kir,2030,62.8,Kiribati,Oceania
kir,2031,62.97,Kiribati,Oceania
kir,2032,63.13,Kiribati,Oceania
kir,2033,63.29,Kiribati,Oceania
kir,2034,63.45,Kiribati,Oceania
kir,2035,63.61,Kiribati,Oceania
kir,2036,63.77,Kiribati,Oceania
kir,2037,63.93,Kiribati,Oceania
kir,2038,64.09,Kiribati,Oceania
kir,2039,64.24,Kiribati,Oceania
kir,2040,64.4,Kiribati,Oceania
kir,2041,64.55,Kiribati,Oceania
kir,2042,64.7,Kiribati,Oceania
kir,2043,64.85,Kiribati,Oceania
kir,2044,65,Kiribati,Oceania
kir,2045,65.15,Kiribati,Oceania
kir,2046,65.3,Kiribati,Oceania
kir,2047,65.45,Kiribati,Oceania
kir,2048,65.59,Kiribati,Oceania
kir,2049,65.74,Kiribati,Oceania
kir,2050,65.88,Kiribati,Oceania
kir,2051,66.03,Kiribati,Oceania
kir,2052,66.17,Kiribati,Oceania
kir,2053,66.31,Kiribati,Oceania
kir,2054,66.45,Kiribati,Oceania
kir,2055,66.59,Kiribati,Oceania
kir,2056,66.73,Kiribati,Oceania
kir,2057,66.87,Kiribati,Oceania
kir,2058,67.01,Kiribati,Oceania
kir,2059,67.15,Kiribati,Oceania
kir,2060,67.29,Kiribati,Oceania
kir,2061,67.43,Kiribati,Oceania
kir,2062,67.57,Kiribati,Oceania
kir,2063,67.7,Kiribati,Oceania
kir,2064,67.84,Kiribati,Oceania
kir,2065,67.98,Kiribati,Oceania
kir,2066,68.12,Kiribati,Oceania
kir,2067,68.26,Kiribati,Oceania
kir,2068,68.4,Kiribati,Oceania
kir,2069,68.54,Kiribati,Oceania
kir,2070,68.68,Kiribati,Oceania
kir,2071,68.81,Kiribati,Oceania
kir,2072,68.95,Kiribati,Oceania
kir,2073,69.09,Kiribati,Oceania
kir,2074,69.23,Kiribati,Oceania
kir,2075,69.36,Kiribati,Oceania
kir,2076,69.5,Kiribati,Oceania
kir,2077,69.64,Kiribati,Oceania
kir,2078,69.77,Kiribati,Oceania
kir,2079,69.91,Kiribati,Oceania
kir,2080,70.05,Kiribati,Oceania
kir,2081,70.19,Kiribati,Oceania
kir,2082,70.33,Kiribati,Oceania
kir,2083,70.46,Kiribati,Oceania
kir,2084,70.6,Kiribati,Oceania
kir,2085,70.74,Kiribati,Oceania
kir,2086,70.88,Kiribati,Oceania
kir,2087,71.01,Kiribati,Oceania
kir,2088,71.15,Kiribati,Oceania
kir,2089,71.29,Kiribati,Oceania
kir,2090,71.43,Kiribati,Oceania
kir,2091,71.57,Kiribati,Oceania
kir,2092,71.7,Kiribati,Oceania
kir,2093,71.84,Kiribati,Oceania
kir,2094,71.98,Kiribati,Oceania
kir,2095,72.11,Kiribati,Oceania
kir,2096,72.25,Kiribati,Oceania
kir,2097,72.38,Kiribati,Oceania
kir,2098,72.52,Kiribati,Oceania
kir,2099,72.65,Kiribati,Oceania
kir,2100,72.79,Kiribati,Oceania
kwt,1800,26,Kuwait,Asia
kwt,1801,26,Kuwait,Asia
kwt,1802,26,Kuwait,Asia
kwt,1803,26,Kuwait,Asia
kwt,1804,26,Kuwait,Asia
kwt,1805,26,Kuwait,Asia
kwt,1806,26,Kuwait,Asia
kwt,1807,26,Kuwait,Asia
kwt,1808,26,Kuwait,Asia
kwt,1809,26,Kuwait,Asia
kwt,1810,26,Kuwait,Asia
kwt,1811,26,Kuwait,Asia
kwt,1812,26,Kuwait,Asia
kwt,1813,26,Kuwait,Asia
kwt,1814,26,Kuwait,Asia
kwt,1815,26,Kuwait,Asia
kwt,1816,26,Kuwait,Asia
kwt,1817,26,Kuwait,Asia
kwt,1818,26,Kuwait,Asia
kwt,1819,26,Kuwait,Asia
kwt,1820,26,Kuwait,Asia
kwt,1821,26,Kuwait,Asia
kwt,1822,26,Kuwait,Asia
kwt,1823,26,Kuwait,Asia
kwt,1824,26,Kuwait,Asia
kwt,1825,26,Kuwait,Asia
kwt,1826,26,Kuwait,Asia
kwt,1827,26,Kuwait,Asia
kwt,1828,26,Kuwait,Asia
kwt,1829,26,Kuwait,Asia
kwt,1830,26,Kuwait,Asia
kwt,1831,26,Kuwait,Asia
kwt,1832,26,Kuwait,Asia
kwt,1833,26,Kuwait,Asia
kwt,1834,26,Kuwait,Asia
kwt,1835,26,Kuwait,Asia
kwt,1836,26,Kuwait,Asia
kwt,1837,26,Kuwait,Asia
kwt,1838,26,Kuwait,Asia
kwt,1839,26,Kuwait,Asia
kwt,1840,26,Kuwait,Asia
kwt,1841,26,Kuwait,Asia
kwt,1842,26,Kuwait,Asia
kwt,1843,26,Kuwait,Asia
kwt,1844,26,Kuwait,Asia
kwt,1845,26,Kuwait,Asia
kwt,1846,26,Kuwait,Asia
kwt,1847,26,Kuwait,Asia
kwt,1848,26,Kuwait,Asia
kwt,1849,26,Kuwait,Asia
kwt,1850,26,Kuwait,Asia
kwt,1851,26,Kuwait,Asia
kwt,1852,26,Kuwait,Asia
kwt,1853,26,Kuwait,Asia
kwt,1854,26,Kuwait,Asia
kwt,1855,26,Kuwait,Asia
kwt,1856,26,Kuwait,Asia
kwt,1857,26,Kuwait,Asia
kwt,1858,26,Kuwait,Asia
kwt,1859,26,Kuwait,Asia
kwt,1860,26,Kuwait,Asia
kwt,1861,26,Kuwait,Asia
kwt,1862,26,Kuwait,Asia
kwt,1863,26,Kuwait,Asia
kwt,1864,26,Kuwait,Asia
kwt,1865,26,Kuwait,Asia
kwt,1866,26,Kuwait,Asia
kwt,1867,26,Kuwait,Asia
kwt,1868,26,Kuwait,Asia
kwt,1869,26,Kuwait,Asia
kwt,1870,26,Kuwait,Asia
kwt,1871,26.09,Kuwait,Asia
kwt,1872,26.18,Kuwait,Asia
kwt,1873,26.27,Kuwait,Asia
kwt,1874,26.36,Kuwait,Asia
kwt,1875,26.45,Kuwait,Asia
kwt,1876,26.54,Kuwait,Asia
kwt,1877,26.62,Kuwait,Asia
kwt,1878,26.71,Kuwait,Asia
kwt,1879,26.8,Kuwait,Asia
kwt,1880,26.89,Kuwait,Asia
kwt,1881,26.98,Kuwait,Asia
kwt,1882,27.07,Kuwait,Asia
kwt,1883,27.16,Kuwait,Asia
kwt,1884,27.25,Kuwait,Asia
kwt,1885,27.34,Kuwait,Asia
kwt,1886,27.43,Kuwait,Asia
kwt,1887,27.52,Kuwait,Asia
kwt,1888,27.61,Kuwait,Asia
kwt,1889,27.7,Kuwait,Asia
kwt,1890,27.79,Kuwait,Asia
kwt,1891,27.87,Kuwait,Asia
kwt,1892,27.96,Kuwait,Asia
kwt,1893,28.05,Kuwait,Asia
kwt,1894,28.14,Kuwait,Asia
kwt,1895,28.23,Kuwait,Asia
kwt,1896,28.32,Kuwait,Asia
kwt,1897,28.41,Kuwait,Asia
kwt,1898,28.5,Kuwait,Asia
kwt,1899,28.59,Kuwait,Asia
kwt,1900,28.68,Kuwait,Asia
kwt,1901,28.77,Kuwait,Asia
kwt,1902,28.86,Kuwait,Asia
kwt,1903,28.95,Kuwait,Asia
kwt,1904,29.03,Kuwait,Asia
kwt,1905,29.12,Kuwait,Asia
kwt,1906,29.21,Kuwait,Asia
kwt,1907,29.3,Kuwait,Asia
kwt,1908,29.39,Kuwait,Asia
kwt,1909,29.48,Kuwait,Asia
kwt,1910,29.57,Kuwait,Asia
kwt,1911,29.66,Kuwait,Asia
kwt,1912,29.75,Kuwait,Asia
kwt,1913,29.84,Kuwait,Asia
kwt,1914,29.93,Kuwait,Asia
kwt,1915,30.02,Kuwait,Asia
kwt,1916,30.11,Kuwait,Asia
kwt,1917,30.19,Kuwait,Asia
kwt,1918,25.11,Kuwait,Asia
kwt,1919,30.37,Kuwait,Asia
kwt,1920,30.46,Kuwait,Asia
kwt,1921,30.55,Kuwait,Asia
kwt,1922,30.64,Kuwait,Asia
kwt,1923,30.73,Kuwait,Asia
kwt,1924,30.82,Kuwait,Asia
kwt,1925,30.91,Kuwait,Asia
kwt,1926,31,Kuwait,Asia
kwt,1927,31.09,Kuwait,Asia
kwt,1928,31.18,Kuwait,Asia
kwt,1929,31.27,Kuwait,Asia
kwt,1930,31.36,Kuwait,Asia
kwt,1931,31.44,Kuwait,Asia
kwt,1932,31.53,Kuwait,Asia
kwt,1933,31.62,Kuwait,Asia
kwt,1934,31.71,Kuwait,Asia
kwt,1935,31.8,Kuwait,Asia
kwt,1936,31.89,Kuwait,Asia
kwt,1937,31.98,Kuwait,Asia
kwt,1938,32.07,Kuwait,Asia
kwt,1939,32.16,Kuwait,Asia
kwt,1940,35.1,Kuwait,Asia
kwt,1941,38.05,Kuwait,Asia
kwt,1942,41.02,Kuwait,Asia
kwt,1943,44.01,Kuwait,Asia
kwt,1944,47.01,Kuwait,Asia
kwt,1945,50.03,Kuwait,Asia
kwt,1946,53.06,Kuwait,Asia
kwt,1947,56.11,Kuwait,Asia
kwt,1948,59.18,Kuwait,Asia
kwt,1949,62.26,Kuwait,Asia
kwt,1950,65.35,Kuwait,Asia
kwt,1951,65.38,Kuwait,Asia
kwt,1952,65.52,Kuwait,Asia
kwt,1953,65.71,Kuwait,Asia
kwt,1954,65.93,Kuwait,Asia
kwt,1955,66.12,Kuwait,Asia
kwt,1956,65.56,Kuwait,Asia
kwt,1957,67.27,Kuwait,Asia
kwt,1958,68.07,Kuwait,Asia
kwt,1959,68.99,Kuwait,Asia
kwt,1960,69.24,Kuwait,Asia
kwt,1961,69.66,Kuwait,Asia
kwt,1962,71.31,Kuwait,Asia
kwt,1963,69.63,Kuwait,Asia
kwt,1964,68.97,Kuwait,Asia
kwt,1965,69.66,Kuwait,Asia
kwt,1966,70.03,Kuwait,Asia
kwt,1967,69.76,Kuwait,Asia
kwt,1968,69.46,Kuwait,Asia
kwt,1969,70.32,Kuwait,Asia
kwt,1970,70.55,Kuwait,Asia
kwt,1971,70.98,Kuwait,Asia
kwt,1972,70.96,Kuwait,Asia
kwt,1973,70.38,Kuwait,Asia
kwt,1974,70.6,Kuwait,Asia
kwt,1975,70.55,Kuwait,Asia
kwt,1976,70.64,Kuwait,Asia
kwt,1977,70.02,Kuwait,Asia
kwt,1978,71,Kuwait,Asia
kwt,1979,71.58,Kuwait,Asia
kwt,1980,72.53,Kuwait,Asia
kwt,1981,73.21,Kuwait,Asia
kwt,1982,73.5,Kuwait,Asia
kwt,1983,74.27,Kuwait,Asia
kwt,1984,75.11,Kuwait,Asia
kwt,1985,75.22,Kuwait,Asia
kwt,1986,76.07,Kuwait,Asia
kwt,1987,75.84,Kuwait,Asia
kwt,1988,75.42,Kuwait,Asia
kwt,1989,75.28,Kuwait,Asia
kwt,1990,74.92,Kuwait,Asia
kwt,1991,72.24,Kuwait,Asia
kwt,1992,79.5,Kuwait,Asia
kwt,1993,79.54,Kuwait,Asia
kwt,1994,78.71,Kuwait,Asia
kwt,1995,78.33,Kuwait,Asia
kwt,1996,78.82,Kuwait,Asia
kwt,1997,77.83,Kuwait,Asia
kwt,1998,78.55,Kuwait,Asia
kwt,1999,77.83,Kuwait,Asia
kwt,2000,78.07,Kuwait,Asia
kwt,2001,79.21,Kuwait,Asia
kwt,2002,78.56,Kuwait,Asia
kwt,2003,78.87,Kuwait,Asia
kwt,2004,78.79,Kuwait,Asia
kwt,2005,78.71,Kuwait,Asia
kwt,2006,78.75,Kuwait,Asia
kwt,2007,78.98,Kuwait,Asia
kwt,2008,78.11,Kuwait,Asia
kwt,2009,78.66,Kuwait,Asia
kwt,2010,80.09,Kuwait,Asia
kwt,2011,80.93,Kuwait,Asia
kwt,2012,80.97,Kuwait,Asia
kwt,2013,81.34,Kuwait,Asia
kwt,2014,81.56,Kuwait,Asia
kwt,2015,81.51,Kuwait,Asia
kwt,2016,81.61,Kuwait,Asia
kwt,2017,81.59,Kuwait,Asia
kwt,2018,81.6,Kuwait,Asia
kwt,2019,81.47,Kuwait,Asia
kwt,2020,81.18,Kuwait,Asia
kwt,2021,81.69,Kuwait,Asia
kwt,2022,81.8,Kuwait,Asia
kwt,2023,81.92,Kuwait,Asia
kwt,2024,82.03,Kuwait,Asia
kwt,2025,82.15,Kuwait,Asia
kwt,2026,82.27,Kuwait,Asia
kwt,2027,82.39,Kuwait,Asia
kwt,2028,82.51,Kuwait,Asia
kwt,2029,82.63,Kuwait,Asia
kwt,2030,82.75,Kuwait,Asia
kwt,2031,82.87,Kuwait,Asia
kwt,2032,82.99,Kuwait,Asia
kwt,2033,83.12,Kuwait,Asia
kwt,2034,83.24,Kuwait,Asia
kwt,2035,83.37,Kuwait,Asia
kwt,2036,83.5,Kuwait,Asia
kwt,2037,83.63,Kuwait,Asia
kwt,2038,83.76,Kuwait,Asia
kwt,2039,83.88,Kuwait,Asia
kwt,2040,84.01,Kuwait,Asia
kwt,2041,84.14,Kuwait,Asia
kwt,2042,84.27,Kuwait,Asia
kwt,2043,84.4,Kuwait,Asia
kwt,2044,84.53,Kuwait,Asia
kwt,2045,84.66,Kuwait,Asia
kwt,2046,84.79,Kuwait,Asia
kwt,2047,84.92,Kuwait,Asia
kwt,2048,85.06,Kuwait,Asia
kwt,2049,85.19,Kuwait,Asia
kwt,2050,85.32,Kuwait,Asia
kwt,2051,85.46,Kuwait,Asia
kwt,2052,85.59,Kuwait,Asia
kwt,2053,85.73,Kuwait,Asia
kwt,2054,85.87,Kuwait,Asia
kwt,2055,86,Kuwait,Asia
kwt,2056,86.14,Kuwait,Asia
kwt,2057,86.28,Kuwait,Asia
kwt,2058,86.42,Kuwait,Asia
kwt,2059,86.55,Kuwait,Asia
kwt,2060,86.69,Kuwait,Asia
kwt,2061,86.82,Kuwait,Asia
kwt,2062,86.96,Kuwait,Asia
kwt,2063,87.09,Kuwait,Asia
kwt,2064,87.23,Kuwait,Asia
kwt,2065,87.37,Kuwait,Asia
kwt,2066,87.5,Kuwait,Asia
kwt,2067,87.64,Kuwait,Asia
kwt,2068,87.77,Kuwait,Asia
kwt,2069,87.9,Kuwait,Asia
kwt,2070,88.03,Kuwait,Asia
kwt,2071,88.17,Kuwait,Asia
kwt,2072,88.3,Kuwait,Asia
kwt,2073,88.43,Kuwait,Asia
kwt,2074,88.57,Kuwait,Asia
kwt,2075,88.7,Kuwait,Asia
kwt,2076,88.84,Kuwait,Asia
kwt,2077,88.97,Kuwait,Asia
kwt,2078,89.1,Kuwait,Asia
kwt,2079,89.23,Kuwait,Asia
kwt,2080,89.35,Kuwait,Asia
kwt,2081,89.48,Kuwait,Asia
kwt,2082,89.6,Kuwait,Asia
kwt,2083,89.73,Kuwait,Asia
kwt,2084,89.85,Kuwait,Asia
kwt,2085,89.97,Kuwait,Asia
kwt,2086,90.09,Kuwait,Asia
kwt,2087,90.21,Kuwait,Asia
kwt,2088,90.34,Kuwait,Asia
kwt,2089,90.46,Kuwait,Asia
kwt,2090,90.58,Kuwait,Asia
kwt,2091,90.7,Kuwait,Asia
kwt,2092,90.82,Kuwait,Asia
kwt,2093,90.94,Kuwait,Asia
kwt,2094,91.05,Kuwait,Asia
kwt,2095,91.17,Kuwait,Asia
kwt,2096,91.28,Kuwait,Asia
kwt,2097,91.4,Kuwait,Asia
kwt,2098,91.51,Kuwait,Asia
kwt,2099,91.62,Kuwait,Asia
kwt,2100,91.73,Kuwait,Asia
kgz,1800,23.94,Kyrgyz Republic,Asia
kgz,1801,23.94,Kyrgyz Republic,Asia
kgz,1802,23.94,Kyrgyz Republic,Asia
kgz,1803,23.94,Kyrgyz Republic,Asia
kgz,1804,23.94,Kyrgyz Republic,Asia
kgz,1805,23.94,Kyrgyz Republic,Asia
kgz,1806,23.94,Kyrgyz Republic,Asia
kgz,1807,23.94,Kyrgyz Republic,Asia
kgz,1808,23.94,Kyrgyz Republic,Asia
kgz,1809,23.94,Kyrgyz Republic,Asia
kgz,1810,23.94,Kyrgyz Republic,Asia
kgz,1811,23.94,Kyrgyz Republic,Asia
kgz,1812,23.94,Kyrgyz Republic,Asia
kgz,1813,23.94,Kyrgyz Republic,Asia
kgz,1814,23.94,Kyrgyz Republic,Asia
kgz,1815,23.94,Kyrgyz Republic,Asia
kgz,1816,23.94,Kyrgyz Republic,Asia
kgz,1817,23.94,Kyrgyz Republic,Asia
kgz,1818,23.94,Kyrgyz Republic,Asia
kgz,1819,23.94,Kyrgyz Republic,Asia
kgz,1820,23.94,Kyrgyz Republic,Asia
kgz,1821,23.94,Kyrgyz Republic,Asia
kgz,1822,23.94,Kyrgyz Republic,Asia
kgz,1823,23.94,Kyrgyz Republic,Asia
kgz,1824,23.94,Kyrgyz Republic,Asia
kgz,1825,23.94,Kyrgyz Republic,Asia
kgz,1826,23.94,Kyrgyz Republic,Asia
kgz,1827,23.94,Kyrgyz Republic,Asia
kgz,1828,23.94,Kyrgyz Republic,Asia
kgz,1829,23.94,Kyrgyz Republic,Asia
kgz,1830,23.94,Kyrgyz Republic,Asia
kgz,1831,23.94,Kyrgyz Republic,Asia
kgz,1832,23.94,Kyrgyz Republic,Asia
kgz,1833,23.94,Kyrgyz Republic,Asia
kgz,1834,23.94,Kyrgyz Republic,Asia
kgz,1835,23.94,Kyrgyz Republic,Asia
kgz,1836,23.94,Kyrgyz Republic,Asia
kgz,1837,23.94,Kyrgyz Republic,Asia
kgz,1838,23.94,Kyrgyz Republic,Asia
kgz,1839,23.94,Kyrgyz Republic,Asia
kgz,1840,23.94,Kyrgyz Republic,Asia
kgz,1841,23.94,Kyrgyz Republic,Asia
kgz,1842,23.94,Kyrgyz Republic,Asia
kgz,1843,23.94,Kyrgyz Republic,Asia
kgz,1844,23.94,Kyrgyz Republic,Asia
kgz,1845,23.94,Kyrgyz Republic,Asia
kgz,1846,23.94,Kyrgyz Republic,Asia
kgz,1847,23.94,Kyrgyz Republic,Asia
kgz,1848,23.94,Kyrgyz Republic,Asia
kgz,1849,23.94,Kyrgyz Republic,Asia
kgz,1850,23.94,Kyrgyz Republic,Asia
kgz,1851,23.94,Kyrgyz Republic,Asia
kgz,1852,23.94,Kyrgyz Republic,Asia
kgz,1853,23.94,Kyrgyz Republic,Asia
kgz,1854,23.94,Kyrgyz Republic,Asia
kgz,1855,23.94,Kyrgyz Republic,Asia
kgz,1856,23.94,Kyrgyz Republic,Asia
kgz,1857,23.94,Kyrgyz Republic,Asia
kgz,1858,23.94,Kyrgyz Republic,Asia
kgz,1859,23.94,Kyrgyz Republic,Asia
kgz,1860,23.94,Kyrgyz Republic,Asia
kgz,1861,23.94,Kyrgyz Republic,Asia
kgz,1862,23.94,Kyrgyz Republic,Asia
kgz,1863,23.94,Kyrgyz Republic,Asia
kgz,1864,23.42,Kyrgyz Republic,Asia
kgz,1865,22.89,Kyrgyz Republic,Asia
kgz,1866,22.37,Kyrgyz Republic,Asia
kgz,1867,21.85,Kyrgyz Republic,Asia
kgz,1868,21.32,Kyrgyz Republic,Asia
kgz,1869,21.37,Kyrgyz Republic,Asia
kgz,1870,21.41,Kyrgyz Republic,Asia
kgz,1871,21.44,Kyrgyz Republic,Asia
kgz,1872,21.48,Kyrgyz Republic,Asia
kgz,1873,21.51,Kyrgyz Republic,Asia
kgz,1874,21.7,Kyrgyz Republic,Asia
kgz,1875,21.89,Kyrgyz Republic,Asia
kgz,1876,22.08,Kyrgyz Republic,Asia
kgz,1877,22.27,Kyrgyz Republic,Asia
kgz,1878,22.46,Kyrgyz Republic,Asia
kgz,1879,22.64,Kyrgyz Republic,Asia
kgz,1880,22.83,Kyrgyz Republic,Asia
kgz,1881,23.02,Kyrgyz Republic,Asia
kgz,1882,23.21,Kyrgyz Republic,Asia
kgz,1883,23.4,Kyrgyz Republic,Asia
kgz,1884,23.58,Kyrgyz Republic,Asia
kgz,1885,23.77,Kyrgyz Republic,Asia
kgz,1886,23.96,Kyrgyz Republic,Asia
kgz,1887,24.15,Kyrgyz Republic,Asia
kgz,1888,24.33,Kyrgyz Republic,Asia
kgz,1889,24.52,Kyrgyz Republic,Asia
kgz,1890,24.71,Kyrgyz Republic,Asia
kgz,1891,24.89,Kyrgyz Republic,Asia
kgz,1892,25.08,Kyrgyz Republic,Asia
kgz,1893,25.26,Kyrgyz Republic,Asia
kgz,1894,25.45,Kyrgyz Republic,Asia
kgz,1895,25.64,Kyrgyz Republic,Asia
kgz,1896,25.82,Kyrgyz Republic,Asia
kgz,1897,26.01,Kyrgyz Republic,Asia
kgz,1898,25.83,Kyrgyz Republic,Asia
kgz,1899,25.65,Kyrgyz Republic,Asia
kgz,1900,25.48,Kyrgyz Republic,Asia
kgz,1901,25.71,Kyrgyz Republic,Asia
kgz,1902,25.94,Kyrgyz Republic,Asia
kgz,1903,26.18,Kyrgyz Republic,Asia
kgz,1904,26.41,Kyrgyz Republic,Asia
kgz,1905,26.64,Kyrgyz Republic,Asia
kgz,1906,26.88,Kyrgyz Republic,Asia
kgz,1907,27.11,Kyrgyz Republic,Asia
kgz,1908,27.34,Kyrgyz Republic,Asia
kgz,1909,27.57,Kyrgyz Republic,Asia
kgz,1910,27.81,Kyrgyz Republic,Asia
kgz,1911,30.69,Kyrgyz Republic,Asia
kgz,1912,31.1,Kyrgyz Republic,Asia
kgz,1913,28.96,Kyrgyz Republic,Asia
kgz,1914,28.54,Kyrgyz Republic,Asia
kgz,1915,28.13,Kyrgyz Republic,Asia
kgz,1916,28.12,Kyrgyz Republic,Asia
kgz,1917,25.17,Kyrgyz Republic,Asia
kgz,1918,15.38,Kyrgyz Republic,Asia
kgz,1919,20.72,Kyrgyz Republic,Asia
kgz,1920,16.32,Kyrgyz Republic,Asia
kgz,1921,11.71,Kyrgyz Republic,Asia
kgz,1922,13.66,Kyrgyz Republic,Asia
kgz,1923,29.07,Kyrgyz Republic,Asia
kgz,1924,31.49,Kyrgyz Republic,Asia
kgz,1925,30.6,Kyrgyz Republic,Asia
kgz,1926,33.7,Kyrgyz Republic,Asia
kgz,1927,33.03,Kyrgyz Republic,Asia
kgz,1928,34.49,Kyrgyz Republic,Asia
kgz,1929,33.26,Kyrgyz Republic,Asia
kgz,1930,32.58,Kyrgyz Republic,Asia
kgz,1931,26.94,Kyrgyz Republic,Asia
kgz,1932,19.16,Kyrgyz Republic,Asia
kgz,1933,15.27,Kyrgyz Republic,Asia
kgz,1934,34.81,Kyrgyz Republic,Asia
kgz,1935,36.3,Kyrgyz Republic,Asia
kgz,1936,37.9,Kyrgyz Republic,Asia
kgz,1937,36.92,Kyrgyz Republic,Asia
kgz,1938,38.54,Kyrgyz Republic,Asia
kgz,1939,40.84,Kyrgyz Republic,Asia
kgz,1940,38.43,Kyrgyz Republic,Asia
kgz,1941,28.03,Kyrgyz Republic,Asia
kgz,1942,24.15,Kyrgyz Republic,Asia
kgz,1943,23.17,Kyrgyz Republic,Asia
kgz,1944,30.88,Kyrgyz Republic,Asia
kgz,1945,38.1,Kyrgyz Republic,Asia
kgz,1946,45.07,Kyrgyz Republic,Asia
kgz,1947,37.34,Kyrgyz Republic,Asia
kgz,1948,45.09,Kyrgyz Republic,Asia
kgz,1949,47.76,Kyrgyz Republic,Asia
kgz,1950,49.95,Kyrgyz Republic,Asia
kgz,1951,50.4,Kyrgyz Republic,Asia
kgz,1952,50.98,Kyrgyz Republic,Asia
kgz,1953,51.66,Kyrgyz Republic,Asia
kgz,1954,52.29,Kyrgyz Republic,Asia
kgz,1955,52.91,Kyrgyz Republic,Asia
kgz,1956,53.56,Kyrgyz Republic,Asia
kgz,1957,54.16,Kyrgyz Republic,Asia
kgz,1958,54.84,Kyrgyz Republic,Asia
kgz,1959,55.25,Kyrgyz Republic,Asia
kgz,1960,55.77,Kyrgyz Republic,Asia
kgz,1961,56.33,Kyrgyz Republic,Asia
kgz,1962,56.95,Kyrgyz Republic,Asia
kgz,1963,57.35,Kyrgyz Republic,Asia
kgz,1964,57.76,Kyrgyz Republic,Asia
kgz,1965,58.28,Kyrgyz Republic,Asia
kgz,1966,58.72,Kyrgyz Republic,Asia
kgz,1967,59.15,Kyrgyz Republic,Asia
kgz,1968,59.29,Kyrgyz Republic,Asia
kgz,1969,60.08,Kyrgyz Republic,Asia
kgz,1970,60.37,Kyrgyz Republic,Asia
kgz,1971,60.91,Kyrgyz Republic,Asia
kgz,1972,61.37,Kyrgyz Republic,Asia
kgz,1973,61.7,Kyrgyz Republic,Asia
kgz,1974,61.8,Kyrgyz Republic,Asia
kgz,1975,62.17,Kyrgyz Republic,Asia
kgz,1976,62.51,Kyrgyz Republic,Asia
kgz,1977,62.65,Kyrgyz Republic,Asia
kgz,1978,62.87,Kyrgyz Republic,Asia
kgz,1979,63.42,Kyrgyz Republic,Asia
kgz,1980,64.25,Kyrgyz Republic,Asia
kgz,1981,64.75,Kyrgyz Republic,Asia
kgz,1982,65.18,Kyrgyz Republic,Asia
kgz,1983,65.36,Kyrgyz Republic,Asia
kgz,1984,65.31,Kyrgyz Republic,Asia
kgz,1985,66.18,Kyrgyz Republic,Asia
kgz,1986,67.33,Kyrgyz Republic,Asia
kgz,1987,67.43,Kyrgyz Republic,Asia
kgz,1988,67.1,Kyrgyz Republic,Asia
kgz,1989,67.04,Kyrgyz Republic,Asia
kgz,1990,67.25,Kyrgyz Republic,Asia
kgz,1991,67.2,Kyrgyz Republic,Asia
kgz,1992,67.06,Kyrgyz Republic,Asia
kgz,1993,66.34,Kyrgyz Republic,Asia
kgz,1994,65.46,Kyrgyz Republic,Asia
kgz,1995,65.56,Kyrgyz Republic,Asia
kgz,1996,66.3,Kyrgyz Republic,Asia
kgz,1997,66.81,Kyrgyz Republic,Asia
kgz,1998,67.17,Kyrgyz Republic,Asia
kgz,1999,67.6,Kyrgyz Republic,Asia
kgz,2000,67.23,Kyrgyz Republic,Asia
kgz,2001,67.32,Kyrgyz Republic,Asia
kgz,2002,67.2,Kyrgyz Republic,Asia
kgz,2003,67.07,Kyrgyz Republic,Asia
kgz,2004,67.39,Kyrgyz Republic,Asia
kgz,2005,67.37,Kyrgyz Republic,Asia
kgz,2006,67.21,Kyrgyz Republic,Asia
kgz,2007,67.62,Kyrgyz Republic,Asia
kgz,2008,68.34,Kyrgyz Republic,Asia
kgz,2009,69.27,Kyrgyz Republic,Asia
kgz,2010,69.62,Kyrgyz Republic,Asia
kgz,2011,70.25,Kyrgyz Republic,Asia
kgz,2012,70.72,Kyrgyz Republic,Asia
kgz,2013,71.22,Kyrgyz Republic,Asia
kgz,2014,71.62,Kyrgyz Republic,Asia
kgz,2015,71.9,Kyrgyz Republic,Asia
kgz,2016,72.73,Kyrgyz Republic,Asia
kgz,2017,72.98,Kyrgyz Republic,Asia
kgz,2018,73.29,Kyrgyz Republic,Asia
kgz,2019,73.42,Kyrgyz Republic,Asia
kgz,2020,72.93,Kyrgyz Republic,Asia
kgz,2021,73.71,Kyrgyz Republic,Asia
kgz,2022,73.87,Kyrgyz Republic,Asia
kgz,2023,74.02,Kyrgyz Republic,Asia
kgz,2024,74.17,Kyrgyz Republic,Asia
kgz,2025,74.32,Kyrgyz Republic,Asia
kgz,2026,74.46,Kyrgyz Republic,Asia
kgz,2027,74.61,Kyrgyz Republic,Asia
kgz,2028,74.76,Kyrgyz Republic,Asia
kgz,2029,74.9,Kyrgyz Republic,Asia
kgz,2030,75.04,Kyrgyz Republic,Asia
kgz,2031,75.18,Kyrgyz Republic,Asia
kgz,2032,75.32,Kyrgyz Republic,Asia
kgz,2033,75.46,Kyrgyz Republic,Asia
kgz,2034,75.6,Kyrgyz Republic,Asia
kgz,2035,75.74,Kyrgyz Republic,Asia
kgz,2036,75.87,Kyrgyz Republic,Asia
kgz,2037,76.01,Kyrgyz Republic,Asia
kgz,2038,76.15,Kyrgyz Republic,Asia
kgz,2039,76.29,Kyrgyz Republic,Asia
kgz,2040,76.43,Kyrgyz Republic,Asia
kgz,2041,76.57,Kyrgyz Republic,Asia
kgz,2042,76.71,Kyrgyz Republic,Asia
kgz,2043,76.85,Kyrgyz Republic,Asia
kgz,2044,77,Kyrgyz Republic,Asia
kgz,2045,77.14,Kyrgyz Republic,Asia
kgz,2046,77.28,Kyrgyz Republic,Asia
kgz,2047,77.42,Kyrgyz Republic,Asia
kgz,2048,77.57,Kyrgyz Republic,Asia
kgz,2049,77.71,Kyrgyz Republic,Asia
kgz,2050,77.85,Kyrgyz Republic,Asia
kgz,2051,78,Kyrgyz Republic,Asia
kgz,2052,78.14,Kyrgyz Republic,Asia
kgz,2053,78.28,Kyrgyz Republic,Asia
kgz,2054,78.43,Kyrgyz Republic,Asia
kgz,2055,78.57,Kyrgyz Republic,Asia
kgz,2056,78.72,Kyrgyz Republic,Asia
kgz,2057,78.86,Kyrgyz Republic,Asia
kgz,2058,79.01,Kyrgyz Republic,Asia
kgz,2059,79.15,Kyrgyz Republic,Asia
kgz,2060,79.3,Kyrgyz Republic,Asia
kgz,2061,79.44,Kyrgyz Republic,Asia
kgz,2062,79.59,Kyrgyz Republic,Asia
kgz,2063,79.74,Kyrgyz Republic,Asia
kgz,2064,79.88,Kyrgyz Republic,Asia
kgz,2065,80.03,Kyrgyz Republic,Asia
kgz,2066,80.18,Kyrgyz Republic,Asia
kgz,2067,80.32,Kyrgyz Republic,Asia
kgz,2068,80.47,Kyrgyz Republic,Asia
kgz,2069,80.62,Kyrgyz Republic,Asia
kgz,2070,80.77,Kyrgyz Republic,Asia
kgz,2071,80.92,Kyrgyz Republic,Asia
kgz,2072,81.07,Kyrgyz Republic,Asia
kgz,2073,81.22,Kyrgyz Republic,Asia
kgz,2074,81.37,Kyrgyz Republic,Asia
kgz,2075,81.52,Kyrgyz Republic,Asia
kgz,2076,81.67,Kyrgyz Republic,Asia
kgz,2077,81.82,Kyrgyz Republic,Asia
kgz,2078,81.97,Kyrgyz Republic,Asia
kgz,2079,82.12,Kyrgyz Republic,Asia
kgz,2080,82.27,Kyrgyz Republic,Asia
kgz,2081,82.42,Kyrgyz Republic,Asia
kgz,2082,82.57,Kyrgyz Republic,Asia
kgz,2083,82.72,Kyrgyz Republic,Asia
kgz,2084,82.87,Kyrgyz Republic,Asia
kgz,2085,83.01,Kyrgyz Republic,Asia
kgz,2086,83.16,Kyrgyz Republic,Asia
kgz,2087,83.31,Kyrgyz Republic,Asia
kgz,2088,83.46,Kyrgyz Republic,Asia
kgz,2089,83.6,Kyrgyz Republic,Asia
kgz,2090,83.75,Kyrgyz Republic,Asia
kgz,2091,83.9,Kyrgyz Republic,Asia
kgz,2092,84.04,Kyrgyz Republic,Asia
kgz,2093,84.18,Kyrgyz Republic,Asia
kgz,2094,84.33,Kyrgyz Republic,Asia
kgz,2095,84.47,Kyrgyz Republic,Asia
kgz,2096,84.61,Kyrgyz Republic,Asia
kgz,2097,84.74,Kyrgyz Republic,Asia
kgz,2098,84.88,Kyrgyz Republic,Asia
kgz,2099,85.01,Kyrgyz Republic,Asia
kgz,2100,85.15,Kyrgyz Republic,Asia
lao,1800,31.9,Lao,Asia
lao,1801,31.9,Lao,Asia
lao,1802,31.9,Lao,Asia
lao,1803,31.9,Lao,Asia
lao,1804,31.9,Lao,Asia
lao,1805,31.9,Lao,Asia
lao,1806,31.9,Lao,Asia
lao,1807,31.9,Lao,Asia
lao,1808,31.9,Lao,Asia
lao,1809,31.9,Lao,Asia
lao,1810,31.9,Lao,Asia
lao,1811,31.9,Lao,Asia
lao,1812,31.9,Lao,Asia
lao,1813,31.9,Lao,Asia
lao,1814,31.9,Lao,Asia
lao,1815,31.9,Lao,Asia
lao,1816,31.9,Lao,Asia
lao,1817,31.9,Lao,Asia
lao,1818,31.9,Lao,Asia
lao,1819,31.9,Lao,Asia
lao,1820,31.9,Lao,Asia
lao,1821,31.9,Lao,Asia
lao,1822,31.9,Lao,Asia
lao,1823,31.9,Lao,Asia
lao,1824,31.9,Lao,Asia
lao,1825,31.9,Lao,Asia
lao,1826,31.9,Lao,Asia
lao,1827,31.9,Lao,Asia
lao,1828,31.9,Lao,Asia
lao,1829,31.9,Lao,Asia
lao,1830,31.9,Lao,Asia
lao,1831,31.9,Lao,Asia
lao,1832,31.9,Lao,Asia
lao,1833,31.9,Lao,Asia
lao,1834,31.9,Lao,Asia
lao,1835,31.9,Lao,Asia
lao,1836,31.9,Lao,Asia
lao,1837,31.9,Lao,Asia
lao,1838,31.9,Lao,Asia
lao,1839,31.9,Lao,Asia
lao,1840,31.9,Lao,Asia
lao,1841,31.9,Lao,Asia
lao,1842,31.9,Lao,Asia
lao,1843,31.9,Lao,Asia
lao,1844,31.9,Lao,Asia
lao,1845,31.9,Lao,Asia
lao,1846,31.9,Lao,Asia
lao,1847,31.9,Lao,Asia
lao,1848,31.9,Lao,Asia
lao,1849,31.9,Lao,Asia
lao,1850,31.9,Lao,Asia
lao,1851,31.9,Lao,Asia
lao,1852,31.9,Lao,Asia
lao,1853,31.9,Lao,Asia
lao,1854,31.9,Lao,Asia
lao,1855,31.9,Lao,Asia
lao,1856,31.9,Lao,Asia
lao,1857,31.9,Lao,Asia
lao,1858,31.9,Lao,Asia
lao,1859,31.9,Lao,Asia
lao,1860,31.9,Lao,Asia
lao,1861,31.9,Lao,Asia
lao,1862,31.9,Lao,Asia
lao,1863,31.9,Lao,Asia
lao,1864,31.9,Lao,Asia
lao,1865,31.9,Lao,Asia
lao,1866,31.9,Lao,Asia
lao,1867,31.9,Lao,Asia
lao,1868,31.9,Lao,Asia
lao,1869,31.9,Lao,Asia
lao,1870,31.9,Lao,Asia
lao,1871,31.89,Lao,Asia
lao,1872,31.87,Lao,Asia
lao,1873,31.86,Lao,Asia
lao,1874,31.84,Lao,Asia
lao,1875,31.83,Lao,Asia
lao,1876,31.81,Lao,Asia
lao,1877,31.8,Lao,Asia
lao,1878,31.78,Lao,Asia
lao,1879,31.77,Lao,Asia
lao,1880,31.76,Lao,Asia
lao,1881,31.74,Lao,Asia
lao,1882,31.73,Lao,Asia
lao,1883,31.71,Lao,Asia
lao,1884,31.7,Lao,Asia
lao,1885,31.68,Lao,Asia
lao,1886,31.67,Lao,Asia
lao,1887,31.65,Lao,Asia
lao,1888,31.64,Lao,Asia
lao,1889,31.63,Lao,Asia
lao,1890,31.61,Lao,Asia
lao,1891,31.6,Lao,Asia
lao,1892,31.58,Lao,Asia
lao,1893,31.57,Lao,Asia
lao,1894,31.55,Lao,Asia
lao,1895,31.54,Lao,Asia
lao,1896,31.52,Lao,Asia
lao,1897,31.51,Lao,Asia
lao,1898,31.5,Lao,Asia
lao,1899,31.48,Lao,Asia
lao,1900,31.47,Lao,Asia
lao,1901,31.45,Lao,Asia
lao,1902,31.44,Lao,Asia
lao,1903,31.42,Lao,Asia
lao,1904,31.41,Lao,Asia
lao,1905,31.39,Lao,Asia
lao,1906,31.38,Lao,Asia
lao,1907,31.37,Lao,Asia
lao,1908,31.35,Lao,Asia
lao,1909,31.34,Lao,Asia
lao,1910,31.32,Lao,Asia
lao,1911,31.31,Lao,Asia
lao,1912,31.29,Lao,Asia
lao,1913,31.28,Lao,Asia
lao,1914,31.26,Lao,Asia
lao,1915,31.25,Lao,Asia
lao,1916,31.24,Lao,Asia
lao,1917,31.22,Lao,Asia
lao,1918,20,Lao,Asia
lao,1919,31.19,Lao,Asia
lao,1920,31.18,Lao,Asia
lao,1921,31.16,Lao,Asia
lao,1922,31.15,Lao,Asia
lao,1923,31.13,Lao,Asia
lao,1924,31.12,Lao,Asia
lao,1925,31.11,Lao,Asia
lao,1926,31.09,Lao,Asia
lao,1927,31.08,Lao,Asia
lao,1928,31.06,Lao,Asia
lao,1929,31.05,Lao,Asia
lao,1930,31.03,Lao,Asia
lao,1931,31.02,Lao,Asia
lao,1932,31,Lao,Asia
lao,1933,30.99,Lao,Asia
lao,1934,30.98,Lao,Asia
lao,1935,30.96,Lao,Asia
lao,1936,30.95,Lao,Asia
lao,1937,30.93,Lao,Asia
lao,1938,30.92,Lao,Asia
lao,1939,30.9,Lao,Asia
lao,1940,30.5,Lao,Asia
lao,1941,30.2,Lao,Asia
lao,1942,29.89,Lao,Asia
lao,1943,29.1,Lao,Asia
lao,1944,28.12,Lao,Asia
lao,1945,26.08,Lao,Asia
lao,1946,32.83,Lao,Asia
lao,1947,34.74,Lao,Asia
lao,1948,37.14,Lao,Asia
lao,1949,38.07,Lao,Asia
lao,1950,38.87,Lao,Asia
lao,1951,38.96,Lao,Asia
lao,1952,39.15,Lao,Asia
lao,1953,39.33,Lao,Asia
lao,1954,39.86,Lao,Asia
lao,1955,40.04,Lao,Asia
lao,1956,40.23,Lao,Asia
lao,1957,40.42,Lao,Asia
lao,1958,40.6,Lao,Asia
lao,1959,39.97,Lao,Asia
lao,1960,40.22,Lao,Asia
lao,1961,40.49,Lao,Asia
lao,1962,41.51,Lao,Asia
lao,1963,40.39,Lao,Asia
lao,1964,40.64,Lao,Asia
lao,1965,40.9,Lao,Asia
lao,1966,41,Lao,Asia
lao,1967,41.44,Lao,Asia
lao,1968,41.74,Lao,Asia
lao,1969,42.07,Lao,Asia
lao,1970,42.39,Lao,Asia
lao,1971,42.73,Lao,Asia
lao,1972,43.1,Lao,Asia
lao,1973,43.51,Lao,Asia
lao,1974,45.1,Lao,Asia
lao,1975,45.52,Lao,Asia
lao,1976,45.99,Lao,Asia
lao,1977,46.28,Lao,Asia
lao,1978,46.59,Lao,Asia
lao,1979,46.93,Lao,Asia
lao,1980,47.34,Lao,Asia
lao,1981,47.86,Lao,Asia
lao,1982,48.4,Lao,Asia
lao,1983,49.06,Lao,Asia
lao,1984,49.78,Lao,Asia
lao,1985,50.4,Lao,Asia
lao,1986,50.91,Lao,Asia
lao,1987,51.37,Lao,Asia
lao,1988,51.84,Lao,Asia
lao,1989,52.4,Lao,Asia
lao,1990,52.89,Lao,Asia
lao,1991,53.55,Lao,Asia
lao,1992,54.01,Lao,Asia
lao,1993,54.5,Lao,Asia
lao,1994,54.93,Lao,Asia
lao,1995,55.59,Lao,Asia
lao,1996,56.11,Lao,Asia
lao,1997,56.71,Lao,Asia
lao,1998,57.25,Lao,Asia
lao,1999,57.84,Lao,Asia
lao,2000,58.39,Lao,Asia
lao,2001,59,Lao,Asia
lao,2002,59.74,Lao,Asia
lao,2003,60.4,Lao,Asia
lao,2004,61.07,Lao,Asia
lao,2005,61.68,Lao,Asia
lao,2006,62.26,Lao,Asia
lao,2007,62.94,Lao,Asia
lao,2008,63.58,Lao,Asia
lao,2009,64.24,Lao,Asia
lao,2010,64.92,Lao,Asia
lao,2011,65.58,Lao,Asia
lao,2012,66.18,Lao,Asia
lao,2013,66.65,Lao,Asia
lao,2014,67.22,Lao,Asia
lao,2015,67.64,Lao,Asia
lao,2016,68.03,Lao,Asia
lao,2017,68.37,Lao,Asia
lao,2018,68.64,Lao,Asia
lao,2019,68.97,Lao,Asia
lao,2020,69.12,Lao,Asia
lao,2021,69.56,Lao,Asia
lao,2022,69.84,Lao,Asia
lao,2023,70.1,Lao,Asia
lao,2024,70.37,Lao,Asia
lao,2025,70.63,Lao,Asia
lao,2026,70.88,Lao,Asia
lao,2027,71.13,Lao,Asia
lao,2028,71.37,Lao,Asia
lao,2029,71.6,Lao,Asia
lao,2030,71.83,Lao,Asia
lao,2031,72.05,Lao,Asia
lao,2032,72.26,Lao,Asia
lao,2033,72.47,Lao,Asia
lao,2034,72.67,Lao,Asia
lao,2035,72.87,Lao,Asia
lao,2036,73.06,Lao,Asia
lao,2037,73.25,Lao,Asia
lao,2038,73.43,Lao,Asia
lao,2039,73.61,Lao,Asia
lao,2040,73.79,Lao,Asia
lao,2041,73.96,Lao,Asia
lao,2042,74.13,Lao,Asia
lao,2043,74.3,Lao,Asia
lao,2044,74.46,Lao,Asia
lao,2045,74.63,Lao,Asia
lao,2046,74.79,Lao,Asia
lao,2047,74.95,Lao,Asia
lao,2048,75.11,Lao,Asia
lao,2049,75.27,Lao,Asia
lao,2050,75.43,Lao,Asia
lao,2051,75.58,Lao,Asia
lao,2052,75.73,Lao,Asia
lao,2053,75.88,Lao,Asia
lao,2054,76.03,Lao,Asia
lao,2055,76.18,Lao,Asia
lao,2056,76.33,Lao,Asia
lao,2057,76.47,Lao,Asia
lao,2058,76.62,Lao,Asia
lao,2059,76.76,Lao,Asia
lao,2060,76.9,Lao,Asia
lao,2061,77.04,Lao,Asia
lao,2062,77.18,Lao,Asia
lao,2063,77.32,Lao,Asia
lao,2064,77.46,Lao,Asia
lao,2065,77.6,Lao,Asia
lao,2066,77.74,Lao,Asia
lao,2067,77.87,Lao,Asia
lao,2068,78.01,Lao,Asia
lao,2069,78.15,Lao,Asia
lao,2070,78.28,Lao,Asia
lao,2071,78.42,Lao,Asia
lao,2072,78.56,Lao,Asia
lao,2073,78.7,Lao,Asia
lao,2074,78.84,Lao,Asia
lao,2075,78.98,Lao,Asia
lao,2076,79.12,Lao,Asia
lao,2077,79.25,Lao,Asia
lao,2078,79.39,Lao,Asia
lao,2079,79.53,Lao,Asia
lao,2080,79.67,Lao,Asia
lao,2081,79.8,Lao,Asia
lao,2082,79.94,Lao,Asia
lao,2083,80.07,Lao,Asia
lao,2084,80.21,Lao,Asia
lao,2085,80.34,Lao,Asia
lao,2086,80.48,Lao,Asia
lao,2087,80.61,Lao,Asia
lao,2088,80.74,Lao,Asia
lao,2089,80.88,Lao,Asia
lao,2090,81.01,Lao,Asia
lao,2091,81.14,Lao,Asia
lao,2092,81.27,Lao,Asia
lao,2093,81.41,Lao,Asia
lao,2094,81.54,Lao,Asia
lao,2095,81.68,Lao,Asia
lao,2096,81.81,Lao,Asia
lao,2097,81.95,Lao,Asia
lao,2098,82.09,Lao,Asia
lao,2099,82.23,Lao,Asia
lao,2100,82.37,Lao,Asia
lva,1800,33,Latvia,Europe
lva,1801,33,Latvia,Europe
lva,1802,33,Latvia,Europe
lva,1803,33,Latvia,Europe
lva,1804,33,Latvia,Europe
lva,1805,33,Latvia,Europe
lva,1806,33,Latvia,Europe
lva,1807,33,Latvia,Europe
lva,1808,33,Latvia,Europe
lva,1809,33,Latvia,Europe
lva,1810,33,Latvia,Europe
lva,1811,33,Latvia,Europe
lva,1812,33,Latvia,Europe
lva,1813,33,Latvia,Europe
lva,1814,33,Latvia,Europe
lva,1815,33,Latvia,Europe
lva,1816,33,Latvia,Europe
lva,1817,33,Latvia,Europe
lva,1818,33,Latvia,Europe
lva,1819,33,Latvia,Europe
lva,1820,33,Latvia,Europe
lva,1821,33,Latvia,Europe
lva,1822,33,Latvia,Europe
lva,1823,33,Latvia,Europe
lva,1824,33,Latvia,Europe
lva,1825,33,Latvia,Europe
lva,1826,33,Latvia,Europe
lva,1827,33,Latvia,Europe
lva,1828,33,Latvia,Europe
lva,1829,33,Latvia,Europe
lva,1830,33,Latvia,Europe
lva,1831,33,Latvia,Europe
lva,1832,33,Latvia,Europe
lva,1833,33,Latvia,Europe
lva,1834,33,Latvia,Europe
lva,1835,33,Latvia,Europe
lva,1836,33,Latvia,Europe
lva,1837,33,Latvia,Europe
lva,1838,33,Latvia,Europe
lva,1839,33,Latvia,Europe
lva,1840,33,Latvia,Europe
lva,1841,33,Latvia,Europe
lva,1842,33,Latvia,Europe
lva,1843,33,Latvia,Europe
lva,1844,33,Latvia,Europe
lva,1845,33,Latvia,Europe
lva,1846,33,Latvia,Europe
lva,1847,33,Latvia,Europe
lva,1848,33,Latvia,Europe
lva,1849,33,Latvia,Europe
lva,1850,33,Latvia,Europe
lva,1851,33,Latvia,Europe
lva,1852,33,Latvia,Europe
lva,1853,33,Latvia,Europe
lva,1854,33,Latvia,Europe
lva,1855,33,Latvia,Europe
lva,1856,33,Latvia,Europe
lva,1857,33,Latvia,Europe
lva,1858,33,Latvia,Europe
lva,1859,33,Latvia,Europe
lva,1860,33,Latvia,Europe
lva,1861,33.33,Latvia,Europe
lva,1862,33.66,Latvia,Europe
lva,1863,34,Latvia,Europe
lva,1864,34.33,Latvia,Europe
lva,1865,34.66,Latvia,Europe
lva,1866,34.99,Latvia,Europe
lva,1867,35.32,Latvia,Europe
lva,1868,35.66,Latvia,Europe
lva,1869,35.99,Latvia,Europe
lva,1870,36.32,Latvia,Europe
lva,1871,36.65,Latvia,Europe
lva,1872,36.98,Latvia,Europe
lva,1873,37.32,Latvia,Europe
lva,1874,37.65,Latvia,Europe
lva,1875,37.98,Latvia,Europe
lva,1876,38.31,Latvia,Europe
lva,1877,38.65,Latvia,Europe
lva,1878,38.98,Latvia,Europe
lva,1879,39.31,Latvia,Europe
lva,1880,39.64,Latvia,Europe
lva,1881,39.97,Latvia,Europe
lva,1882,40.31,Latvia,Europe
lva,1883,40.64,Latvia,Europe
lva,1884,40.97,Latvia,Europe
lva,1885,41.3,Latvia,Europe
lva,1886,41.63,Latvia,Europe
lva,1887,41.97,Latvia,Europe
lva,1888,42.3,Latvia,Europe
lva,1889,42.63,Latvia,Europe
lva,1890,42.96,Latvia,Europe
lva,1891,43.29,Latvia,Europe
lva,1892,43.63,Latvia,Europe
lva,1893,43.96,Latvia,Europe
lva,1894,44.29,Latvia,Europe
lva,1895,44.62,Latvia,Europe
lva,1896,44.95,Latvia,Europe
lva,1897,45.27,Latvia,Europe
lva,1898,45.58,Latvia,Europe
lva,1899,45.89,Latvia,Europe
lva,1900,46.2,Latvia,Europe
lva,1901,46.52,Latvia,Europe
lva,1902,46.83,Latvia,Europe
lva,1903,47.14,Latvia,Europe
lva,1904,47.45,Latvia,Europe
lva,1905,47.77,Latvia,Europe
lva,1906,48.08,Latvia,Europe
lva,1907,48.39,Latvia,Europe
lva,1908,48.7,Latvia,Europe
lva,1909,49.01,Latvia,Europe
lva,1910,49.33,Latvia,Europe
lva,1911,49.64,Latvia,Europe
lva,1912,49.95,Latvia,Europe
lva,1913,50.26,Latvia,Europe
lva,1914,49.5,Latvia,Europe
lva,1915,40.3,Latvia,Europe
lva,1916,40.1,Latvia,Europe
lva,1917,39.5,Latvia,Europe
lva,1918,35.5,Latvia,Europe
lva,1919,40.1,Latvia,Europe
lva,1920,47.71,Latvia,Europe
lva,1921,57.15,Latvia,Europe
lva,1922,55.57,Latvia,Europe
lva,1923,56.69,Latvia,Europe
lva,1924,53.7,Latvia,Europe
lva,1925,52.92,Latvia,Europe
lva,1926,55.87,Latvia,Europe
lva,1927,54.19,Latvia,Europe
lva,1928,54.89,Latvia,Europe
lva,1929,52.89,Latvia,Europe
lva,1930,56.02,Latvia,Europe
lva,1931,56.74,Latvia,Europe
lva,1932,56.61,Latvia,Europe
lva,1933,58.57,Latvia,Europe
lva,1934,55.53,Latvia,Europe
lva,1935,58.08,Latvia,Europe
lva,1936,57.56,Latvia,Europe
lva,1937,56.71,Latvia,Europe
lva,1938,59.93,Latvia,Europe
lva,1939,59.27,Latvia,Europe
lva,1940,52,Latvia,Europe
lva,1941,31,Latvia,Europe
lva,1942,43.2,Latvia,Europe
lva,1943,42.1,Latvia,Europe
lva,1944,23.5,Latvia,Europe
lva,1945,38,Latvia,Europe
lva,1946,54.97,Latvia,Europe
lva,1947,48.92,Latvia,Europe
lva,1948,61.04,Latvia,Europe
lva,1949,62.8,Latvia,Europe
lva,1950,64.66,Latvia,Europe
lva,1951,66.21,Latvia,Europe
lva,1952,67.74,Latvia,Europe
lva,1953,68.89,Latvia,Europe
lva,1954,69.08,Latvia,Europe
lva,1955,69.29,Latvia,Europe
lva,1956,69.51,Latvia,Europe
lva,1957,69.67,Latvia,Europe
lva,1958,69.86,Latvia,Europe
lva,1959,70.11,Latvia,Europe
lva,1960,70.35,Latvia,Europe
lva,1961,70.44,Latvia,Europe
lva,1962,70.15,Latvia,Europe
lva,1963,70.55,Latvia,Europe
lva,1964,71.58,Latvia,Europe
lva,1965,71.4,Latvia,Europe
lva,1966,71.31,Latvia,Europe
lva,1967,71.01,Latvia,Europe
lva,1968,70.72,Latvia,Europe
lva,1969,70.45,Latvia,Europe
lva,1970,70.46,Latvia,Europe
lva,1971,70.59,Latvia,Europe
lva,1972,70.27,Latvia,Europe
lva,1973,70.21,Latvia,Europe
lva,1974,70.08,Latvia,Europe
lva,1975,69.47,Latvia,Europe
lva,1976,69.49,Latvia,Europe
lva,1977,69.37,Latvia,Europe
lva,1978,69.19,Latvia,Europe
lva,1979,69.04,Latvia,Europe
lva,1980,69.23,Latvia,Europe
lva,1981,69.17,Latvia,Europe
lva,1982,69.85,Latvia,Europe
lva,1983,69.67,Latvia,Europe
lva,1984,69.59,Latvia,Europe
lva,1985,69.93,Latvia,Europe
lva,1986,71.23,Latvia,Europe
lva,1987,71.27,Latvia,Europe
lva,1988,71.14,Latvia,Europe
lva,1989,70.34,Latvia,Europe
lva,1990,69.84,Latvia,Europe
lva,1991,69.44,Latvia,Europe
lva,1992,68.76,Latvia,Europe
lva,1993,66.94,Latvia,Europe
lva,1994,65.7,Latvia,Europe
lva,1995,66.69,Latvia,Europe
lva,1996,68.99,Latvia,Europe
lva,1997,69.69,Latvia,Europe
lva,1998,69.27,Latvia,Europe
lva,1999,70.14,Latvia,Europe
lva,2000,70.65,Latvia,Europe
lva,2001,70.13,Latvia,Europe
lva,2002,70.51,Latvia,Europe
lva,2003,70.96,Latvia,Europe
lva,2004,71.28,Latvia,Europe
lva,2005,70.93,Latvia,Europe
lva,2006,70.45,Latvia,Europe
lva,2007,70.92,Latvia,Europe
lva,2008,72.09,Latvia,Europe
lva,2009,72.88,Latvia,Europe
lva,2010,73.26,Latvia,Europe
lva,2011,73.89,Latvia,Europe
lva,2012,74.23,Latvia,Europe
lva,2013,74.19,Latvia,Europe
lva,2014,74.68,Latvia,Europe
lva,2015,75.08,Latvia,Europe
lva,2016,75.67,Latvia,Europe
lva,2017,75.75,Latvia,Europe
lva,2018,75.8,Latvia,Europe
lva,2019,75.86,Latvia,Europe
lva,2020,75.86,Latvia,Europe
lva,2021,76.12,Latvia,Europe
lva,2022,76.25,Latvia,Europe
lva,2023,76.38,Latvia,Europe
lva,2024,76.52,Latvia,Europe
lva,2025,76.65,Latvia,Europe
lva,2026,76.79,Latvia,Europe
lva,2027,76.93,Latvia,Europe
lva,2028,77.07,Latvia,Europe
lva,2029,77.21,Latvia,Europe
lva,2030,77.35,Latvia,Europe
lva,2031,77.49,Latvia,Europe
lva,2032,77.63,Latvia,Europe
lva,2033,77.77,Latvia,Europe
lva,2034,77.91,Latvia,Europe
lva,2035,78.05,Latvia,Europe
lva,2036,78.19,Latvia,Europe
lva,2037,78.34,Latvia,Europe
lva,2038,78.48,Latvia,Europe
lva,2039,78.62,Latvia,Europe
lva,2040,78.76,Latvia,Europe
lva,2041,78.9,Latvia,Europe
lva,2042,79.04,Latvia,Europe
lva,2043,79.19,Latvia,Europe
lva,2044,79.33,Latvia,Europe
lva,2045,79.47,Latvia,Europe
lva,2046,79.62,Latvia,Europe
lva,2047,79.76,Latvia,Europe
lva,2048,79.91,Latvia,Europe
lva,2049,80.05,Latvia,Europe
lva,2050,80.2,Latvia,Europe
lva,2051,80.34,Latvia,Europe
lva,2052,80.48,Latvia,Europe
lva,2053,80.63,Latvia,Europe
lva,2054,80.77,Latvia,Europe
lva,2055,80.91,Latvia,Europe
lva,2056,81.05,Latvia,Europe
lva,2057,81.19,Latvia,Europe
lva,2058,81.33,Latvia,Europe
lva,2059,81.47,Latvia,Europe
lva,2060,81.61,Latvia,Europe
lva,2061,81.75,Latvia,Europe
lva,2062,81.88,Latvia,Europe
lva,2063,82.01,Latvia,Europe
lva,2064,82.15,Latvia,Europe
lva,2065,82.28,Latvia,Europe
lva,2066,82.4,Latvia,Europe
lva,2067,82.53,Latvia,Europe
lva,2068,82.65,Latvia,Europe
lva,2069,82.78,Latvia,Europe
lva,2070,82.9,Latvia,Europe
lva,2071,83.02,Latvia,Europe
lva,2072,83.14,Latvia,Europe
lva,2073,83.26,Latvia,Europe
lva,2074,83.37,Latvia,Europe
lva,2075,83.49,Latvia,Europe
lva,2076,83.61,Latvia,Europe
lva,2077,83.72,Latvia,Europe
lva,2078,83.83,Latvia,Europe
lva,2079,83.95,Latvia,Europe
lva,2080,84.06,Latvia,Europe
lva,2081,84.17,Latvia,Europe
lva,2082,84.29,Latvia,Europe
lva,2083,84.4,Latvia,Europe
lva,2084,84.51,Latvia,Europe
lva,2085,84.62,Latvia,Europe
lva,2086,84.72,Latvia,Europe
lva,2087,84.83,Latvia,Europe
lva,2088,84.94,Latvia,Europe
lva,2089,85.05,Latvia,Europe
lva,2090,85.15,Latvia,Europe
lva,2091,85.26,Latvia,Europe
lva,2092,85.36,Latvia,Europe
lva,2093,85.46,Latvia,Europe
lva,2094,85.57,Latvia,Europe
lva,2095,85.67,Latvia,Europe
lva,2096,85.77,Latvia,Europe
lva,2097,85.87,Latvia,Europe
lva,2098,85.97,Latvia,Europe
lva,2099,86.07,Latvia,Europe
lva,2100,86.17,Latvia,Europe
lbn,1800,29.7,Lebanon,Asia
lbn,1801,29.7,Lebanon,Asia
lbn,1802,29.7,Lebanon,Asia
lbn,1803,29.7,Lebanon,Asia
lbn,1804,29.7,Lebanon,Asia
lbn,1805,29.7,Lebanon,Asia
lbn,1806,29.7,Lebanon,Asia
lbn,1807,29.7,Lebanon,Asia
lbn,1808,29.7,Lebanon,Asia
lbn,1809,29.7,Lebanon,Asia
lbn,1810,29.7,Lebanon,Asia
lbn,1811,29.7,Lebanon,Asia
lbn,1812,29.7,Lebanon,Asia
lbn,1813,29.7,Lebanon,Asia
lbn,1814,29.7,Lebanon,Asia
lbn,1815,29.7,Lebanon,Asia
lbn,1816,29.7,Lebanon,Asia
lbn,1817,29.7,Lebanon,Asia
lbn,1818,29.7,Lebanon,Asia
lbn,1819,29.7,Lebanon,Asia
lbn,1820,29.7,Lebanon,Asia
lbn,1821,29.7,Lebanon,Asia
lbn,1822,29.7,Lebanon,Asia
lbn,1823,29.7,Lebanon,Asia
lbn,1824,29.7,Lebanon,Asia
lbn,1825,29.7,Lebanon,Asia
lbn,1826,29.7,Lebanon,Asia
lbn,1827,29.7,Lebanon,Asia
lbn,1828,29.7,Lebanon,Asia
lbn,1829,29.7,Lebanon,Asia
lbn,1830,29.7,Lebanon,Asia
lbn,1831,29.7,Lebanon,Asia
lbn,1832,29.7,Lebanon,Asia
lbn,1833,29.7,Lebanon,Asia
lbn,1834,29.7,Lebanon,Asia
lbn,1835,29.7,Lebanon,Asia
lbn,1836,29.7,Lebanon,Asia
lbn,1837,29.7,Lebanon,Asia
lbn,1838,29.7,Lebanon,Asia
lbn,1839,29.7,Lebanon,Asia
lbn,1840,29.7,Lebanon,Asia
lbn,1841,29.7,Lebanon,Asia
lbn,1842,29.7,Lebanon,Asia
lbn,1843,29.7,Lebanon,Asia
lbn,1844,29.7,Lebanon,Asia
lbn,1845,29.7,Lebanon,Asia
lbn,1846,29.7,Lebanon,Asia
lbn,1847,29.7,Lebanon,Asia
lbn,1848,29.7,Lebanon,Asia
lbn,1849,29.7,Lebanon,Asia
lbn,1850,29.7,Lebanon,Asia
lbn,1851,29.7,Lebanon,Asia
lbn,1852,29.7,Lebanon,Asia
lbn,1853,29.7,Lebanon,Asia
lbn,1854,29.7,Lebanon,Asia
lbn,1855,29.7,Lebanon,Asia
lbn,1856,29.7,Lebanon,Asia
lbn,1857,29.7,Lebanon,Asia
lbn,1858,29.7,Lebanon,Asia
lbn,1859,29.7,Lebanon,Asia
lbn,1860,29.7,Lebanon,Asia
lbn,1861,29.7,Lebanon,Asia
lbn,1862,29.7,Lebanon,Asia
lbn,1863,29.7,Lebanon,Asia
lbn,1864,29.7,Lebanon,Asia
lbn,1865,29.7,Lebanon,Asia
lbn,1866,29.7,Lebanon,Asia
lbn,1867,29.7,Lebanon,Asia
lbn,1868,29.7,Lebanon,Asia
lbn,1869,29.7,Lebanon,Asia
lbn,1870,29.7,Lebanon,Asia
lbn,1871,29.7,Lebanon,Asia
lbn,1872,29.69,Lebanon,Asia
lbn,1873,29.69,Lebanon,Asia
lbn,1874,29.68,Lebanon,Asia
lbn,1875,29.68,Lebanon,Asia
lbn,1876,29.67,Lebanon,Asia
lbn,1877,29.67,Lebanon,Asia
lbn,1878,29.66,Lebanon,Asia
lbn,1879,29.66,Lebanon,Asia
lbn,1880,29.65,Lebanon,Asia
lbn,1881,29.65,Lebanon,Asia
lbn,1882,29.64,Lebanon,Asia
lbn,1883,29.64,Lebanon,Asia
lbn,1884,29.63,Lebanon,Asia
lbn,1885,29.63,Lebanon,Asia
lbn,1886,29.62,Lebanon,Asia
lbn,1887,29.62,Lebanon,Asia
lbn,1888,29.61,Lebanon,Asia
lbn,1889,29.61,Lebanon,Asia
lbn,1890,29.6,Lebanon,Asia
lbn,1891,29.6,Lebanon,Asia
lbn,1892,29.59,Lebanon,Asia
lbn,1893,29.59,Lebanon,Asia
lbn,1894,29.59,Lebanon,Asia
lbn,1895,29.58,Lebanon,Asia
lbn,1896,29.58,Lebanon,Asia
lbn,1897,29.57,Lebanon,Asia
lbn,1898,29.57,Lebanon,Asia
lbn,1899,29.56,Lebanon,Asia
lbn,1900,29.56,Lebanon,Asia
lbn,1901,29.55,Lebanon,Asia
lbn,1902,29.55,Lebanon,Asia
lbn,1903,29.54,Lebanon,Asia
lbn,1904,29.54,Lebanon,Asia
lbn,1905,29.53,Lebanon,Asia
lbn,1906,29.53,Lebanon,Asia
lbn,1907,29.52,Lebanon,Asia
lbn,1908,29.52,Lebanon,Asia
lbn,1909,29.51,Lebanon,Asia
lbn,1910,29.51,Lebanon,Asia
lbn,1911,29.5,Lebanon,Asia
lbn,1912,29.5,Lebanon,Asia
lbn,1913,29.49,Lebanon,Asia
lbn,1914,29.49,Lebanon,Asia
lbn,1915,29.49,Lebanon,Asia
lbn,1916,29.48,Lebanon,Asia
lbn,1917,29.48,Lebanon,Asia
lbn,1918,24.43,Lebanon,Asia
lbn,1919,29.47,Lebanon,Asia
lbn,1920,29.46,Lebanon,Asia
lbn,1921,29.46,Lebanon,Asia
lbn,1922,29.45,Lebanon,Asia
lbn,1923,29.45,Lebanon,Asia
lbn,1924,29.44,Lebanon,Asia
lbn,1925,29.44,Lebanon,Asia
lbn,1926,29.43,Lebanon,Asia
lbn,1927,29.43,Lebanon,Asia
lbn,1928,29.42,Lebanon,Asia
lbn,1929,29.42,Lebanon,Asia
lbn,1930,29.41,Lebanon,Asia
lbn,1931,29.41,Lebanon,Asia
lbn,1932,29.4,Lebanon,Asia
lbn,1933,29.4,Lebanon,Asia
lbn,1934,29.39,Lebanon,Asia
lbn,1935,29.39,Lebanon,Asia
lbn,1936,29.38,Lebanon,Asia
lbn,1937,29.38,Lebanon,Asia
lbn,1938,29.38,Lebanon,Asia
lbn,1939,29.37,Lebanon,Asia
lbn,1940,29.37,Lebanon,Asia
lbn,1941,32.32,Lebanon,Asia
lbn,1942,35.26,Lebanon,Asia
lbn,1943,38.21,Lebanon,Asia
lbn,1944,41.16,Lebanon,Asia
lbn,1945,44.1,Lebanon,Asia
lbn,1946,47.05,Lebanon,Asia
lbn,1947,49.99,Lebanon,Asia
lbn,1948,52.94,Lebanon,Asia
lbn,1949,55.88,Lebanon,Asia
lbn,1950,58.82,Lebanon,Asia
lbn,1951,59.95,Lebanon,Asia
lbn,1952,60.65,Lebanon,Asia
lbn,1953,61.38,Lebanon,Asia
lbn,1954,62.09,Lebanon,Asia
lbn,1955,62.08,Lebanon,Asia
lbn,1956,63.07,Lebanon,Asia
lbn,1957,63.76,Lebanon,Asia
lbn,1958,62.06,Lebanon,Asia
lbn,1959,64.49,Lebanon,Asia
lbn,1960,64.87,Lebanon,Asia
lbn,1961,65.24,Lebanon,Asia
lbn,1962,65.59,Lebanon,Asia
lbn,1963,65.89,Lebanon,Asia
lbn,1964,66.21,Lebanon,Asia
lbn,1965,66.56,Lebanon,Asia
lbn,1966,66.86,Lebanon,Asia
lbn,1967,67.06,Lebanon,Asia
lbn,1968,67.3,Lebanon,Asia
lbn,1969,67.46,Lebanon,Asia
lbn,1970,67.59,Lebanon,Asia
lbn,1971,67.78,Lebanon,Asia
lbn,1972,68.02,Lebanon,Asia
lbn,1973,68.16,Lebanon,Asia
lbn,1974,68.58,Lebanon,Asia
lbn,1975,62.04,Lebanon,Asia
lbn,1976,38.33,Lebanon,Asia
lbn,1977,69.23,Lebanon,Asia
lbn,1978,69.23,Lebanon,Asia
lbn,1979,69.39,Lebanon,Asia
lbn,1980,69.41,Lebanon,Asia
lbn,1981,69.36,Lebanon,Asia
lbn,1982,48.57,Lebanon,Asia
lbn,1983,64.21,Lebanon,Asia
lbn,1984,65.09,Lebanon,Asia
lbn,1985,65.13,Lebanon,Asia
lbn,1986,65.86,Lebanon,Asia
lbn,1987,70.88,Lebanon,Asia
lbn,1988,71.08,Lebanon,Asia
lbn,1989,70.35,Lebanon,Asia
lbn,1990,69.92,Lebanon,Asia
lbn,1991,71.71,Lebanon,Asia
lbn,1992,71.96,Lebanon,Asia
lbn,1993,72.29,Lebanon,Asia
lbn,1994,72.7,Lebanon,Asia
lbn,1995,73.15,Lebanon,Asia
lbn,1996,73.45,Lebanon,Asia
lbn,1997,73.87,Lebanon,Asia
lbn,1998,74.22,Lebanon,Asia
lbn,1999,74.56,Lebanon,Asia
lbn,2000,74.82,Lebanon,Asia
lbn,2001,75.08,Lebanon,Asia
lbn,2002,75.25,Lebanon,Asia
lbn,2003,75.34,Lebanon,Asia
lbn,2004,75.43,Lebanon,Asia
lbn,2005,75.44,Lebanon,Asia
lbn,2006,75.06,Lebanon,Asia
lbn,2007,75.46,Lebanon,Asia
lbn,2008,75.42,Lebanon,Asia
lbn,2009,75.55,Lebanon,Asia
lbn,2010,75.62,Lebanon,Asia
lbn,2011,75.67,Lebanon,Asia
lbn,2012,75.74,Lebanon,Asia
lbn,2013,75.79,Lebanon,Asia
lbn,2014,75.81,Lebanon,Asia
lbn,2015,75.93,Lebanon,Asia
lbn,2016,76.08,Lebanon,Asia
lbn,2017,76.22,Lebanon,Asia
lbn,2018,76.18,Lebanon,Asia
lbn,2019,76.64,Lebanon,Asia
lbn,2020,76.16,Lebanon,Asia
lbn,2021,76.81,Lebanon,Asia
lbn,2022,76.91,Lebanon,Asia
lbn,2023,77.02,Lebanon,Asia
lbn,2024,77.15,Lebanon,Asia
lbn,2025,77.29,Lebanon,Asia
lbn,2026,77.45,Lebanon,Asia
lbn,2027,77.62,Lebanon,Asia
lbn,2028,77.8,Lebanon,Asia
lbn,2029,78,Lebanon,Asia
lbn,2030,78.2,Lebanon,Asia
lbn,2031,78.4,Lebanon,Asia
lbn,2032,78.59,Lebanon,Asia
lbn,2033,78.77,Lebanon,Asia
lbn,2034,78.94,Lebanon,Asia
lbn,2035,79.1,Lebanon,Asia
lbn,2036,79.25,Lebanon,Asia
lbn,2037,79.39,Lebanon,Asia
lbn,2038,79.53,Lebanon,Asia
lbn,2039,79.68,Lebanon,Asia
lbn,2040,79.83,Lebanon,Asia
lbn,2041,79.98,Lebanon,Asia
lbn,2042,80.13,Lebanon,Asia
lbn,2043,80.27,Lebanon,Asia
lbn,2044,80.42,Lebanon,Asia
lbn,2045,80.57,Lebanon,Asia
lbn,2046,80.72,Lebanon,Asia
lbn,2047,80.86,Lebanon,Asia
lbn,2048,81,Lebanon,Asia
lbn,2049,81.14,Lebanon,Asia
lbn,2050,81.28,Lebanon,Asia
lbn,2051,81.42,Lebanon,Asia
lbn,2052,81.55,Lebanon,Asia
lbn,2053,81.68,Lebanon,Asia
lbn,2054,81.81,Lebanon,Asia
lbn,2055,81.94,Lebanon,Asia
lbn,2056,82.07,Lebanon,Asia
lbn,2057,82.19,Lebanon,Asia
lbn,2058,82.32,Lebanon,Asia
lbn,2059,82.44,Lebanon,Asia
lbn,2060,82.56,Lebanon,Asia
lbn,2061,82.67,Lebanon,Asia
lbn,2062,82.79,Lebanon,Asia
lbn,2063,82.9,Lebanon,Asia
lbn,2064,83.01,Lebanon,Asia
lbn,2065,83.12,Lebanon,Asia
lbn,2066,83.23,Lebanon,Asia
lbn,2067,83.33,Lebanon,Asia
lbn,2068,83.44,Lebanon,Asia
lbn,2069,83.54,Lebanon,Asia
lbn,2070,83.65,Lebanon,Asia
lbn,2071,83.75,Lebanon,Asia
lbn,2072,83.85,Lebanon,Asia
lbn,2073,83.96,Lebanon,Asia
lbn,2074,84.06,Lebanon,Asia
lbn,2075,84.16,Lebanon,Asia
lbn,2076,84.27,Lebanon,Asia
lbn,2077,84.37,Lebanon,Asia
lbn,2078,84.48,Lebanon,Asia
lbn,2079,84.58,Lebanon,Asia
lbn,2080,84.68,Lebanon,Asia
lbn,2081,84.79,Lebanon,Asia
lbn,2082,84.89,Lebanon,Asia
lbn,2083,85,Lebanon,Asia
lbn,2084,85.1,Lebanon,Asia
lbn,2085,85.21,Lebanon,Asia
lbn,2086,85.31,Lebanon,Asia
lbn,2087,85.41,Lebanon,Asia
lbn,2088,85.52,Lebanon,Asia
lbn,2089,85.62,Lebanon,Asia
lbn,2090,85.72,Lebanon,Asia
lbn,2091,85.82,Lebanon,Asia
lbn,2092,85.93,Lebanon,Asia
lbn,2093,86.03,Lebanon,Asia
lbn,2094,86.13,Lebanon,Asia
lbn,2095,86.23,Lebanon,Asia
lbn,2096,86.34,Lebanon,Asia
lbn,2097,86.44,Lebanon,Asia
lbn,2098,86.55,Lebanon,Asia
lbn,2099,86.65,Lebanon,Asia
lbn,2100,86.76,Lebanon,Asia
lso,1800,32.8,Lesotho,Africa
lso,1801,32.8,Lesotho,Africa
lso,1802,32.8,Lesotho,Africa
lso,1803,32.8,Lesotho,Africa
lso,1804,32.8,Lesotho,Africa
lso,1805,32.8,Lesotho,Africa
lso,1806,32.8,Lesotho,Africa
lso,1807,32.8,Lesotho,Africa
lso,1808,32.8,Lesotho,Africa
lso,1809,32.8,Lesotho,Africa
lso,1810,32.8,Lesotho,Africa
lso,1811,32.8,Lesotho,Africa
lso,1812,32.8,Lesotho,Africa
lso,1813,32.8,Lesotho,Africa
lso,1814,32.8,Lesotho,Africa
lso,1815,32.8,Lesotho,Africa
lso,1816,32.8,Lesotho,Africa
lso,1817,32.8,Lesotho,Africa
lso,1818,32.8,Lesotho,Africa
lso,1819,32.8,Lesotho,Africa
lso,1820,32.8,Lesotho,Africa
lso,1821,32.8,Lesotho,Africa
lso,1822,32.8,Lesotho,Africa
lso,1823,32.8,Lesotho,Africa
lso,1824,32.8,Lesotho,Africa
lso,1825,32.8,Lesotho,Africa
lso,1826,32.8,Lesotho,Africa
lso,1827,32.8,Lesotho,Africa
lso,1828,32.8,Lesotho,Africa
lso,1829,32.8,Lesotho,Africa
lso,1830,32.8,Lesotho,Africa
lso,1831,32.8,Lesotho,Africa
lso,1832,32.8,Lesotho,Africa
lso,1833,32.8,Lesotho,Africa
lso,1834,32.8,Lesotho,Africa
lso,1835,32.8,Lesotho,Africa
lso,1836,32.8,Lesotho,Africa
lso,1837,32.8,Lesotho,Africa
lso,1838,32.8,Lesotho,Africa
lso,1839,32.8,Lesotho,Africa
lso,1840,32.8,Lesotho,Africa
lso,1841,32.8,Lesotho,Africa
lso,1842,32.8,Lesotho,Africa
lso,1843,32.8,Lesotho,Africa
lso,1844,32.8,Lesotho,Africa
lso,1845,32.8,Lesotho,Africa
lso,1846,32.8,Lesotho,Africa
lso,1847,32.8,Lesotho,Africa
lso,1848,32.8,Lesotho,Africa
lso,1849,32.8,Lesotho,Africa
lso,1850,32.8,Lesotho,Africa
lso,1851,32.8,Lesotho,Africa
lso,1852,32.8,Lesotho,Africa
lso,1853,32.8,Lesotho,Africa
lso,1854,32.8,Lesotho,Africa
lso,1855,32.8,Lesotho,Africa
lso,1856,32.8,Lesotho,Africa
lso,1857,32.8,Lesotho,Africa
lso,1858,32.8,Lesotho,Africa
lso,1859,32.8,Lesotho,Africa
lso,1860,32.8,Lesotho,Africa
lso,1861,32.8,Lesotho,Africa
lso,1862,32.8,Lesotho,Africa
lso,1863,32.8,Lesotho,Africa
lso,1864,32.8,Lesotho,Africa
lso,1865,32.8,Lesotho,Africa
lso,1866,32.8,Lesotho,Africa
lso,1867,32.8,Lesotho,Africa
lso,1868,32.8,Lesotho,Africa
lso,1869,32.8,Lesotho,Africa
lso,1870,32.8,Lesotho,Africa
lso,1871,32.91,Lesotho,Africa
lso,1872,33.02,Lesotho,Africa
lso,1873,33.13,Lesotho,Africa
lso,1874,33.24,Lesotho,Africa
lso,1875,33.35,Lesotho,Africa
lso,1876,33.46,Lesotho,Africa
lso,1877,33.57,Lesotho,Africa
lso,1878,33.68,Lesotho,Africa
lso,1879,33.79,Lesotho,Africa
lso,1880,33.89,Lesotho,Africa
lso,1881,34,Lesotho,Africa
lso,1882,34.11,Lesotho,Africa
lso,1883,34.22,Lesotho,Africa
lso,1884,34.33,Lesotho,Africa
lso,1885,34.44,Lesotho,Africa
lso,1886,34.55,Lesotho,Africa
lso,1887,34.66,Lesotho,Africa
lso,1888,34.77,Lesotho,Africa
lso,1889,34.88,Lesotho,Africa
lso,1890,34.99,Lesotho,Africa
lso,1891,35.1,Lesotho,Africa
lso,1892,35.21,Lesotho,Africa
lso,1893,35.32,Lesotho,Africa
lso,1894,35.43,Lesotho,Africa
lso,1895,35.54,Lesotho,Africa
lso,1896,35.65,Lesotho,Africa
lso,1897,35.76,Lesotho,Africa
lso,1898,35.87,Lesotho,Africa
lso,1899,35.98,Lesotho,Africa
lso,1900,36.08,Lesotho,Africa
lso,1901,36.19,Lesotho,Africa
lso,1902,36.3,Lesotho,Africa
lso,1903,36.41,Lesotho,Africa
lso,1904,36.52,Lesotho,Africa
lso,1905,36.63,Lesotho,Africa
lso,1906,36.74,Lesotho,Africa
lso,1907,36.85,Lesotho,Africa
lso,1908,36.96,Lesotho,Africa
lso,1909,37.07,Lesotho,Africa
lso,1910,37.18,Lesotho,Africa
lso,1911,37.29,Lesotho,Africa
lso,1912,37.4,Lesotho,Africa
lso,1913,37.51,Lesotho,Africa
lso,1914,37.62,Lesotho,Africa
lso,1915,37.73,Lesotho,Africa
lso,1916,37.84,Lesotho,Africa
lso,1917,37.95,Lesotho,Africa
lso,1918,14.72,Lesotho,Africa
lso,1919,38.17,Lesotho,Africa
lso,1920,38.27,Lesotho,Africa
lso,1921,38.38,Lesotho,Africa
lso,1922,38.49,Lesotho,Africa
lso,1923,38.6,Lesotho,Africa
lso,1924,38.71,Lesotho,Africa
lso,1925,38.82,Lesotho,Africa
lso,1926,38.93,Lesotho,Africa
lso,1927,39.04,Lesotho,Africa
lso,1928,39.15,Lesotho,Africa
lso,1929,39.26,Lesotho,Africa
lso,1930,39.37,Lesotho,Africa
lso,1931,39.48,Lesotho,Africa
lso,1932,39.59,Lesotho,Africa
lso,1933,39.7,Lesotho,Africa
lso,1934,39.81,Lesotho,Africa
lso,1935,39.92,Lesotho,Africa
lso,1936,40.03,Lesotho,Africa
lso,1937,40.14,Lesotho,Africa
lso,1938,40.25,Lesotho,Africa
lso,1939,40.35,Lesotho,Africa
lso,1940,40.46,Lesotho,Africa
lso,1941,40.57,Lesotho,Africa
lso,1942,40.68,Lesotho,Africa
lso,1943,40.79,Lesotho,Africa
lso,1944,40.9,Lesotho,Africa
lso,1945,41.01,Lesotho,Africa
lso,1946,43.18,Lesotho,Africa
lso,1947,45.36,Lesotho,Africa
lso,1948,47.56,Lesotho,Africa
lso,1949,49.76,Lesotho,Africa
lso,1950,51.97,Lesotho,Africa
lso,1951,52.19,Lesotho,Africa
lso,1952,52.39,Lesotho,Africa
lso,1953,52.7,Lesotho,Africa
lso,1954,52.51,Lesotho,Africa
lso,1955,52.62,Lesotho,Africa
lso,1956,52.89,Lesotho,Africa
lso,1957,53.02,Lesotho,Africa
lso,1958,53.11,Lesotho,Africa
lso,1959,53.18,Lesotho,Africa
lso,1960,53.28,Lesotho,Africa
lso,1961,53.31,Lesotho,Africa
lso,1962,53.42,Lesotho,Africa
lso,1963,53.5,Lesotho,Africa
lso,1964,53.52,Lesotho,Africa
lso,1965,53.58,Lesotho,Africa
lso,1966,53.7,Lesotho,Africa
lso,1967,53.89,Lesotho,Africa
lso,1968,54.11,Lesotho,Africa
lso,1969,54.35,Lesotho,Africa
lso,1970,54.61,Lesotho,Africa
lso,1971,54.72,Lesotho,Africa
lso,1972,54.99,Lesotho,Africa
lso,1973,55.41,Lesotho,Africa
lso,1974,55.83,Lesotho,Africa
lso,1975,56.2,Lesotho,Africa
lso,1976,56.62,Lesotho,Africa
lso,1977,57.11,Lesotho,Africa
lso,1978,57.72,Lesotho,Africa
lso,1979,58.13,Lesotho,Africa
lso,1980,58.48,Lesotho,Africa
lso,1981,58.83,Lesotho,Africa
lso,1982,59.18,Lesotho,Africa
lso,1983,59.44,Lesotho,Africa
lso,1984,59.72,Lesotho,Africa
lso,1985,60,Lesotho,Africa
lso,1986,60.27,Lesotho,Africa
lso,1987,60.44,Lesotho,Africa
lso,1988,60.62,Lesotho,Africa
lso,1989,60.72,Lesotho,Africa
lso,1990,60.63,Lesotho,Africa
lso,1991,60.5,Lesotho,Africa
lso,1992,60.04,Lesotho,Africa
lso,1993,59.36,Lesotho,Africa
lso,1994,58.31,Lesotho,Africa
lso,1995,57.15,Lesotho,Africa
lso,1996,55.77,Lesotho,Africa
lso,1997,54.11,Lesotho,Africa
lso,1998,52.05,Lesotho,Africa
lso,1999,50.23,Lesotho,Africa
lso,2000,48.47,Lesotho,Africa
lso,2001,47.29,Lesotho,Africa
lso,2002,46.1,Lesotho,Africa
lso,2003,45,Lesotho,Africa
lso,2004,44.16,Lesotho,Africa
lso,2005,43.88,Lesotho,Africa
lso,2006,44.18,Lesotho,Africa
lso,2007,45.09,Lesotho,Africa
lso,2008,46.32,Lesotho,Africa
lso,2009,47.4,Lesotho,Africa
lso,2010,48.12,Lesotho,Africa
lso,2011,48.21,Lesotho,Africa
lso,2012,47.94,Lesotho,Africa
lso,2013,47.88,Lesotho,Africa
lso,2014,47.94,Lesotho,Africa
lso,2015,48.47,Lesotho,Africa
lso,2016,49.63,Lesotho,Africa
lso,2017,50.75,Lesotho,Africa
lso,2018,51.42,Lesotho,Africa
lso,2019,51.77,Lesotho,Africa
lso,2020,52.01,Lesotho,Africa
lso,2021,52.65,Lesotho,Africa
lso,2022,52.99,Lesotho,Africa
lso,2023,53.33,Lesotho,Africa
lso,2024,53.67,Lesotho,Africa
lso,2025,54.02,Lesotho,Africa
lso,2026,54.39,Lesotho,Africa
lso,2027,54.76,Lesotho,Africa
lso,2028,55.13,Lesotho,Africa
lso,2029,55.49,Lesotho,Africa
lso,2030,55.84,Lesotho,Africa
lso,2031,56.18,Lesotho,Africa
lso,2032,56.52,Lesotho,Africa
lso,2033,56.85,Lesotho,Africa
lso,2034,57.17,Lesotho,Africa
lso,2035,57.49,Lesotho,Africa
lso,2036,57.8,Lesotho,Africa
lso,2037,58.09,Lesotho,Africa
lso,2038,58.39,Lesotho,Africa
lso,2039,58.67,Lesotho,Africa
lso,2040,58.95,Lesotho,Africa
lso,2041,59.22,Lesotho,Africa
lso,2042,59.48,Lesotho,Africa
lso,2043,59.74,Lesotho,Africa
lso,2044,59.99,Lesotho,Africa
lso,2045,60.24,Lesotho,Africa
lso,2046,60.49,Lesotho,Africa
lso,2047,60.73,Lesotho,Africa
lso,2048,60.96,Lesotho,Africa
lso,2049,61.19,Lesotho,Africa
lso,2050,61.41,Lesotho,Africa
lso,2051,61.63,Lesotho,Africa
lso,2052,61.85,Lesotho,Africa
lso,2053,62.06,Lesotho,Africa
lso,2054,62.26,Lesotho,Africa
lso,2055,62.46,Lesotho,Africa
lso,2056,62.66,Lesotho,Africa
lso,2057,62.85,Lesotho,Africa
lso,2058,63.04,Lesotho,Africa
lso,2059,63.23,Lesotho,Africa
lso,2060,63.42,Lesotho,Africa
lso,2061,63.6,Lesotho,Africa
lso,2062,63.78,Lesotho,Africa
lso,2063,63.95,Lesotho,Africa
lso,2064,64.13,Lesotho,Africa
lso,2065,64.3,Lesotho,Africa
lso,2066,64.47,Lesotho,Africa
lso,2067,64.64,Lesotho,Africa
lso,2068,64.8,Lesotho,Africa
lso,2069,64.96,Lesotho,Africa
lso,2070,65.12,Lesotho,Africa
lso,2071,65.27,Lesotho,Africa
lso,2072,65.42,Lesotho,Africa
lso,2073,65.57,Lesotho,Africa
lso,2074,65.72,Lesotho,Africa
lso,2075,65.87,Lesotho,Africa
lso,2076,66.01,Lesotho,Africa
lso,2077,66.16,Lesotho,Africa
lso,2078,66.3,Lesotho,Africa
lso,2079,66.44,Lesotho,Africa
lso,2080,66.58,Lesotho,Africa
lso,2081,66.72,Lesotho,Africa
lso,2082,66.86,Lesotho,Africa
lso,2083,66.99,Lesotho,Africa
lso,2084,67.13,Lesotho,Africa
lso,2085,67.27,Lesotho,Africa
lso,2086,67.4,Lesotho,Africa
lso,2087,67.54,Lesotho,Africa
lso,2088,67.67,Lesotho,Africa
lso,2089,67.81,Lesotho,Africa
lso,2090,67.94,Lesotho,Africa
lso,2091,68.08,Lesotho,Africa
lso,2092,68.21,Lesotho,Africa
lso,2093,68.34,Lesotho,Africa
lso,2094,68.47,Lesotho,Africa
lso,2095,68.6,Lesotho,Africa
lso,2096,68.73,Lesotho,Africa
lso,2097,68.86,Lesotho,Africa
lso,2098,68.98,Lesotho,Africa
lso,2099,69.11,Lesotho,Africa
lso,2100,69.24,Lesotho,Africa
lbr,1800,31.1,Liberia,Africa
lbr,1801,31.1,Liberia,Africa
lbr,1802,31.1,Liberia,Africa
lbr,1803,31.1,Liberia,Africa
lbr,1804,31.1,Liberia,Africa
lbr,1805,31.1,Liberia,Africa
lbr,1806,31.1,Liberia,Africa
lbr,1807,31.1,Liberia,Africa
lbr,1808,31.1,Liberia,Africa
lbr,1809,31.1,Liberia,Africa
lbr,1810,31.1,Liberia,Africa
lbr,1811,31.1,Liberia,Africa
lbr,1812,31.1,Liberia,Africa
lbr,1813,31.1,Liberia,Africa
lbr,1814,31.1,Liberia,Africa
lbr,1815,31.1,Liberia,Africa
lbr,1816,31.1,Liberia,Africa
lbr,1817,31.1,Liberia,Africa
lbr,1818,31.1,Liberia,Africa
lbr,1819,31.1,Liberia,Africa
lbr,1820,31.1,Liberia,Africa
lbr,1821,31.1,Liberia,Africa
lbr,1822,31.1,Liberia,Africa
lbr,1823,31.1,Liberia,Africa
lbr,1824,31.1,Liberia,Africa
lbr,1825,31.1,Liberia,Africa
lbr,1826,31.1,Liberia,Africa
lbr,1827,31.1,Liberia,Africa
lbr,1828,31.1,Liberia,Africa
lbr,1829,31.1,Liberia,Africa
lbr,1830,31.1,Liberia,Africa
lbr,1831,31.1,Liberia,Africa
lbr,1832,31.1,Liberia,Africa
lbr,1833,31.1,Liberia,Africa
lbr,1834,31.1,Liberia,Africa
lbr,1835,31.1,Liberia,Africa
lbr,1836,31.1,Liberia,Africa
lbr,1837,31.1,Liberia,Africa
lbr,1838,31.1,Liberia,Africa
lbr,1839,31.1,Liberia,Africa
lbr,1840,31.1,Liberia,Africa
lbr,1841,31.1,Liberia,Africa
lbr,1842,31.1,Liberia,Africa
lbr,1843,31.1,Liberia,Africa
lbr,1844,31.1,Liberia,Africa
lbr,1845,31.1,Liberia,Africa
lbr,1846,31.1,Liberia,Africa
lbr,1847,31.1,Liberia,Africa
lbr,1848,31.1,Liberia,Africa
lbr,1849,31.1,Liberia,Africa
lbr,1850,31.1,Liberia,Africa
lbr,1851,31.1,Liberia,Africa
lbr,1852,31.1,Liberia,Africa
lbr,1853,31.1,Liberia,Africa
lbr,1854,31.1,Liberia,Africa
lbr,1855,31.1,Liberia,Africa
lbr,1856,31.1,Liberia,Africa
lbr,1857,31.1,Liberia,Africa
lbr,1858,31.1,Liberia,Africa
lbr,1859,31.1,Liberia,Africa
lbr,1860,31.1,Liberia,Africa
lbr,1861,31.1,Liberia,Africa
lbr,1862,31.1,Liberia,Africa
lbr,1863,31.1,Liberia,Africa
lbr,1864,31.1,Liberia,Africa
lbr,1865,31.1,Liberia,Africa
lbr,1866,31.1,Liberia,Africa
lbr,1867,31.1,Liberia,Africa
lbr,1868,31.1,Liberia,Africa
lbr,1869,31.1,Liberia,Africa
lbr,1870,31.1,Liberia,Africa
lbr,1871,31.16,Liberia,Africa
lbr,1872,31.23,Liberia,Africa
lbr,1873,31.29,Liberia,Africa
lbr,1874,31.35,Liberia,Africa
lbr,1875,31.42,Liberia,Africa
lbr,1876,31.48,Liberia,Africa
lbr,1877,31.54,Liberia,Africa
lbr,1878,31.61,Liberia,Africa
lbr,1879,31.67,Liberia,Africa
lbr,1880,31.73,Liberia,Africa
lbr,1881,31.8,Liberia,Africa
lbr,1882,31.86,Liberia,Africa
lbr,1883,31.92,Liberia,Africa
lbr,1884,31.99,Liberia,Africa
lbr,1885,32.05,Liberia,Africa
lbr,1886,32.11,Liberia,Africa
lbr,1887,32.18,Liberia,Africa
lbr,1888,32.24,Liberia,Africa
lbr,1889,32.31,Liberia,Africa
lbr,1890,32.37,Liberia,Africa
lbr,1891,32.43,Liberia,Africa
lbr,1892,32.5,Liberia,Africa
lbr,1893,32.56,Liberia,Africa
lbr,1894,32.62,Liberia,Africa
lbr,1895,32.69,Liberia,Africa
lbr,1896,32.75,Liberia,Africa
lbr,1897,32.81,Liberia,Africa
lbr,1898,32.88,Liberia,Africa
lbr,1899,32.94,Liberia,Africa
lbr,1900,33,Liberia,Africa
lbr,1901,33.07,Liberia,Africa
lbr,1902,33.13,Liberia,Africa
lbr,1903,33.19,Liberia,Africa
lbr,1904,33.26,Liberia,Africa
lbr,1905,33.32,Liberia,Africa
lbr,1906,33.38,Liberia,Africa
lbr,1907,33.45,Liberia,Africa
lbr,1908,33.51,Liberia,Africa
lbr,1909,33.57,Liberia,Africa
lbr,1910,33.64,Liberia,Africa
lbr,1911,33.7,Liberia,Africa
lbr,1912,33.76,Liberia,Africa
lbr,1913,33.83,Liberia,Africa
lbr,1914,33.89,Liberia,Africa
lbr,1915,33.95,Liberia,Africa
lbr,1916,34.02,Liberia,Africa
lbr,1917,34.08,Liberia,Africa
lbr,1918,13.21,Liberia,Africa
lbr,1919,34.21,Liberia,Africa
lbr,1920,34.27,Liberia,Africa
lbr,1921,34.33,Liberia,Africa
lbr,1922,34.4,Liberia,Africa
lbr,1923,34.46,Liberia,Africa
lbr,1924,34.53,Liberia,Africa
lbr,1925,34.59,Liberia,Africa
lbr,1926,34.65,Liberia,Africa
lbr,1927,34.72,Liberia,Africa
lbr,1928,34.78,Liberia,Africa
lbr,1929,34.84,Liberia,Africa
lbr,1930,34.91,Liberia,Africa
lbr,1931,34.97,Liberia,Africa
lbr,1932,35.03,Liberia,Africa
lbr,1933,35.1,Liberia,Africa
lbr,1934,35.16,Liberia,Africa
lbr,1935,35.22,Liberia,Africa
lbr,1936,35.29,Liberia,Africa
lbr,1937,35.35,Liberia,Africa
lbr,1938,35.41,Liberia,Africa
lbr,1939,35.48,Liberia,Africa
lbr,1940,35.54,Liberia,Africa
lbr,1941,35.6,Liberia,Africa
lbr,1942,35.67,Liberia,Africa
lbr,1943,35.73,Liberia,Africa
lbr,1944,35.79,Liberia,Africa
lbr,1945,35.86,Liberia,Africa
lbr,1946,36.29,Liberia,Africa
lbr,1947,36.72,Liberia,Africa
lbr,1948,37.15,Liberia,Africa
lbr,1949,37.59,Liberia,Africa
lbr,1950,38.02,Liberia,Africa
lbr,1951,38.26,Liberia,Africa
lbr,1952,38.53,Liberia,Africa
lbr,1953,38.86,Liberia,Africa
lbr,1954,39.18,Liberia,Africa
lbr,1955,39.47,Liberia,Africa
lbr,1956,39.77,Liberia,Africa
lbr,1957,40.02,Liberia,Africa
lbr,1958,40.27,Liberia,Africa
lbr,1959,40.56,Liberia,Africa
lbr,1960,40.83,Liberia,Africa
lbr,1961,41.01,Liberia,Africa
lbr,1962,41.33,Liberia,Africa
lbr,1963,41.91,Liberia,Africa
lbr,1964,42.33,Liberia,Africa
lbr,1965,42.66,Liberia,Africa
lbr,1966,43.1,Liberia,Africa
lbr,1967,43.47,Liberia,Africa
lbr,1968,43.97,Liberia,Africa
lbr,1969,44.74,Liberia,Africa
lbr,1970,45.29,Liberia,Africa
lbr,1971,45.81,Liberia,Africa
lbr,1972,46.4,Liberia,Africa
lbr,1973,46.92,Liberia,Africa
lbr,1974,47.5,Liberia,Africa
lbr,1975,48.11,Liberia,Africa
lbr,1976,48.68,Liberia,Africa
lbr,1977,49.19,Liberia,Africa
lbr,1978,49.65,Liberia,Africa
lbr,1979,50.15,Liberia,Africa
lbr,1980,50.26,Liberia,Africa
lbr,1981,50.98,Liberia,Africa
lbr,1982,51.32,Liberia,Africa
lbr,1983,51.68,Liberia,Africa
lbr,1984,51.96,Liberia,Africa
lbr,1985,52.2,Liberia,Africa
lbr,1986,52.39,Liberia,Africa
lbr,1987,52.53,Liberia,Africa
lbr,1988,52.75,Liberia,Africa
lbr,1989,52.78,Liberia,Africa
lbr,1990,49.14,Liberia,Africa
lbr,1991,52.18,Liberia,Africa
lbr,1992,52.3,Liberia,Africa
lbr,1993,50.15,Liberia,Africa
lbr,1994,48.58,Liberia,Africa
lbr,1995,50.28,Liberia,Africa
lbr,1996,49.57,Liberia,Africa
lbr,1997,52.42,Liberia,Africa
lbr,1998,52.97,Liberia,Africa
lbr,1999,53.77,Liberia,Africa
lbr,2000,54.84,Liberia,Africa
lbr,2001,55.72,Liberia,Africa
lbr,2002,55.43,Liberia,Africa
lbr,2003,55.49,Liberia,Africa
lbr,2004,58.45,Liberia,Africa
lbr,2005,59.22,Liberia,Africa
lbr,2006,59.96,Liberia,Africa
lbr,2007,60.61,Liberia,Africa
lbr,2008,61.08,Liberia,Africa
lbr,2009,61.5,Liberia,Africa
lbr,2010,61.94,Liberia,Africa
lbr,2011,62.42,Liberia,Africa
lbr,2012,62.9,Liberia,Africa
lbr,2013,63.37,Liberia,Africa
lbr,2014,59.86,Liberia,Africa
lbr,2015,62.53,Liberia,Africa
lbr,2016,64.51,Liberia,Africa
lbr,2017,65.1,Liberia,Africa
lbr,2018,65.65,Liberia,Africa
lbr,2019,66.11,Liberia,Africa
lbr,2020,66.18,Liberia,Africa
lbr,2021,66.72,Liberia,Africa
lbr,2022,66.98,Liberia,Africa
lbr,2023,67.22,Liberia,Africa
lbr,2024,67.46,Liberia,Africa
lbr,2025,67.71,Liberia,Africa
lbr,2026,67.96,Liberia,Africa
lbr,2027,68.2,Liberia,Africa
lbr,2028,68.44,Liberia,Africa
lbr,2029,68.67,Liberia,Africa
lbr,2030,68.9,Liberia,Africa
lbr,2031,69.11,Liberia,Africa
lbr,2032,69.33,Liberia,Africa
lbr,2033,69.53,Liberia,Africa
lbr,2034,69.73,Liberia,Africa
lbr,2035,69.93,Liberia,Africa
lbr,2036,70.12,Liberia,Africa
lbr,2037,70.31,Liberia,Africa
lbr,2038,70.49,Liberia,Africa
lbr,2039,70.67,Liberia,Africa
lbr,2040,70.85,Liberia,Africa
lbr,2041,71.02,Liberia,Africa
lbr,2042,71.19,Liberia,Africa
lbr,2043,71.36,Liberia,Africa
lbr,2044,71.52,Liberia,Africa
lbr,2045,71.68,Liberia,Africa
lbr,2046,71.83,Liberia,Africa
lbr,2047,71.98,Liberia,Africa
lbr,2048,72.13,Liberia,Africa
lbr,2049,72.28,Liberia,Africa
lbr,2050,72.42,Liberia,Africa
lbr,2051,72.56,Liberia,Africa
lbr,2052,72.7,Liberia,Africa
lbr,2053,72.84,Liberia,Africa
lbr,2054,72.98,Liberia,Africa
lbr,2055,73.12,Liberia,Africa
lbr,2056,73.26,Liberia,Africa
lbr,2057,73.39,Liberia,Africa
lbr,2058,73.52,Liberia,Africa
lbr,2059,73.65,Liberia,Africa
lbr,2060,73.78,Liberia,Africa
lbr,2061,73.9,Liberia,Africa
lbr,2062,74.03,Liberia,Africa
lbr,2063,74.15,Liberia,Africa
lbr,2064,74.28,Liberia,Africa
lbr,2065,74.4,Liberia,Africa
lbr,2066,74.52,Liberia,Africa
lbr,2067,74.64,Liberia,Africa
lbr,2068,74.76,Liberia,Africa
lbr,2069,74.88,Liberia,Africa
lbr,2070,75,Liberia,Africa
lbr,2071,75.12,Liberia,Africa
lbr,2072,75.24,Liberia,Africa
lbr,2073,75.36,Liberia,Africa
lbr,2074,75.48,Liberia,Africa
lbr,2075,75.6,Liberia,Africa
lbr,2076,75.72,Liberia,Africa
lbr,2077,75.84,Liberia,Africa
lbr,2078,75.96,Liberia,Africa
lbr,2079,76.08,Liberia,Africa
lbr,2080,76.2,Liberia,Africa
lbr,2081,76.33,Liberia,Africa
lbr,2082,76.45,Liberia,Africa
lbr,2083,76.57,Liberia,Africa
lbr,2084,76.69,Liberia,Africa
lbr,2085,76.81,Liberia,Africa
lbr,2086,76.93,Liberia,Africa
lbr,2087,77.05,Liberia,Africa
lbr,2088,77.16,Liberia,Africa
lbr,2089,77.28,Liberia,Africa
lbr,2090,77.4,Liberia,Africa
lbr,2091,77.52,Liberia,Africa
lbr,2092,77.64,Liberia,Africa
lbr,2093,77.76,Liberia,Africa
lbr,2094,77.88,Liberia,Africa
lbr,2095,78,Liberia,Africa
lbr,2096,78.12,Liberia,Africa
lbr,2097,78.24,Liberia,Africa
lbr,2098,78.37,Liberia,Africa
lbr,2099,78.49,Liberia,Africa
lbr,2100,78.61,Liberia,Africa
lby,1800,33.1,Libya,Africa
lby,1801,33.1,Libya,Africa
lby,1802,33.1,Libya,Africa
lby,1803,33.1,Libya,Africa
lby,1804,33.1,Libya,Africa
lby,1805,33.1,Libya,Africa
lby,1806,33.1,Libya,Africa
lby,1807,33.1,Libya,Africa
lby,1808,33.1,Libya,Africa
lby,1809,33.1,Libya,Africa
lby,1810,33.1,Libya,Africa
lby,1811,33.1,Libya,Africa
lby,1812,33.1,Libya,Africa
lby,1813,33.1,Libya,Africa
lby,1814,33.1,Libya,Africa
lby,1815,33.1,Libya,Africa
lby,1816,33.1,Libya,Africa
lby,1817,33.1,Libya,Africa
lby,1818,33.1,Libya,Africa
lby,1819,33.1,Libya,Africa
lby,1820,33.1,Libya,Africa
lby,1821,33.1,Libya,Africa
lby,1822,33.1,Libya,Africa
lby,1823,33.1,Libya,Africa
lby,1824,33.1,Libya,Africa
lby,1825,33.1,Libya,Africa
lby,1826,33.1,Libya,Africa
lby,1827,33.1,Libya,Africa
lby,1828,33.1,Libya,Africa
lby,1829,33.1,Libya,Africa
lby,1830,33.1,Libya,Africa
lby,1831,33.1,Libya,Africa
lby,1832,33.1,Libya,Africa
lby,1833,33.1,Libya,Africa
lby,1834,33.1,Libya,Africa
lby,1835,33.1,Libya,Africa
lby,1836,33.1,Libya,Africa
lby,1837,33.1,Libya,Africa
lby,1838,33.1,Libya,Africa
lby,1839,33.1,Libya,Africa
lby,1840,33.1,Libya,Africa
lby,1841,33.1,Libya,Africa
lby,1842,33.1,Libya,Africa
lby,1843,33.1,Libya,Africa
lby,1844,33.1,Libya,Africa
lby,1845,33.1,Libya,Africa
lby,1846,33.1,Libya,Africa
lby,1847,33.1,Libya,Africa
lby,1848,33.1,Libya,Africa
lby,1849,33.1,Libya,Africa
lby,1850,33.1,Libya,Africa
lby,1851,33.1,Libya,Africa
lby,1852,33.1,Libya,Africa
lby,1853,33.1,Libya,Africa
lby,1854,33.1,Libya,Africa
lby,1855,33.1,Libya,Africa
lby,1856,33.1,Libya,Africa
lby,1857,33.1,Libya,Africa
lby,1858,33.1,Libya,Africa
lby,1859,33.1,Libya,Africa
lby,1860,33.1,Libya,Africa
lby,1861,33.1,Libya,Africa
lby,1862,33.1,Libya,Africa
lby,1863,33.1,Libya,Africa
lby,1864,33.1,Libya,Africa
lby,1865,33.1,Libya,Africa
lby,1866,33.1,Libya,Africa
lby,1867,33.1,Libya,Africa
lby,1868,33.1,Libya,Africa
lby,1869,33.1,Libya,Africa
lby,1870,33.1,Libya,Africa
lby,1871,33.21,Libya,Africa
lby,1872,33.32,Libya,Africa
lby,1873,33.43,Libya,Africa
lby,1874,33.55,Libya,Africa
lby,1875,33.66,Libya,Africa
lby,1876,33.77,Libya,Africa
lby,1877,33.88,Libya,Africa
lby,1878,33.99,Libya,Africa
lby,1879,34.1,Libya,Africa
lby,1880,34.21,Libya,Africa
lby,1881,34.33,Libya,Africa
lby,1882,34.44,Libya,Africa
lby,1883,34.55,Libya,Africa
lby,1884,34.66,Libya,Africa
lby,1885,34.77,Libya,Africa
lby,1886,34.88,Libya,Africa
lby,1887,34.99,Libya,Africa
lby,1888,35.11,Libya,Africa
lby,1889,35.22,Libya,Africa
lby,1890,35.33,Libya,Africa
lby,1891,35.44,Libya,Africa
lby,1892,35.55,Libya,Africa
lby,1893,35.66,Libya,Africa
lby,1894,35.77,Libya,Africa
lby,1895,35.89,Libya,Africa
lby,1896,36,Libya,Africa
lby,1897,36.11,Libya,Africa
lby,1898,36.22,Libya,Africa
lby,1899,36.33,Libya,Africa
lby,1900,36.44,Libya,Africa
lby,1901,36.55,Libya,Africa
lby,1902,36.67,Libya,Africa
lby,1903,36.78,Libya,Africa
lby,1904,36.89,Libya,Africa
lby,1905,37,Libya,Africa
lby,1906,37.11,Libya,Africa
lby,1907,37.22,Libya,Africa
lby,1908,37.33,Libya,Africa
lby,1909,37.45,Libya,Africa
lby,1910,37.56,Libya,Africa
lby,1911,37.67,Libya,Africa
lby,1912,37.78,Libya,Africa
lby,1913,37.89,Libya,Africa
lby,1914,38,Libya,Africa
lby,1915,38.11,Libya,Africa
lby,1916,38.23,Libya,Africa
lby,1917,38.34,Libya,Africa
lby,1918,29.42,Libya,Africa
lby,1919,38.56,Libya,Africa
lby,1920,38.67,Libya,Africa
lby,1921,38.78,Libya,Africa
lby,1922,38.89,Libya,Africa
lby,1923,39.01,Libya,Africa
lby,1924,39.12,Libya,Africa
lby,1925,39.23,Libya,Africa
lby,1926,39.34,Libya,Africa
lby,1927,39.45,Libya,Africa
lby,1928,39.56,Libya,Africa
lby,1929,39.67,Libya,Africa
lby,1930,39.79,Libya,Africa
lby,1931,39.9,Libya,Africa
lby,1932,40.01,Libya,Africa
lby,1933,40.12,Libya,Africa
lby,1934,40.23,Libya,Africa
lby,1935,40.34,Libya,Africa
lby,1936,40.45,Libya,Africa
lby,1937,40.57,Libya,Africa
lby,1938,40.68,Libya,Africa
lby,1939,40.79,Libya,Africa
lby,1940,40.53,Libya,Africa
lby,1941,38.41,Libya,Africa
lby,1942,37.4,Libya,Africa
lby,1943,37.37,Libya,Africa
lby,1944,37.72,Libya,Africa
lby,1945,40.71,Libya,Africa
lby,1946,42.7,Libya,Africa
lby,1947,43.84,Libya,Africa
lby,1948,44.99,Libya,Africa
lby,1949,46.15,Libya,Africa
lby,1950,47.31,Libya,Africa
lby,1951,47.79,Libya,Africa
lby,1952,48.24,Libya,Africa
lby,1953,48.6,Libya,Africa
lby,1954,48.82,Libya,Africa
lby,1955,49.35,Libya,Africa
lby,1956,50.03,Libya,Africa
lby,1957,50.69,Libya,Africa
lby,1958,51.33,Libya,Africa
lby,1959,52.02,Libya,Africa
lby,1960,52.82,Libya,Africa
lby,1961,53.59,Libya,Africa
lby,1962,54.66,Libya,Africa
lby,1963,55.36,Libya,Africa
lby,1964,57.12,Libya,Africa
lby,1965,58.52,Libya,Africa
lby,1966,59.63,Libya,Africa
lby,1967,60.8,Libya,Africa
lby,1968,62.07,Libya,Africa
lby,1969,63.35,Libya,Africa
lby,1970,64.58,Libya,Africa
lby,1971,65.48,Libya,Africa
lby,1972,66.15,Libya,Africa
lby,1973,66.75,Libya,Africa
lby,1974,67.29,Libya,Africa
lby,1975,67.73,Libya,Africa
lby,1976,67.97,Libya,Africa
lby,1977,67.84,Libya,Africa
lby,1978,69.01,Libya,Africa
lby,1979,69.42,Libya,Africa
lby,1980,69.81,Libya,Africa
lby,1981,70.02,Libya,Africa
lby,1982,70.39,Libya,Africa
lby,1983,70.75,Libya,Africa
lby,1984,71.03,Libya,Africa
lby,1985,71.35,Libya,Africa
lby,1986,71.67,Libya,Africa
lby,1987,69.35,Libya,Africa
lby,1988,72.05,Libya,Africa
lby,1989,72.22,Libya,Africa
lby,1990,72.61,Libya,Africa
lby,1991,73.02,Libya,Africa
lby,1992,73.4,Libya,Africa
lby,1993,73.9,Libya,Africa
lby,1994,74.25,Libya,Africa
lby,1995,74.62,Libya,Africa
lby,1996,73.45,Libya,Africa
lby,1997,74.97,Libya,Africa
lby,1998,74.85,Libya,Africa
lby,1999,74.87,Libya,Africa
lby,2000,74.91,Libya,Africa
lby,2001,75.03,Libya,Africa
lby,2002,75.04,Libya,Africa
lby,2003,75.53,Libya,Africa
lby,2004,76.37,Libya,Africa
lby,2005,76.75,Libya,Africa
lby,2006,76.87,Libya,Africa
lby,2007,76.05,Libya,Africa
lby,2008,75.92,Libya,Africa
lby,2009,75.74,Libya,Africa
lby,2010,76.2,Libya,Africa
lby,2011,73.15,Libya,Africa
lby,2012,76.48,Libya,Africa
lby,2013,76.66,Libya,Africa
lby,2014,74.33,Libya,Africa
lby,2015,74.6,Libya,Africa
lby,2016,74.27,Libya,Africa
lby,2017,75.58,Libya,Africa
lby,2018,75.65,Libya,Africa
lby,2019,75.93,Libya,Africa
lby,2020,75.53,Libya,Africa
lby,2021,76.26,Libya,Africa
lby,2022,76.41,Libya,Africa
lby,2023,76.56,Libya,Africa
lby,2024,76.71,Libya,Africa
lby,2025,76.86,Libya,Africa
lby,2026,77.01,Libya,Africa
lby,2027,77.16,Libya,Africa
lby,2028,77.31,Libya,Africa
lby,2029,77.46,Libya,Africa
lby,2030,77.61,Libya,Africa
lby,2031,77.76,Libya,Africa
lby,2032,77.91,Libya,Africa
lby,2033,78.06,Libya,Africa
lby,2034,78.21,Libya,Africa
lby,2035,78.36,Libya,Africa
lby,2036,78.51,Libya,Africa
lby,2037,78.66,Libya,Africa
lby,2038,78.8,Libya,Africa
lby,2039,78.95,Libya,Africa
lby,2040,79.1,Libya,Africa
lby,2041,79.25,Libya,Africa
lby,2042,79.4,Libya,Africa
lby,2043,79.55,Libya,Africa
lby,2044,79.7,Libya,Africa
lby,2045,79.84,Libya,Africa
lby,2046,79.99,Libya,Africa
lby,2047,80.14,Libya,Africa
lby,2048,80.29,Libya,Africa
lby,2049,80.44,Libya,Africa
lby,2050,80.59,Libya,Africa
lby,2051,80.74,Libya,Africa
lby,2052,80.89,Libya,Africa
lby,2053,81.05,Libya,Africa
lby,2054,81.2,Libya,Africa
lby,2055,81.35,Libya,Africa
lby,2056,81.5,Libya,Africa
lby,2057,81.65,Libya,Africa
lby,2058,81.81,Libya,Africa
lby,2059,81.96,Libya,Africa
lby,2060,82.11,Libya,Africa
lby,2061,82.26,Libya,Africa
lby,2062,82.41,Libya,Africa
lby,2063,82.56,Libya,Africa
lby,2064,82.71,Libya,Africa
lby,2065,82.86,Libya,Africa
lby,2066,83.01,Libya,Africa
lby,2067,83.16,Libya,Africa
lby,2068,83.31,Libya,Africa
lby,2069,83.46,Libya,Africa
lby,2070,83.62,Libya,Africa
lby,2071,83.77,Libya,Africa
lby,2072,83.92,Libya,Africa
lby,2073,84.07,Libya,Africa
lby,2074,84.22,Libya,Africa
lby,2075,84.37,Libya,Africa
lby,2076,84.52,Libya,Africa
lby,2077,84.67,Libya,Africa
lby,2078,84.81,Libya,Africa
lby,2079,84.96,Libya,Africa
lby,2080,85.11,Libya,Africa
lby,2081,85.25,Libya,Africa
lby,2082,85.4,Libya,Africa
lby,2083,85.54,Libya,Africa
lby,2084,85.69,Libya,Africa
lby,2085,85.83,Libya,Africa
lby,2086,85.98,Libya,Africa
lby,2087,86.12,Libya,Africa
lby,2088,86.26,Libya,Africa
lby,2089,86.41,Libya,Africa
lby,2090,86.54,Libya,Africa
lby,2091,86.68,Libya,Africa
lby,2092,86.82,Libya,Africa
lby,2093,86.95,Libya,Africa
lby,2094,87.08,Libya,Africa
lby,2095,87.21,Libya,Africa
lby,2096,87.34,Libya,Africa
lby,2097,87.47,Libya,Africa
lby,2098,87.59,Libya,Africa
lby,2099,87.71,Libya,Africa
lby,2100,87.83,Libya,Africa
ltu,1800,28.9,Lithuania,Europe
ltu,1801,28.9,Lithuania,Europe
ltu,1802,28.9,Lithuania,Europe
ltu,1803,28.9,Lithuania,Europe
ltu,1804,28.9,Lithuania,Europe
ltu,1805,28.9,Lithuania,Europe
ltu,1806,28.9,Lithuania,Europe
ltu,1807,28.9,Lithuania,Europe
ltu,1808,28.9,Lithuania,Europe
ltu,1809,28.9,Lithuania,Europe
ltu,1810,28.9,Lithuania,Europe
ltu,1811,28.9,Lithuania,Europe
ltu,1812,28.9,Lithuania,Europe
ltu,1813,28.9,Lithuania,Europe
ltu,1814,28.9,Lithuania,Europe
ltu,1815,28.9,Lithuania,Europe
ltu,1816,28.9,Lithuania,Europe
ltu,1817,28.9,Lithuania,Europe
ltu,1818,28.9,Lithuania,Europe
ltu,1819,28.9,Lithuania,Europe
ltu,1820,28.9,Lithuania,Europe
ltu,1821,28.9,Lithuania,Europe
ltu,1822,28.9,Lithuania,Europe
ltu,1823,28.9,Lithuania,Europe
ltu,1824,28.9,Lithuania,Europe
ltu,1825,28.9,Lithuania,Europe
ltu,1826,28.9,Lithuania,Europe
ltu,1827,28.9,Lithuania,Europe
ltu,1828,28.9,Lithuania,Europe
ltu,1829,28.9,Lithuania,Europe
ltu,1830,28.9,Lithuania,Europe
ltu,1831,28.9,Lithuania,Europe
ltu,1832,28.9,Lithuania,Europe
ltu,1833,28.9,Lithuania,Europe
ltu,1834,28.9,Lithuania,Europe
ltu,1835,28.9,Lithuania,Europe
ltu,1836,28.9,Lithuania,Europe
ltu,1837,28.9,Lithuania,Europe
ltu,1838,28.9,Lithuania,Europe
ltu,1839,28.9,Lithuania,Europe
ltu,1840,28.9,Lithuania,Europe
ltu,1841,28.9,Lithuania,Europe
ltu,1842,28.9,Lithuania,Europe
ltu,1843,28.9,Lithuania,Europe
ltu,1844,28.9,Lithuania,Europe
ltu,1845,28.9,Lithuania,Europe
ltu,1846,28.9,Lithuania,Europe
ltu,1847,28.9,Lithuania,Europe
ltu,1848,28.9,Lithuania,Europe
ltu,1849,28.9,Lithuania,Europe
ltu,1850,28.9,Lithuania,Europe
ltu,1851,28.9,Lithuania,Europe
ltu,1852,28.9,Lithuania,Europe
ltu,1853,28.9,Lithuania,Europe
ltu,1854,28.9,Lithuania,Europe
ltu,1855,28.9,Lithuania,Europe
ltu,1856,28.9,Lithuania,Europe
ltu,1857,28.9,Lithuania,Europe
ltu,1858,28.9,Lithuania,Europe
ltu,1859,28.9,Lithuania,Europe
ltu,1860,28.9,Lithuania,Europe
ltu,1861,28.9,Lithuania,Europe
ltu,1862,28.9,Lithuania,Europe
ltu,1863,28.9,Lithuania,Europe
ltu,1864,28.9,Lithuania,Europe
ltu,1865,28.9,Lithuania,Europe
ltu,1866,28.9,Lithuania,Europe
ltu,1867,28.9,Lithuania,Europe
ltu,1868,28.9,Lithuania,Europe
ltu,1869,28.9,Lithuania,Europe
ltu,1870,28.9,Lithuania,Europe
ltu,1871,29.35,Lithuania,Europe
ltu,1872,29.8,Lithuania,Europe
ltu,1873,30.24,Lithuania,Europe
ltu,1874,30.69,Lithuania,Europe
ltu,1875,31.14,Lithuania,Europe
ltu,1876,31.59,Lithuania,Europe
ltu,1877,32.04,Lithuania,Europe
ltu,1878,32.49,Lithuania,Europe
ltu,1879,32.95,Lithuania,Europe
ltu,1880,33.4,Lithuania,Europe
ltu,1881,33.85,Lithuania,Europe
ltu,1882,34.31,Lithuania,Europe
ltu,1883,34.76,Lithuania,Europe
ltu,1884,35.22,Lithuania,Europe
ltu,1885,35.67,Lithuania,Europe
ltu,1886,36.13,Lithuania,Europe
ltu,1887,36.58,Lithuania,Europe
ltu,1888,37.04,Lithuania,Europe
ltu,1889,37.5,Lithuania,Europe
ltu,1890,37.96,Lithuania,Europe
ltu,1891,38.42,Lithuania,Europe
ltu,1892,38.88,Lithuania,Europe
ltu,1893,39.34,Lithuania,Europe
ltu,1894,39.8,Lithuania,Europe
ltu,1895,40.26,Lithuania,Europe
ltu,1896,40.72,Lithuania,Europe
ltu,1897,41.19,Lithuania,Europe
ltu,1898,41.65,Lithuania,Europe
ltu,1899,42.11,Lithuania,Europe
ltu,1900,42.58,Lithuania,Europe
ltu,1901,42.97,Lithuania,Europe
ltu,1902,43.36,Lithuania,Europe
ltu,1903,43.75,Lithuania,Europe
ltu,1904,44.14,Lithuania,Europe
ltu,1905,44.53,Lithuania,Europe
ltu,1906,44.92,Lithuania,Europe
ltu,1907,45.31,Lithuania,Europe
ltu,1908,45.7,Lithuania,Europe
ltu,1909,46.1,Lithuania,Europe
ltu,1910,46.49,Lithuania,Europe
ltu,1911,46.88,Lithuania,Europe
ltu,1912,47.28,Lithuania,Europe
ltu,1913,47.67,Lithuania,Europe
ltu,1914,47.11,Lithuania,Europe
ltu,1915,40.75,Lithuania,Europe
ltu,1916,40.67,Lithuania,Europe
ltu,1917,40.29,Lithuania,Europe
ltu,1918,35.66,Lithuania,Europe
ltu,1919,40.34,Lithuania,Europe
ltu,1920,44.51,Lithuania,Europe
ltu,1921,50.85,Lithuania,Europe
ltu,1922,51.25,Lithuania,Europe
ltu,1923,51.65,Lithuania,Europe
ltu,1924,52.05,Lithuania,Europe
ltu,1925,52.45,Lithuania,Europe
ltu,1926,53.03,Lithuania,Europe
ltu,1927,53.61,Lithuania,Europe
ltu,1928,54.19,Lithuania,Europe
ltu,1929,54.77,Lithuania,Europe
ltu,1930,55.35,Lithuania,Europe
ltu,1931,55.93,Lithuania,Europe
ltu,1932,56.51,Lithuania,Europe
ltu,1933,57.1,Lithuania,Europe
ltu,1934,57.68,Lithuania,Europe
ltu,1935,58.27,Lithuania,Europe
ltu,1936,58.85,Lithuania,Europe
ltu,1937,59.44,Lithuania,Europe
ltu,1938,60.02,Lithuania,Europe
ltu,1939,57.66,Lithuania,Europe
ltu,1940,53.5,Lithuania,Europe
ltu,1941,12.6,Lithuania,Europe
ltu,1942,48.32,Lithuania,Europe
ltu,1943,46.67,Lithuania,Europe
ltu,1944,28.4,Lithuania,Europe
ltu,1945,42.1,Lithuania,Europe
ltu,1946,55.3,Lithuania,Europe
ltu,1947,47.96,Lithuania,Europe
ltu,1948,61.17,Lithuania,Europe
ltu,1949,63.85,Lithuania,Europe
ltu,1950,67.13,Lithuania,Europe
ltu,1951,67.11,Lithuania,Europe
ltu,1952,67.2,Lithuania,Europe
ltu,1953,67.34,Lithuania,Europe
ltu,1954,67.46,Lithuania,Europe
ltu,1955,67.54,Lithuania,Europe
ltu,1956,67.85,Lithuania,Europe
ltu,1957,68.04,Lithuania,Europe
ltu,1958,68.01,Lithuania,Europe
ltu,1959,68.37,Lithuania,Europe
ltu,1960,69.91,Lithuania,Europe
ltu,1961,70.57,Lithuania,Europe
ltu,1962,69.89,Lithuania,Europe
ltu,1963,70.69,Lithuania,Europe
ltu,1964,71.96,Lithuania,Europe
ltu,1965,71.99,Lithuania,Europe
ltu,1966,71.92,Lithuania,Europe
ltu,1967,72.04,Lithuania,Europe
ltu,1968,71.68,Lithuania,Europe
ltu,1969,71.47,Lithuania,Europe
ltu,1970,71.26,Lithuania,Europe
ltu,1971,71.86,Lithuania,Europe
ltu,1972,71.45,Lithuania,Europe
ltu,1973,71.6,Lithuania,Europe
ltu,1974,71.3,Lithuania,Europe
ltu,1975,71.12,Lithuania,Europe
ltu,1976,71.14,Lithuania,Europe
ltu,1977,70.82,Lithuania,Europe
ltu,1978,70.7,Lithuania,Europe
ltu,1979,70.65,Lithuania,Europe
ltu,1980,70.58,Lithuania,Europe
ltu,1981,70.67,Lithuania,Europe
ltu,1982,70.94,Lithuania,Europe
ltu,1983,70.96,Lithuania,Europe
ltu,1984,70.51,Lithuania,Europe
ltu,1985,70.86,Lithuania,Europe
ltu,1986,72.38,Lithuania,Europe
ltu,1987,72.19,Lithuania,Europe
ltu,1988,72.19,Lithuania,Europe
ltu,1989,71.58,Lithuania,Europe
ltu,1990,71.39,Lithuania,Europe
ltu,1991,70.51,Lithuania,Europe
ltu,1992,70.42,Lithuania,Europe
ltu,1993,69.02,Lithuania,Europe
ltu,1994,68.54,Lithuania,Europe
ltu,1995,69.03,Lithuania,Europe
ltu,1996,70.25,Lithuania,Europe
ltu,1997,71.22,Lithuania,Europe
ltu,1998,71.45,Lithuania,Europe
ltu,1999,71.91,Lithuania,Europe
ltu,2000,72.24,Lithuania,Europe
ltu,2001,71.71,Lithuania,Europe
ltu,2002,72.01,Lithuania,Europe
ltu,2003,72.01,Lithuania,Europe
ltu,2004,72.01,Lithuania,Europe
ltu,2005,71.25,Lithuania,Europe
ltu,2006,70.92,Lithuania,Europe
ltu,2007,70.58,Lithuania,Europe
ltu,2008,71.4,Lithuania,Europe
ltu,2009,72.97,Lithuania,Europe
ltu,2010,73.21,Lithuania,Europe
ltu,2011,73.67,Lithuania,Europe
ltu,2012,73.99,Lithuania,Europe
ltu,2013,74.04,Lithuania,Europe
ltu,2014,74.62,Lithuania,Europe
ltu,2015,74.65,Lithuania,Europe
ltu,2016,74.92,Lithuania,Europe
ltu,2017,75.97,Lithuania,Europe
ltu,2018,76.08,Lithuania,Europe
ltu,2019,76.24,Lithuania,Europe
ltu,2020,74.84,Lithuania,Europe
ltu,2021,76.55,Lithuania,Europe
ltu,2022,76.69,Lithuania,Europe
ltu,2023,76.83,Lithuania,Europe
ltu,2024,76.97,Lithuania,Europe
ltu,2025,77.12,Lithuania,Europe
ltu,2026,77.28,Lithuania,Europe
ltu,2027,77.44,Lithuania,Europe
ltu,2028,77.6,Lithuania,Europe
ltu,2029,77.76,Lithuania,Europe
ltu,2030,77.92,Lithuania,Europe
ltu,2031,78.07,Lithuania,Europe
ltu,2032,78.23,Lithuania,Europe
ltu,2033,78.39,Lithuania,Europe
ltu,2034,78.54,Lithuania,Europe
ltu,2035,78.7,Lithuania,Europe
ltu,2036,78.85,Lithuania,Europe
ltu,2037,79.01,Lithuania,Europe
ltu,2038,79.17,Lithuania,Europe
ltu,2039,79.32,Lithuania,Europe
ltu,2040,79.47,Lithuania,Europe
ltu,2041,79.63,Lithuania,Europe
ltu,2042,79.78,Lithuania,Europe
ltu,2043,79.93,Lithuania,Europe
ltu,2044,80.09,Lithuania,Europe
ltu,2045,80.24,Lithuania,Europe
ltu,2046,80.39,Lithuania,Europe
ltu,2047,80.53,Lithuania,Europe
ltu,2048,80.68,Lithuania,Europe
ltu,2049,80.82,Lithuania,Europe
ltu,2050,80.97,Lithuania,Europe
ltu,2051,81.1,Lithuania,Europe
ltu,2052,81.24,Lithuania,Europe
ltu,2053,81.38,Lithuania,Europe
ltu,2054,81.51,Lithuania,Europe
ltu,2055,81.64,Lithuania,Europe
ltu,2056,81.77,Lithuania,Europe
ltu,2057,81.9,Lithuania,Europe
ltu,2058,82.02,Lithuania,Europe
ltu,2059,82.14,Lithuania,Europe
ltu,2060,82.27,Lithuania,Europe
ltu,2061,82.39,Lithuania,Europe
ltu,2062,82.51,Lithuania,Europe
ltu,2063,82.63,Lithuania,Europe
ltu,2064,82.75,Lithuania,Europe
ltu,2065,82.87,Lithuania,Europe
ltu,2066,82.98,Lithuania,Europe
ltu,2067,83.1,Lithuania,Europe
ltu,2068,83.21,Lithuania,Europe
ltu,2069,83.33,Lithuania,Europe
ltu,2070,83.44,Lithuania,Europe
ltu,2071,83.55,Lithuania,Europe
ltu,2072,83.66,Lithuania,Europe
ltu,2073,83.78,Lithuania,Europe
ltu,2074,83.89,Lithuania,Europe
ltu,2075,84,Lithuania,Europe
ltu,2076,84.11,Lithuania,Europe
ltu,2077,84.22,Lithuania,Europe
ltu,2078,84.33,Lithuania,Europe
ltu,2079,84.44,Lithuania,Europe
ltu,2080,84.55,Lithuania,Europe
ltu,2081,84.65,Lithuania,Europe
ltu,2082,84.76,Lithuania,Europe
ltu,2083,84.87,Lithuania,Europe
ltu,2084,84.98,Lithuania,Europe
ltu,2085,85.08,Lithuania,Europe
ltu,2086,85.19,Lithuania,Europe
ltu,2087,85.29,Lithuania,Europe
ltu,2088,85.4,Lithuania,Europe
ltu,2089,85.5,Lithuania,Europe
ltu,2090,85.61,Lithuania,Europe
ltu,2091,85.71,Lithuania,Europe
ltu,2092,85.81,Lithuania,Europe
ltu,2093,85.92,Lithuania,Europe
ltu,2094,86.02,Lithuania,Europe
ltu,2095,86.12,Lithuania,Europe
ltu,2096,86.22,Lithuania,Europe
ltu,2097,86.32,Lithuania,Europe
ltu,2098,86.42,Lithuania,Europe
ltu,2099,86.52,Lithuania,Europe
ltu,2100,86.62,Lithuania,Europe
lux,1800,36.9,Luxembourg,Europe
lux,1801,36.9,Luxembourg,Europe
lux,1802,36.9,Luxembourg,Europe
lux,1803,36.9,Luxembourg,Europe
lux,1804,36.9,Luxembourg,Europe
lux,1805,36.9,Luxembourg,Europe
lux,1806,36.9,Luxembourg,Europe
lux,1807,36.9,Luxembourg,Europe
lux,1808,36.9,Luxembourg,Europe
lux,1809,36.9,Luxembourg,Europe
lux,1810,36.9,Luxembourg,Europe
lux,1811,36.9,Luxembourg,Europe
lux,1812,36.9,Luxembourg,Europe
lux,1813,36.9,Luxembourg,Europe
lux,1814,36.9,Luxembourg,Europe
lux,1815,36.9,Luxembourg,Europe
lux,1816,36.9,Luxembourg,Europe
lux,1817,36.9,Luxembourg,Europe
lux,1818,36.9,Luxembourg,Europe
lux,1819,36.9,Luxembourg,Europe
lux,1820,36.9,Luxembourg,Europe
lux,1821,36.9,Luxembourg,Europe
lux,1822,36.9,Luxembourg,Europe
lux,1823,36.9,Luxembourg,Europe
lux,1824,36.9,Luxembourg,Europe
lux,1825,36.9,Luxembourg,Europe
lux,1826,36.9,Luxembourg,Europe
lux,1827,36.9,Luxembourg,Europe
lux,1828,36.9,Luxembourg,Europe
lux,1829,36.9,Luxembourg,Europe
lux,1830,36.9,Luxembourg,Europe
lux,1831,36.9,Luxembourg,Europe
lux,1832,36.9,Luxembourg,Europe
lux,1833,36.9,Luxembourg,Europe
lux,1834,36.9,Luxembourg,Europe
lux,1835,36.9,Luxembourg,Europe
lux,1836,36.9,Luxembourg,Europe
lux,1837,36.9,Luxembourg,Europe
lux,1838,36.9,Luxembourg,Europe
lux,1839,36.9,Luxembourg,Europe
lux,1840,36.9,Luxembourg,Europe
lux,1841,36.9,Luxembourg,Europe
lux,1842,36.9,Luxembourg,Europe
lux,1843,36.9,Luxembourg,Europe
lux,1844,36.9,Luxembourg,Europe
lux,1845,36.9,Luxembourg,Europe
lux,1846,36.9,Luxembourg,Europe
lux,1847,36.9,Luxembourg,Europe
lux,1848,36.9,Luxembourg,Europe
lux,1849,36.9,Luxembourg,Europe
lux,1850,36.9,Luxembourg,Europe
lux,1851,36.9,Luxembourg,Europe
lux,1852,36.9,Luxembourg,Europe
lux,1853,36.9,Luxembourg,Europe
lux,1854,36.9,Luxembourg,Europe
lux,1855,36.9,Luxembourg,Europe
lux,1856,36.9,Luxembourg,Europe
lux,1857,36.9,Luxembourg,Europe
lux,1858,36.9,Luxembourg,Europe
lux,1859,36.9,Luxembourg,Europe
lux,1860,36.9,Luxembourg,Europe
lux,1861,36.9,Luxembourg,Europe
lux,1862,36.9,Luxembourg,Europe
lux,1863,36.9,Luxembourg,Europe
lux,1864,36.9,Luxembourg,Europe
lux,1865,36.9,Luxembourg,Europe
lux,1866,36.9,Luxembourg,Europe
lux,1867,36.9,Luxembourg,Europe
lux,1868,36.9,Luxembourg,Europe
lux,1869,36.9,Luxembourg,Europe
lux,1870,36.9,Luxembourg,Europe
lux,1871,36.91,Luxembourg,Europe
lux,1872,36.92,Luxembourg,Europe
lux,1873,36.92,Luxembourg,Europe
lux,1874,36.93,Luxembourg,Europe
lux,1875,36.94,Luxembourg,Europe
lux,1876,36.95,Luxembourg,Europe
lux,1877,36.96,Luxembourg,Europe
lux,1878,36.96,Luxembourg,Europe
lux,1879,36.97,Luxembourg,Europe
lux,1880,37.48,Luxembourg,Europe
lux,1881,38,Luxembourg,Europe
lux,1882,38.51,Luxembourg,Europe
lux,1883,39.02,Luxembourg,Europe
lux,1884,39.54,Luxembourg,Europe
lux,1885,40.05,Luxembourg,Europe
lux,1886,40.56,Luxembourg,Europe
lux,1887,41.08,Luxembourg,Europe
lux,1888,41.59,Luxembourg,Europe
lux,1889,42.11,Luxembourg,Europe
lux,1890,42.62,Luxembourg,Europe
lux,1891,43.14,Luxembourg,Europe
lux,1892,43.65,Luxembourg,Europe
lux,1893,44.17,Luxembourg,Europe
lux,1894,44.68,Luxembourg,Europe
lux,1895,45.2,Luxembourg,Europe
lux,1896,45.71,Luxembourg,Europe
lux,1897,46.23,Luxembourg,Europe
lux,1898,46.75,Luxembourg,Europe
lux,1899,47.26,Luxembourg,Europe
lux,1900,47.78,Luxembourg,Europe
lux,1901,48.3,Luxembourg,Europe
lux,1902,48.39,Luxembourg,Europe
lux,1903,47.24,Luxembourg,Europe
lux,1904,45.15,Luxembourg,Europe
lux,1905,46.56,Luxembourg,Europe
lux,1906,46.95,Luxembourg,Europe
lux,1907,49.39,Luxembourg,Europe
lux,1908,46.84,Luxembourg,Europe
lux,1909,48.19,Luxembourg,Europe
lux,1910,50.09,Luxembourg,Europe
lux,1911,46.79,Luxembourg,Europe
lux,1912,49.32,Luxembourg,Europe
lux,1913,50.71,Luxembourg,Europe
lux,1914,50.54,Luxembourg,Europe
lux,1915,51.97,Luxembourg,Europe
lux,1916,50.61,Luxembourg,Europe
lux,1917,48.53,Luxembourg,Europe
lux,1918,42.77,Luxembourg,Europe
lux,1919,45.15,Luxembourg,Europe
lux,1920,55.21,Luxembourg,Europe
lux,1921,56.82,Luxembourg,Europe
lux,1922,55.88,Luxembourg,Europe
lux,1923,55.31,Luxembourg,Europe
lux,1924,57.42,Luxembourg,Europe
lux,1925,55.44,Luxembourg,Europe
lux,1926,54.05,Luxembourg,Europe
lux,1927,56.54,Luxembourg,Europe
lux,1928,56.04,Luxembourg,Europe
lux,1929,53.37,Luxembourg,Europe
lux,1930,57.53,Luxembourg,Europe
lux,1931,58.34,Luxembourg,Europe
lux,1932,57.42,Luxembourg,Europe
lux,1933,59.1,Luxembourg,Europe
lux,1934,60.73,Luxembourg,Europe
lux,1935,59.93,Luxembourg,Europe
lux,1936,62.07,Luxembourg,Europe
lux,1937,61.94,Luxembourg,Europe
lux,1938,60.07,Luxembourg,Europe
lux,1939,61.25,Luxembourg,Europe
lux,1940,62.88,Luxembourg,Europe
lux,1941,60.91,Luxembourg,Europe
lux,1942,59.23,Luxembourg,Europe
lux,1943,55.17,Luxembourg,Europe
lux,1944,48.6,Luxembourg,Europe
lux,1945,50.2,Luxembourg,Europe
lux,1946,62.62,Luxembourg,Europe
lux,1947,64.1,Luxembourg,Europe
lux,1948,65.57,Luxembourg,Europe
lux,1949,65.94,Luxembourg,Europe
lux,1950,66.37,Luxembourg,Europe
lux,1951,66.54,Luxembourg,Europe
lux,1952,66.59,Luxembourg,Europe
lux,1953,66.78,Luxembourg,Europe
lux,1954,67.12,Luxembourg,Europe
lux,1955,67.48,Luxembourg,Europe
lux,1956,67.67,Luxembourg,Europe
lux,1957,68.07,Luxembourg,Europe
lux,1958,68.5,Luxembourg,Europe
lux,1959,68.72,Luxembourg,Europe
lux,1960,68.94,Luxembourg,Europe
lux,1961,69.13,Luxembourg,Europe
lux,1962,69.12,Luxembourg,Europe
lux,1963,69.22,Luxembourg,Europe
lux,1964,69.36,Luxembourg,Europe
lux,1965,69.62,Luxembourg,Europe
lux,1966,69.67,Luxembourg,Europe
lux,1967,69.84,Luxembourg,Europe
lux,1968,70.09,Luxembourg,Europe
lux,1969,70.21,Luxembourg,Europe
lux,1970,70.15,Luxembourg,Europe
lux,1971,70.32,Luxembourg,Europe
lux,1972,70.57,Luxembourg,Europe
lux,1973,70.81,Luxembourg,Europe
lux,1974,70.99,Luxembourg,Europe
lux,1975,71.15,Luxembourg,Europe
lux,1976,71.44,Luxembourg,Europe
lux,1977,71.83,Luxembourg,Europe
lux,1978,72.1,Luxembourg,Europe
lux,1979,72.38,Luxembourg,Europe
lux,1980,72.63,Luxembourg,Europe
lux,1981,72.74,Luxembourg,Europe
lux,1982,72.88,Luxembourg,Europe
lux,1983,73.19,Luxembourg,Europe
lux,1984,73.45,Luxembourg,Europe
lux,1985,73.88,Luxembourg,Europe
lux,1986,74.2,Luxembourg,Europe
lux,1987,74.38,Luxembourg,Europe
lux,1988,74.64,Luxembourg,Europe
lux,1989,75,Luxembourg,Europe
lux,1990,75.25,Luxembourg,Europe
lux,1991,75.46,Luxembourg,Europe
lux,1992,75.79,Luxembourg,Europe
lux,1993,75.99,Luxembourg,Europe
lux,1994,76.35,Luxembourg,Europe
lux,1995,76.64,Luxembourg,Europe
lux,1996,76.87,Luxembourg,Europe
lux,1997,77.24,Luxembourg,Europe
lux,1998,77.52,Luxembourg,Europe
lux,1999,77.8,Luxembourg,Europe
lux,2000,78.01,Luxembourg,Europe
lux,2001,78.42,Luxembourg,Europe
lux,2002,78.65,Luxembourg,Europe
lux,2003,78.99,Luxembourg,Europe
lux,2004,79.24,Luxembourg,Europe
lux,2005,79.55,Luxembourg,Europe
lux,2006,79.81,Luxembourg,Europe
lux,2007,80.21,Luxembourg,Europe
lux,2008,80.57,Luxembourg,Europe
lux,2009,80.78,Luxembourg,Europe
lux,2010,81.02,Luxembourg,Europe
lux,2011,81.26,Luxembourg,Europe
lux,2012,81.5,Luxembourg,Europe
lux,2013,81.72,Luxembourg,Europe
lux,2014,82.01,Luxembourg,Europe
lux,2015,82.34,Luxembourg,Europe
lux,2016,82.74,Luxembourg,Europe
lux,2017,82.81,Luxembourg,Europe
lux,2018,82.87,Luxembourg,Europe
lux,2019,82.92,Luxembourg,Europe
lux,2020,82.02,Luxembourg,Europe
lux,2021,83.23,Luxembourg,Europe
lux,2022,83.39,Luxembourg,Europe
lux,2023,83.54,Luxembourg,Europe
lux,2024,83.7,Luxembourg,Europe
lux,2025,83.86,Luxembourg,Europe
lux,2026,84.01,Luxembourg,Europe
lux,2027,84.16,Luxembourg,Europe
lux,2028,84.3,Luxembourg,Europe
lux,2029,84.44,Luxembourg,Europe
lux,2030,84.58,Luxembourg,Europe
lux,2031,84.71,Luxembourg,Europe
lux,2032,84.84,Luxembourg,Europe
lux,2033,84.97,Luxembourg,Europe
lux,2034,85.1,Luxembourg,Europe
lux,2035,85.23,Luxembourg,Europe
lux,2036,85.35,Luxembourg,Europe
lux,2037,85.48,Luxembourg,Europe
lux,2038,85.6,Luxembourg,Europe
lux,2039,85.73,Luxembourg,Europe
lux,2040,85.85,Luxembourg,Europe
lux,2041,85.97,Luxembourg,Europe
lux,2042,86.09,Luxembourg,Europe
lux,2043,86.2,Luxembourg,Europe
lux,2044,86.32,Luxembourg,Europe
lux,2045,86.44,Luxembourg,Europe
lux,2046,86.55,Luxembourg,Europe
lux,2047,86.67,Luxembourg,Europe
lux,2048,86.79,Luxembourg,Europe
lux,2049,86.91,Luxembourg,Europe
lux,2050,87.02,Luxembourg,Europe
lux,2051,87.14,Luxembourg,Europe
lux,2052,87.26,Luxembourg,Europe
lux,2053,87.38,Luxembourg,Europe
lux,2054,87.5,Luxembourg,Europe
lux,2055,87.61,Luxembourg,Europe
lux,2056,87.73,Luxembourg,Europe
lux,2057,87.85,Luxembourg,Europe
lux,2058,87.96,Luxembourg,Europe
lux,2059,88.08,Luxembourg,Europe
lux,2060,88.19,Luxembourg,Europe
lux,2061,88.31,Luxembourg,Europe
lux,2062,88.42,Luxembourg,Europe
lux,2063,88.53,Luxembourg,Europe
lux,2064,88.65,Luxembourg,Europe
lux,2065,88.76,Luxembourg,Europe
lux,2066,88.88,Luxembourg,Europe
lux,2067,88.99,Luxembourg,Europe
lux,2068,89.11,Luxembourg,Europe
lux,2069,89.22,Luxembourg,Europe
lux,2070,89.33,Luxembourg,Europe
lux,2071,89.45,Luxembourg,Europe
lux,2072,89.56,Luxembourg,Europe
lux,2073,89.68,Luxembourg,Europe
lux,2074,89.79,Luxembourg,Europe
lux,2075,89.9,Luxembourg,Europe
lux,2076,90.02,Luxembourg,Europe
lux,2077,90.13,Luxembourg,Europe
lux,2078,90.24,Luxembourg,Europe
lux,2079,90.35,Luxembourg,Europe
lux,2080,90.46,Luxembourg,Europe
lux,2081,90.57,Luxembourg,Europe
lux,2082,90.69,Luxembourg,Europe
lux,2083,90.8,Luxembourg,Europe
lux,2084,90.91,Luxembourg,Europe
lux,2085,91.02,Luxembourg,Europe
lux,2086,91.14,Luxembourg,Europe
lux,2087,91.25,Luxembourg,Europe
lux,2088,91.36,Luxembourg,Europe
lux,2089,91.48,Luxembourg,Europe
lux,2090,91.59,Luxembourg,Europe
lux,2091,91.69,Luxembourg,Europe
lux,2092,91.8,Luxembourg,Europe
lux,2093,91.91,Luxembourg,Europe
lux,2094,92.02,Luxembourg,Europe
lux,2095,92.13,Luxembourg,Europe
lux,2096,92.25,Luxembourg,Europe
lux,2097,92.36,Luxembourg,Europe
lux,2098,92.47,Luxembourg,Europe
lux,2099,92.59,Luxembourg,Europe
lux,2100,92.7,Luxembourg,Europe
mkd,1800,36.1,"Macedonia, FYR",Europe
mkd,1801,36.1,"Macedonia, FYR",Europe
mkd,1802,36.1,"Macedonia, FYR",Europe
mkd,1803,36.1,"Macedonia, FYR",Europe
mkd,1804,36.1,"Macedonia, FYR",Europe
mkd,1805,36.1,"Macedonia, FYR",Europe
mkd,1806,36.1,"Macedonia, FYR",Europe
mkd,1807,36.1,"Macedonia, FYR",Europe
mkd,1808,36.1,"Macedonia, FYR",Europe
mkd,1809,36.1,"Macedonia, FYR",Europe
mkd,1810,36.1,"Macedonia, FYR",Europe
mkd,1811,36.1,"Macedonia, FYR",Europe
mkd,1812,36.1,"Macedonia, FYR",Europe
mkd,1813,36.1,"Macedonia, FYR",Europe
mkd,1814,36.1,"Macedonia, FYR",Europe
mkd,1815,36.1,"Macedonia, FYR",Europe
mkd,1816,36.1,"Macedonia, FYR",Europe
mkd,1817,36.1,"Macedonia, FYR",Europe
mkd,1818,36.1,"Macedonia, FYR",Europe
mkd,1819,36.1,"Macedonia, FYR",Europe
mkd,1820,36.1,"Macedonia, FYR",Europe
mkd,1821,36.1,"Macedonia, FYR",Europe
mkd,1822,36.1,"Macedonia, FYR",Europe
mkd,1823,36.1,"Macedonia, FYR",Europe
mkd,1824,36.1,"Macedonia, FYR",Europe
mkd,1825,36.1,"Macedonia, FYR",Europe
mkd,1826,36.1,"Macedonia, FYR",Europe
mkd,1827,36.1,"Macedonia, FYR",Europe
mkd,1828,36.1,"Macedonia, FYR",Europe
mkd,1829,36.1,"Macedonia, FYR",Europe
mkd,1830,36.1,"Macedonia, FYR",Europe
mkd,1831,36.1,"Macedonia, FYR",Europe
mkd,1832,36.1,"Macedonia, FYR",Europe
mkd,1833,36.1,"Macedonia, FYR",Europe
mkd,1834,36.1,"Macedonia, FYR",Europe
mkd,1835,36.1,"Macedonia, FYR",Europe
mkd,1836,36.1,"Macedonia, FYR",Europe
mkd,1837,36.1,"Macedonia, FYR",Europe
mkd,1838,36.1,"Macedonia, FYR",Europe
mkd,1839,36.1,"Macedonia, FYR",Europe
mkd,1840,36.1,"Macedonia, FYR",Europe
mkd,1841,36.1,"Macedonia, FYR",Europe
mkd,1842,36.1,"Macedonia, FYR",Europe
mkd,1843,36.1,"Macedonia, FYR",Europe
mkd,1844,36.1,"Macedonia, FYR",Europe
mkd,1845,36.1,"Macedonia, FYR",Europe
mkd,1846,36.1,"Macedonia, FYR",Europe
mkd,1847,36.1,"Macedonia, FYR",Europe
mkd,1848,36.1,"Macedonia, FYR",Europe
mkd,1849,36.1,"Macedonia, FYR",Europe
mkd,1850,36.1,"Macedonia, FYR",Europe
mkd,1851,36.1,"Macedonia, FYR",Europe
mkd,1852,36.1,"Macedonia, FYR",Europe
mkd,1853,36.1,"Macedonia, FYR",Europe
mkd,1854,36.1,"Macedonia, FYR",Europe
mkd,1855,36.1,"Macedonia, FYR",Europe
mkd,1856,36.1,"Macedonia, FYR",Europe
mkd,1857,36.1,"Macedonia, FYR",Europe
mkd,1858,36.1,"Macedonia, FYR",Europe
mkd,1859,36.1,"Macedonia, FYR",Europe
mkd,1860,36.1,"Macedonia, FYR",Europe
mkd,1861,36.1,"Macedonia, FYR",Europe
mkd,1862,36.1,"Macedonia, FYR",Europe
mkd,1863,36.1,"Macedonia, FYR",Europe
mkd,1864,36.1,"Macedonia, FYR",Europe
mkd,1865,36.1,"Macedonia, FYR",Europe
mkd,1866,36.1,"Macedonia, FYR",Europe
mkd,1867,36.1,"Macedonia, FYR",Europe
mkd,1868,36.1,"Macedonia, FYR",Europe
mkd,1869,36.1,"Macedonia, FYR",Europe
mkd,1870,36.1,"Macedonia, FYR",Europe
mkd,1871,36.08,"Macedonia, FYR",Europe
mkd,1872,36.05,"Macedonia, FYR",Europe
mkd,1873,36.03,"Macedonia, FYR",Europe
mkd,1874,36,"Macedonia, FYR",Europe
mkd,1875,35.98,"Macedonia, FYR",Europe
mkd,1876,35.96,"Macedonia, FYR",Europe
mkd,1877,35.93,"Macedonia, FYR",Europe
mkd,1878,35.91,"Macedonia, FYR",Europe
mkd,1879,35.88,"Macedonia, FYR",Europe
mkd,1880,35.86,"Macedonia, FYR",Europe
mkd,1881,35.83,"Macedonia, FYR",Europe
mkd,1882,35.81,"Macedonia, FYR",Europe
mkd,1883,35.79,"Macedonia, FYR",Europe
mkd,1884,35.76,"Macedonia, FYR",Europe
mkd,1885,35.74,"Macedonia, FYR",Europe
mkd,1886,35.71,"Macedonia, FYR",Europe
mkd,1887,35.69,"Macedonia, FYR",Europe
mkd,1888,35.67,"Macedonia, FYR",Europe
mkd,1889,35.64,"Macedonia, FYR",Europe
mkd,1890,35.62,"Macedonia, FYR",Europe
mkd,1891,35.59,"Macedonia, FYR",Europe
mkd,1892,35.57,"Macedonia, FYR",Europe
mkd,1893,35.55,"Macedonia, FYR",Europe
mkd,1894,35.52,"Macedonia, FYR",Europe
mkd,1895,35.5,"Macedonia, FYR",Europe
mkd,1896,35.47,"Macedonia, FYR",Europe
mkd,1897,35.45,"Macedonia, FYR",Europe
mkd,1898,35.42,"Macedonia, FYR",Europe
mkd,1899,35.4,"Macedonia, FYR",Europe
mkd,1900,35.38,"Macedonia, FYR",Europe
mkd,1901,35.35,"Macedonia, FYR",Europe
mkd,1902,35.33,"Macedonia, FYR",Europe
mkd,1903,35.3,"Macedonia, FYR",Europe
mkd,1904,35.28,"Macedonia, FYR",Europe
mkd,1905,35.26,"Macedonia, FYR",Europe
mkd,1906,35.23,"Macedonia, FYR",Europe
mkd,1907,35.21,"Macedonia, FYR",Europe
mkd,1908,35.18,"Macedonia, FYR",Europe
mkd,1909,35.16,"Macedonia, FYR",Europe
mkd,1910,35.14,"Macedonia, FYR",Europe
mkd,1911,35.11,"Macedonia, FYR",Europe
mkd,1912,35.09,"Macedonia, FYR",Europe
mkd,1913,35.06,"Macedonia, FYR",Europe
mkd,1914,35.04,"Macedonia, FYR",Europe
mkd,1915,35.01,"Macedonia, FYR",Europe
mkd,1916,34.99,"Macedonia, FYR",Europe
mkd,1917,34.97,"Macedonia, FYR",Europe
mkd,1918,19.18,"Macedonia, FYR",Europe
mkd,1919,34.92,"Macedonia, FYR",Europe
mkd,1920,34.89,"Macedonia, FYR",Europe
mkd,1921,35.38,"Macedonia, FYR",Europe
mkd,1922,35.86,"Macedonia, FYR",Europe
mkd,1923,36.35,"Macedonia, FYR",Europe
mkd,1924,36.83,"Macedonia, FYR",Europe
mkd,1925,37.32,"Macedonia, FYR",Europe
mkd,1926,37.8,"Macedonia, FYR",Europe
mkd,1927,38.28,"Macedonia, FYR",Europe
mkd,1928,38.76,"Macedonia, FYR",Europe
mkd,1929,39.24,"Macedonia, FYR",Europe
mkd,1930,39.72,"Macedonia, FYR",Europe
mkd,1931,40.2,"Macedonia, FYR",Europe
mkd,1932,40.68,"Macedonia, FYR",Europe
mkd,1933,41.15,"Macedonia, FYR",Europe
mkd,1934,41.63,"Macedonia, FYR",Europe
mkd,1935,42.11,"Macedonia, FYR",Europe
mkd,1936,42.58,"Macedonia, FYR",Europe
mkd,1937,43.06,"Macedonia, FYR",Europe
mkd,1938,43.53,"Macedonia, FYR",Europe
mkd,1939,44,"Macedonia, FYR",Europe
mkd,1940,44.47,"Macedonia, FYR",Europe
mkd,1941,43.82,"Macedonia, FYR",Europe
mkd,1942,42.48,"Macedonia, FYR",Europe
mkd,1943,41.25,"Macedonia, FYR",Europe
mkd,1944,40.13,"Macedonia, FYR",Europe
mkd,1945,40.07,"Macedonia, FYR",Europe
mkd,1946,45.56,"Macedonia, FYR",Europe
mkd,1947,47.9,"Macedonia, FYR",Europe
mkd,1948,48.82,"Macedonia, FYR",Europe
mkd,1949,49.54,"Macedonia, FYR",Europe
mkd,1950,50.21,"Macedonia, FYR",Europe
mkd,1951,46.22,"Macedonia, FYR",Europe
mkd,1952,50.72,"Macedonia, FYR",Europe
mkd,1953,50.35,"Macedonia, FYR",Europe
mkd,1954,53.22,"Macedonia, FYR",Europe
mkd,1955,51.72,"Macedonia, FYR",Europe
mkd,1956,53.57,"Macedonia, FYR",Europe
mkd,1957,54.06,"Macedonia, FYR",Europe
mkd,1958,57.77,"Macedonia, FYR",Europe
mkd,1959,57.12,"Macedonia, FYR",Europe
mkd,1960,57.49,"Macedonia, FYR",Europe
mkd,1961,59.33,"Macedonia, FYR",Europe
mkd,1962,58.61,"Macedonia, FYR",Europe
mkd,1963,57.43,"Macedonia, FYR",Europe
mkd,1964,60.46,"Macedonia, FYR",Europe
mkd,1965,61.77,"Macedonia, FYR",Europe
mkd,1966,63.85,"Macedonia, FYR",Europe
mkd,1967,63.74,"Macedonia, FYR",Europe
mkd,1968,64.35,"Macedonia, FYR",Europe
mkd,1969,64.24,"Macedonia, FYR",Europe
mkd,1970,65.32,"Macedonia, FYR",Europe
mkd,1971,66.29,"Macedonia, FYR",Europe
mkd,1972,66.82,"Macedonia, FYR",Europe
mkd,1973,67.78,"Macedonia, FYR",Europe
mkd,1974,68.5,"Macedonia, FYR",Europe
mkd,1975,68.7,"Macedonia, FYR",Europe
mkd,1976,69.32,"Macedonia, FYR",Europe
mkd,1977,69.64,"Macedonia, FYR",Europe
mkd,1978,69.72,"Macedonia, FYR",Europe
mkd,1979,69.97,"Macedonia, FYR",Europe
mkd,1980,70.09,"Macedonia, FYR",Europe
mkd,1981,70.26,"Macedonia, FYR",Europe
mkd,1982,70.81,"Macedonia, FYR",Europe
mkd,1983,69.46,"Macedonia, FYR",Europe
mkd,1984,70.14,"Macedonia, FYR",Europe
mkd,1985,70.54,"Macedonia, FYR",Europe
mkd,1986,70.48,"Macedonia, FYR",Europe
mkd,1987,69.86,"Macedonia, FYR",Europe
mkd,1988,69.4,"Macedonia, FYR",Europe
mkd,1989,69.37,"Macedonia, FYR",Europe
mkd,1990,70.48,"Macedonia, FYR",Europe
mkd,1991,70.75,"Macedonia, FYR",Europe
mkd,1992,70.3,"Macedonia, FYR",Europe
mkd,1993,70.21,"Macedonia, FYR",Europe
mkd,1994,70.55,"Macedonia, FYR",Europe
mkd,1995,70.71,"Macedonia, FYR",Europe
mkd,1996,70.97,"Macedonia, FYR",Europe
mkd,1997,71.19,"Macedonia, FYR",Europe
mkd,1998,71.1,"Macedonia, FYR",Europe
mkd,1999,71.37,"Macedonia, FYR",Europe
mkd,2000,71.55,"Macedonia, FYR",Europe
mkd,2001,71.43,"Macedonia, FYR",Europe
mkd,2002,71.55,"Macedonia, FYR",Europe
mkd,2003,71.68,"Macedonia, FYR",Europe
mkd,2004,72.18,"Macedonia, FYR",Europe
mkd,2005,72.46,"Macedonia, FYR",Europe
mkd,2006,72.32,"Macedonia, FYR",Europe
mkd,2007,72.42,"Macedonia, FYR",Europe
mkd,2008,72.89,"Macedonia, FYR",Europe
mkd,2009,72.98,"Macedonia, FYR",Europe
mkd,2010,73.41,"Macedonia, FYR",Europe
mkd,2011,73.74,"Macedonia, FYR",Europe
mkd,2012,73.69,"Macedonia, FYR",Europe
mkd,2013,73.96,"Macedonia, FYR",Europe
mkd,2014,73.95,"Macedonia, FYR",Europe
mkd,2015,73.95,"Macedonia, FYR",Europe
mkd,2016,73.84,"Macedonia, FYR",Europe
mkd,2017,74.12,"Macedonia, FYR",Europe
mkd,2018,74.27,"Macedonia, FYR",Europe
mkd,2019,74.37,"Macedonia, FYR",Europe
mkd,2020,72.83,"Macedonia, FYR",Europe
mkd,2021,74.62,"Macedonia, FYR",Europe
mkd,2022,74.75,"Macedonia, FYR",Europe
mkd,2023,74.89,"Macedonia, FYR",Europe
mkd,2024,75.02,"Macedonia, FYR",Europe
mkd,2025,75.16,"Macedonia, FYR",Europe
mkd,2026,75.29,"Macedonia, FYR",Europe
mkd,2027,75.42,"Macedonia, FYR",Europe
mkd,2028,75.55,"Macedonia, FYR",Europe
mkd,2029,75.68,"Macedonia, FYR",Europe
mkd,2030,75.81,"Macedonia, FYR",Europe
mkd,2031,75.94,"Macedonia, FYR",Europe
mkd,2032,76.07,"Macedonia, FYR",Europe
mkd,2033,76.2,"Macedonia, FYR",Europe
mkd,2034,76.33,"Macedonia, FYR",Europe
mkd,2035,76.46,"Macedonia, FYR",Europe
mkd,2036,76.59,"Macedonia, FYR",Europe
mkd,2037,76.72,"Macedonia, FYR",Europe
mkd,2038,76.85,"Macedonia, FYR",Europe
mkd,2039,76.99,"Macedonia, FYR",Europe
mkd,2040,77.12,"Macedonia, FYR",Europe
mkd,2041,77.26,"Macedonia, FYR",Europe
mkd,2042,77.39,"Macedonia, FYR",Europe
mkd,2043,77.52,"Macedonia, FYR",Europe
mkd,2044,77.65,"Macedonia, FYR",Europe
mkd,2045,77.79,"Macedonia, FYR",Europe
mkd,2046,77.92,"Macedonia, FYR",Europe
mkd,2047,78.05,"Macedonia, FYR",Europe
mkd,2048,78.18,"Macedonia, FYR",Europe
mkd,2049,78.31,"Macedonia, FYR",Europe
mkd,2050,78.45,"Macedonia, FYR",Europe
mkd,2051,78.58,"Macedonia, FYR",Europe
mkd,2052,78.71,"Macedonia, FYR",Europe
mkd,2053,78.85,"Macedonia, FYR",Europe
mkd,2054,78.98,"Macedonia, FYR",Europe
mkd,2055,79.11,"Macedonia, FYR",Europe
mkd,2056,79.25,"Macedonia, FYR",Europe
mkd,2057,79.38,"Macedonia, FYR",Europe
mkd,2058,79.51,"Macedonia, FYR",Europe
mkd,2059,79.65,"Macedonia, FYR",Europe
mkd,2060,79.78,"Macedonia, FYR",Europe
mkd,2061,79.92,"Macedonia, FYR",Europe
mkd,2062,80.05,"Macedonia, FYR",Europe
mkd,2063,80.19,"Macedonia, FYR",Europe
mkd,2064,80.32,"Macedonia, FYR",Europe
mkd,2065,80.46,"Macedonia, FYR",Europe
mkd,2066,80.59,"Macedonia, FYR",Europe
mkd,2067,80.72,"Macedonia, FYR",Europe
mkd,2068,80.85,"Macedonia, FYR",Europe
mkd,2069,80.99,"Macedonia, FYR",Europe
mkd,2070,81.11,"Macedonia, FYR",Europe
mkd,2071,81.24,"Macedonia, FYR",Europe
mkd,2072,81.37,"Macedonia, FYR",Europe
mkd,2073,81.5,"Macedonia, FYR",Europe
mkd,2074,81.63,"Macedonia, FYR",Europe
mkd,2075,81.75,"Macedonia, FYR",Europe
mkd,2076,81.88,"Macedonia, FYR",Europe
mkd,2077,82,"Macedonia, FYR",Europe
mkd,2078,82.12,"Macedonia, FYR",Europe
mkd,2079,82.24,"Macedonia, FYR",Europe
mkd,2080,82.36,"Macedonia, FYR",Europe
mkd,2081,82.48,"Macedonia, FYR",Europe
mkd,2082,82.59,"Macedonia, FYR",Europe
mkd,2083,82.71,"Macedonia, FYR",Europe
mkd,2084,82.82,"Macedonia, FYR",Europe
mkd,2085,82.93,"Macedonia, FYR",Europe
mkd,2086,83.04,"Macedonia, FYR",Europe
mkd,2087,83.14,"Macedonia, FYR",Europe
mkd,2088,83.25,"Macedonia, FYR",Europe
mkd,2089,83.36,"Macedonia, FYR",Europe
mkd,2090,83.46,"Macedonia, FYR",Europe
mkd,2091,83.57,"Macedonia, FYR",Europe
mkd,2092,83.67,"Macedonia, FYR",Europe
mkd,2093,83.77,"Macedonia, FYR",Europe
mkd,2094,83.87,"Macedonia, FYR",Europe
mkd,2095,83.97,"Macedonia, FYR",Europe
mkd,2096,84.07,"Macedonia, FYR",Europe
mkd,2097,84.17,"Macedonia, FYR",Europe
mkd,2098,84.27,"Macedonia, FYR",Europe
mkd,2099,84.37,"Macedonia, FYR",Europe
mkd,2100,84.46,"Macedonia, FYR",Europe
mdg,1800,30.5,Madagascar,Africa
mdg,1801,30.5,Madagascar,Africa
mdg,1802,30.5,Madagascar,Africa
mdg,1803,30.5,Madagascar,Africa
mdg,1804,30.5,Madagascar,Africa
mdg,1805,30.5,Madagascar,Africa
mdg,1806,30.5,Madagascar,Africa
mdg,1807,30.5,Madagascar,Africa
mdg,1808,30.5,Madagascar,Africa
mdg,1809,30.5,Madagascar,Africa
mdg,1810,30.5,Madagascar,Africa
mdg,1811,30.5,Madagascar,Africa
mdg,1812,30.5,Madagascar,Africa
mdg,1813,30.5,Madagascar,Africa
mdg,1814,30.5,Madagascar,Africa
mdg,1815,30.5,Madagascar,Africa
mdg,1816,30.5,Madagascar,Africa
mdg,1817,30.5,Madagascar,Africa
mdg,1818,30.5,Madagascar,Africa
mdg,1819,30.5,Madagascar,Africa
mdg,1820,30.5,Madagascar,Africa
mdg,1821,30.5,Madagascar,Africa
mdg,1822,30.5,Madagascar,Africa
mdg,1823,30.5,Madagascar,Africa
mdg,1824,30.5,Madagascar,Africa
mdg,1825,30.5,Madagascar,Africa
mdg,1826,30.5,Madagascar,Africa
mdg,1827,30.5,Madagascar,Africa
mdg,1828,30.5,Madagascar,Africa
mdg,1829,30.5,Madagascar,Africa
mdg,1830,30.5,Madagascar,Africa
mdg,1831,30.5,Madagascar,Africa
mdg,1832,30.5,Madagascar,Africa
mdg,1833,30.5,Madagascar,Africa
mdg,1834,30.5,Madagascar,Africa
mdg,1835,30.5,Madagascar,Africa
mdg,1836,30.5,Madagascar,Africa
mdg,1837,30.5,Madagascar,Africa
mdg,1838,30.5,Madagascar,Africa
mdg,1839,30.5,Madagascar,Africa
mdg,1840,30.5,Madagascar,Africa
mdg,1841,30.5,Madagascar,Africa
mdg,1842,30.5,Madagascar,Africa
mdg,1843,30.5,Madagascar,Africa
mdg,1844,30.5,Madagascar,Africa
mdg,1845,30.5,Madagascar,Africa
mdg,1846,30.5,Madagascar,Africa
mdg,1847,30.5,Madagascar,Africa
mdg,1848,30.5,Madagascar,Africa
mdg,1849,30.5,Madagascar,Africa
mdg,1850,30.5,Madagascar,Africa
mdg,1851,30.5,Madagascar,Africa
mdg,1852,30.5,Madagascar,Africa
mdg,1853,30.5,Madagascar,Africa
mdg,1854,30.5,Madagascar,Africa
mdg,1855,30.5,Madagascar,Africa
mdg,1856,30.5,Madagascar,Africa
mdg,1857,30.5,Madagascar,Africa
mdg,1858,30.5,Madagascar,Africa
mdg,1859,30.5,Madagascar,Africa
mdg,1860,30.5,Madagascar,Africa
mdg,1861,30.5,Madagascar,Africa
mdg,1862,30.5,Madagascar,Africa
mdg,1863,30.5,Madagascar,Africa
mdg,1864,30.5,Madagascar,Africa
mdg,1865,30.5,Madagascar,Africa
mdg,1866,30.5,Madagascar,Africa
mdg,1867,30.5,Madagascar,Africa
mdg,1868,30.5,Madagascar,Africa
mdg,1869,30.5,Madagascar,Africa
mdg,1870,30.5,Madagascar,Africa
mdg,1871,30.56,Madagascar,Africa
mdg,1872,30.63,Madagascar,Africa
mdg,1873,30.69,Madagascar,Africa
mdg,1874,30.76,Madagascar,Africa
mdg,1875,30.82,Madagascar,Africa
mdg,1876,30.88,Madagascar,Africa
mdg,1877,30.95,Madagascar,Africa
mdg,1878,31.01,Madagascar,Africa
mdg,1879,31.08,Madagascar,Africa
mdg,1880,31.14,Madagascar,Africa
mdg,1881,31.21,Madagascar,Africa
mdg,1882,31.27,Madagascar,Africa
mdg,1883,31.33,Madagascar,Africa
mdg,1884,31.4,Madagascar,Africa
mdg,1885,31.46,Madagascar,Africa
mdg,1886,31.53,Madagascar,Africa
mdg,1887,31.59,Madagascar,Africa
mdg,1888,31.65,Madagascar,Africa
mdg,1889,31.72,Madagascar,Africa
mdg,1890,31.78,Madagascar,Africa
mdg,1891,31.85,Madagascar,Africa
mdg,1892,31.91,Madagascar,Africa
mdg,1893,31.97,Madagascar,Africa
mdg,1894,32.04,Madagascar,Africa
mdg,1895,32.1,Madagascar,Africa
mdg,1896,32.17,Madagascar,Africa
mdg,1897,32.23,Madagascar,Africa
mdg,1898,32.29,Madagascar,Africa
mdg,1899,32.36,Madagascar,Africa
mdg,1900,32.42,Madagascar,Africa
mdg,1901,32.49,Madagascar,Africa
mdg,1902,32.55,Madagascar,Africa
mdg,1903,32.62,Madagascar,Africa
mdg,1904,32.68,Madagascar,Africa
mdg,1905,32.74,Madagascar,Africa
mdg,1906,32.81,Madagascar,Africa
mdg,1907,32.87,Madagascar,Africa
mdg,1908,32.94,Madagascar,Africa
mdg,1909,33,Madagascar,Africa
mdg,1910,33.06,Madagascar,Africa
mdg,1911,33.13,Madagascar,Africa
mdg,1912,33.19,Madagascar,Africa
mdg,1913,33.26,Madagascar,Africa
mdg,1914,33.32,Madagascar,Africa
mdg,1915,33.38,Madagascar,Africa
mdg,1916,33.45,Madagascar,Africa
mdg,1917,33.51,Madagascar,Africa
mdg,1918,14,Madagascar,Africa
mdg,1919,33.64,Madagascar,Africa
mdg,1920,33.7,Madagascar,Africa
mdg,1921,33.77,Madagascar,Africa
mdg,1922,33.83,Madagascar,Africa
mdg,1923,33.9,Madagascar,Africa
mdg,1924,33.96,Madagascar,Africa
mdg,1925,34.03,Madagascar,Africa
mdg,1926,34.09,Madagascar,Africa
mdg,1927,34.15,Madagascar,Africa
mdg,1928,34.22,Madagascar,Africa
mdg,1929,34.28,Madagascar,Africa
mdg,1930,34.35,Madagascar,Africa
mdg,1931,34.41,Madagascar,Africa
mdg,1932,34.47,Madagascar,Africa
mdg,1933,34.54,Madagascar,Africa
mdg,1934,34.6,Madagascar,Africa
mdg,1935,34.67,Madagascar,Africa
mdg,1936,34.73,Madagascar,Africa
mdg,1937,34.79,Madagascar,Africa
mdg,1938,34.86,Madagascar,Africa
mdg,1939,34.92,Madagascar,Africa
mdg,1940,34.99,Madagascar,Africa
mdg,1941,35.05,Madagascar,Africa
mdg,1942,35.11,Madagascar,Africa
mdg,1943,35.18,Madagascar,Africa
mdg,1944,35.24,Madagascar,Africa
mdg,1945,35.31,Madagascar,Africa
mdg,1946,36.5,Madagascar,Africa
mdg,1947,37.69,Madagascar,Africa
mdg,1948,38.89,Madagascar,Africa
mdg,1949,40.09,Madagascar,Africa
mdg,1950,41.29,Madagascar,Africa
mdg,1951,41.39,Madagascar,Africa
mdg,1952,41.59,Madagascar,Africa
mdg,1953,41.85,Madagascar,Africa
mdg,1954,42.14,Madagascar,Africa
mdg,1955,42.5,Madagascar,Africa
mdg,1956,42.83,Madagascar,Africa
mdg,1957,43.32,Madagascar,Africa
mdg,1958,43.83,Madagascar,Africa
mdg,1959,44.23,Madagascar,Africa
mdg,1960,44.83,Madagascar,Africa
mdg,1961,45.22,Madagascar,Africa
mdg,1962,45.65,Madagascar,Africa
mdg,1963,46.14,Madagascar,Africa
mdg,1964,46.6,Madagascar,Africa
mdg,1965,46.87,Madagascar,Africa
mdg,1966,46.88,Madagascar,Africa
mdg,1967,47.14,Madagascar,Africa
mdg,1968,47.55,Madagascar,Africa
mdg,1969,48.14,Madagascar,Africa
mdg,1970,48.44,Madagascar,Africa
mdg,1971,49.06,Madagascar,Africa
mdg,1972,49.82,Madagascar,Africa
mdg,1973,50.68,Madagascar,Africa
mdg,1974,51.4,Madagascar,Africa
mdg,1975,52.03,Madagascar,Africa
mdg,1976,52.65,Madagascar,Africa
mdg,1977,53.47,Madagascar,Africa
mdg,1978,54.1,Madagascar,Africa
mdg,1979,54.64,Madagascar,Africa
mdg,1980,54.9,Madagascar,Africa
mdg,1981,55.07,Madagascar,Africa
mdg,1982,54.51,Madagascar,Africa
mdg,1983,54.69,Madagascar,Africa
mdg,1984,54.7,Madagascar,Africa
mdg,1985,54.79,Madagascar,Africa
mdg,1986,54.42,Madagascar,Africa
mdg,1987,54.39,Madagascar,Africa
mdg,1988,54.87,Madagascar,Africa
mdg,1989,55.44,Madagascar,Africa
mdg,1990,55.92,Madagascar,Africa
mdg,1991,56.26,Madagascar,Africa
mdg,1992,56.61,Madagascar,Africa
mdg,1993,56.58,Madagascar,Africa
mdg,1994,57.31,Madagascar,Africa
mdg,1995,57.92,Madagascar,Africa
mdg,1996,58.17,Madagascar,Africa
mdg,1997,58.39,Madagascar,Africa
mdg,1998,58.64,Madagascar,Africa
mdg,1999,59.1,Madagascar,Africa
mdg,2000,59.52,Madagascar,Africa
mdg,2001,59.95,Madagascar,Africa
mdg,2002,60.01,Madagascar,Africa
mdg,2003,60.27,Madagascar,Africa
mdg,2004,60.58,Madagascar,Africa
mdg,2005,61.1,Madagascar,Africa
mdg,2006,61.51,Madagascar,Africa
mdg,2007,61.89,Madagascar,Africa
mdg,2008,62.14,Madagascar,Africa
mdg,2009,62.32,Madagascar,Africa
mdg,2010,62.57,Madagascar,Africa
mdg,2011,62.9,Madagascar,Africa
mdg,2012,63.21,Madagascar,Africa
mdg,2013,63.52,Madagascar,Africa
mdg,2014,63.83,Madagascar,Africa
mdg,2015,64.16,Madagascar,Africa
mdg,2016,64.5,Madagascar,Africa
mdg,2017,64.8,Madagascar,Africa
mdg,2018,65.11,Madagascar,Africa
mdg,2019,65.48,Madagascar,Africa
mdg,2020,65.6,Madagascar,Africa
mdg,2021,66.16,Madagascar,Africa
mdg,2022,66.48,Madagascar,Africa
mdg,2023,66.79,Madagascar,Africa
mdg,2024,67.1,Madagascar,Africa
mdg,2025,67.39,Madagascar,Africa
mdg,2026,67.67,Madagascar,Africa
mdg,2027,67.95,Madagascar,Africa
mdg,2028,68.22,Madagascar,Africa
mdg,2029,68.47,Madagascar,Africa
mdg,2030,68.72,Madagascar,Africa
mdg,2031,68.97,Madagascar,Africa
mdg,2032,69.2,Madagascar,Africa
mdg,2033,69.43,Madagascar,Africa
mdg,2034,69.65,Madagascar,Africa
mdg,2035,69.86,Madagascar,Africa
mdg,2036,70.07,Madagascar,Africa
mdg,2037,70.28,Madagascar,Africa
mdg,2038,70.48,Madagascar,Africa
mdg,2039,70.67,Madagascar,Africa
mdg,2040,70.87,Madagascar,Africa
mdg,2041,71.06,Madagascar,Africa
mdg,2042,71.24,Madagascar,Africa
mdg,2043,71.43,Madagascar,Africa
mdg,2044,71.61,Madagascar,Africa
mdg,2045,71.78,Madagascar,Africa
mdg,2046,71.96,Madagascar,Africa
mdg,2047,72.13,Madagascar,Africa
mdg,2048,72.3,Madagascar,Africa
mdg,2049,72.47,Madagascar,Africa
mdg,2050,72.64,Madagascar,Africa
mdg,2051,72.81,Madagascar,Africa
mdg,2052,72.98,Madagascar,Africa
mdg,2053,73.14,Madagascar,Africa
mdg,2054,73.3,Madagascar,Africa
mdg,2055,73.46,Madagascar,Africa
mdg,2056,73.62,Madagascar,Africa
mdg,2057,73.77,Madagascar,Africa
mdg,2058,73.93,Madagascar,Africa
mdg,2059,74.08,Madagascar,Africa
mdg,2060,74.24,Madagascar,Africa
mdg,2061,74.39,Madagascar,Africa
mdg,2062,74.55,Madagascar,Africa
mdg,2063,74.7,Madagascar,Africa
mdg,2064,74.85,Madagascar,Africa
mdg,2065,75,Madagascar,Africa
mdg,2066,75.15,Madagascar,Africa
mdg,2067,75.3,Madagascar,Africa
mdg,2068,75.45,Madagascar,Africa
mdg,2069,75.6,Madagascar,Africa
mdg,2070,75.76,Madagascar,Africa
mdg,2071,75.91,Madagascar,Africa
mdg,2072,76.06,Madagascar,Africa
mdg,2073,76.21,Madagascar,Africa
mdg,2074,76.36,Madagascar,Africa
mdg,2075,76.51,Madagascar,Africa
mdg,2076,76.66,Madagascar,Africa
mdg,2077,76.81,Madagascar,Africa
mdg,2078,76.95,Madagascar,Africa
mdg,2079,77.1,Madagascar,Africa
mdg,2080,77.25,Madagascar,Africa
mdg,2081,77.39,Madagascar,Africa
mdg,2082,77.54,Madagascar,Africa
mdg,2083,77.68,Madagascar,Africa
mdg,2084,77.83,Madagascar,Africa
mdg,2085,77.97,Madagascar,Africa
mdg,2086,78.12,Madagascar,Africa
mdg,2087,78.26,Madagascar,Africa
mdg,2088,78.41,Madagascar,Africa
mdg,2089,78.55,Madagascar,Africa
mdg,2090,78.7,Madagascar,Africa
mdg,2091,78.84,Madagascar,Africa
mdg,2092,78.99,Madagascar,Africa
mdg,2093,79.13,Madagascar,Africa
mdg,2094,79.27,Madagascar,Africa
mdg,2095,79.41,Madagascar,Africa
mdg,2096,79.55,Madagascar,Africa
mdg,2097,79.69,Madagascar,Africa
mdg,2098,79.83,Madagascar,Africa
mdg,2099,79.97,Madagascar,Africa
mdg,2100,80.11,Madagascar,Africa
mwi,1800,30.3,Malawi,Africa
mwi,1801,30.3,Malawi,Africa
mwi,1802,30.3,Malawi,Africa
mwi,1803,30.3,Malawi,Africa
mwi,1804,30.3,Malawi,Africa
mwi,1805,30.3,Malawi,Africa
mwi,1806,30.3,Malawi,Africa
mwi,1807,30.3,Malawi,Africa
mwi,1808,30.3,Malawi,Africa
mwi,1809,30.3,Malawi,Africa
mwi,1810,30.3,Malawi,Africa
mwi,1811,30.3,Malawi,Africa
mwi,1812,30.3,Malawi,Africa
mwi,1813,30.3,Malawi,Africa
mwi,1814,30.3,Malawi,Africa
mwi,1815,30.3,Malawi,Africa
mwi,1816,30.3,Malawi,Africa
mwi,1817,30.3,Malawi,Africa
mwi,1818,30.3,Malawi,Africa
mwi,1819,30.3,Malawi,Africa
mwi,1820,30.3,Malawi,Africa
mwi,1821,30.3,Malawi,Africa
mwi,1822,30.3,Malawi,Africa
mwi,1823,30.3,Malawi,Africa
mwi,1824,30.3,Malawi,Africa
mwi,1825,30.3,Malawi,Africa
mwi,1826,30.3,Malawi,Africa
mwi,1827,30.3,Malawi,Africa
mwi,1828,30.3,Malawi,Africa
mwi,1829,30.3,Malawi,Africa
mwi,1830,30.3,Malawi,Africa
mwi,1831,30.3,Malawi,Africa
mwi,1832,30.3,Malawi,Africa
mwi,1833,30.3,Malawi,Africa
mwi,1834,30.3,Malawi,Africa
mwi,1835,30.3,Malawi,Africa
mwi,1836,30.3,Malawi,Africa
mwi,1837,30.3,Malawi,Africa
mwi,1838,30.3,Malawi,Africa
mwi,1839,30.3,Malawi,Africa
mwi,1840,30.3,Malawi,Africa
mwi,1841,30.3,Malawi,Africa
mwi,1842,30.3,Malawi,Africa
mwi,1843,30.3,Malawi,Africa
mwi,1844,30.3,Malawi,Africa
mwi,1845,30.3,Malawi,Africa
mwi,1846,30.3,Malawi,Africa
mwi,1847,30.3,Malawi,Africa
mwi,1848,30.3,Malawi,Africa
mwi,1849,30.3,Malawi,Africa
mwi,1850,30.3,Malawi,Africa
mwi,1851,30.3,Malawi,Africa
mwi,1852,30.3,Malawi,Africa
mwi,1853,30.3,Malawi,Africa
mwi,1854,30.3,Malawi,Africa
mwi,1855,30.3,Malawi,Africa
mwi,1856,30.3,Malawi,Africa
mwi,1857,30.3,Malawi,Africa
mwi,1858,30.3,Malawi,Africa
mwi,1859,30.3,Malawi,Africa
mwi,1860,30.3,Malawi,Africa
mwi,1861,30.3,Malawi,Africa
mwi,1862,30.3,Malawi,Africa
mwi,1863,30.3,Malawi,Africa
mwi,1864,30.3,Malawi,Africa
mwi,1865,30.3,Malawi,Africa
mwi,1866,30.3,Malawi,Africa
mwi,1867,30.3,Malawi,Africa
mwi,1868,30.3,Malawi,Africa
mwi,1869,30.3,Malawi,Africa
mwi,1870,30.3,Malawi,Africa
mwi,1871,30.28,Malawi,Africa
mwi,1872,30.27,Malawi,Africa
mwi,1873,30.25,Malawi,Africa
mwi,1874,30.23,Malawi,Africa
mwi,1875,30.21,Malawi,Africa
mwi,1876,30.2,Malawi,Africa
mwi,1877,30.18,Malawi,Africa
mwi,1878,30.16,Malawi,Africa
mwi,1879,30.14,Malawi,Africa
mwi,1880,30.13,Malawi,Africa
mwi,1881,30.11,Malawi,Africa
mwi,1882,30.09,Malawi,Africa
mwi,1883,30.07,Malawi,Africa
mwi,1884,30.06,Malawi,Africa
mwi,1885,30.04,Malawi,Africa
mwi,1886,30.02,Malawi,Africa
mwi,1887,30,Malawi,Africa
mwi,1888,29.99,Malawi,Africa
mwi,1889,29.97,Malawi,Africa
mwi,1890,29.95,Malawi,Africa
mwi,1891,29.93,Malawi,Africa
mwi,1892,29.92,Malawi,Africa
mwi,1893,29.9,Malawi,Africa
mwi,1894,29.88,Malawi,Africa
mwi,1895,29.86,Malawi,Africa
mwi,1896,29.85,Malawi,Africa
mwi,1897,29.83,Malawi,Africa
mwi,1898,29.81,Malawi,Africa
mwi,1899,29.79,Malawi,Africa
mwi,1900,29.78,Malawi,Africa
mwi,1901,29.76,Malawi,Africa
mwi,1902,29.74,Malawi,Africa
mwi,1903,29.72,Malawi,Africa
mwi,1904,29.71,Malawi,Africa
mwi,1905,29.69,Malawi,Africa
mwi,1906,29.67,Malawi,Africa
mwi,1907,29.65,Malawi,Africa
mwi,1908,29.64,Malawi,Africa
mwi,1909,29.62,Malawi,Africa
mwi,1910,29.6,Malawi,Africa
mwi,1911,29.58,Malawi,Africa
mwi,1912,29.57,Malawi,Africa
mwi,1913,29.55,Malawi,Africa
mwi,1914,29.53,Malawi,Africa
mwi,1915,29.51,Malawi,Africa
mwi,1916,29.5,Malawi,Africa
mwi,1917,29.48,Malawi,Africa
mwi,1918,11.39,Malawi,Africa
mwi,1919,29.44,Malawi,Africa
mwi,1920,29.43,Malawi,Africa
mwi,1921,29.41,Malawi,Africa
mwi,1922,29.39,Malawi,Africa
mwi,1923,29.37,Malawi,Africa
mwi,1924,29.36,Malawi,Africa
mwi,1925,29.34,Malawi,Africa
mwi,1926,29.32,Malawi,Africa
mwi,1927,29.3,Malawi,Africa
mwi,1928,29.29,Malawi,Africa
mwi,1929,29.27,Malawi,Africa
mwi,1930,29.25,Malawi,Africa
mwi,1931,29.23,Malawi,Africa
mwi,1932,29.22,Malawi,Africa
mwi,1933,29.2,Malawi,Africa
mwi,1934,29.18,Malawi,Africa
mwi,1935,29.16,Malawi,Africa
mwi,1936,29.15,Malawi,Africa
mwi,1937,29.13,Malawi,Africa
mwi,1938,29.11,Malawi,Africa
mwi,1939,29.09,Malawi,Africa
mwi,1940,29.08,Malawi,Africa
mwi,1941,29.06,Malawi,Africa
mwi,1942,29.04,Malawi,Africa
mwi,1943,29.02,Malawi,Africa
mwi,1944,29.01,Malawi,Africa
mwi,1945,28.99,Malawi,Africa
mwi,1946,30.06,Malawi,Africa
mwi,1947,31.14,Malawi,Africa
mwi,1948,32.22,Malawi,Africa
mwi,1949,33.29,Malawi,Africa
mwi,1950,34.36,Malawi,Africa
mwi,1951,34.63,Malawi,Africa
mwi,1952,34.94,Malawi,Africa
mwi,1953,35.35,Malawi,Africa
mwi,1954,35.58,Malawi,Africa
mwi,1955,35.85,Malawi,Africa
mwi,1956,36.19,Malawi,Africa
mwi,1957,36.56,Malawi,Africa
mwi,1958,36.98,Malawi,Africa
mwi,1959,37.39,Malawi,Africa
mwi,1960,37.71,Malawi,Africa
mwi,1961,38.16,Malawi,Africa
mwi,1962,38.53,Malawi,Africa
mwi,1963,38.9,Malawi,Africa
mwi,1964,39.2,Malawi,Africa
mwi,1965,39.55,Malawi,Africa
mwi,1966,40.06,Malawi,Africa
mwi,1967,40.55,Malawi,Africa
mwi,1968,41.01,Malawi,Africa
mwi,1969,41.54,Malawi,Africa
mwi,1970,42.05,Malawi,Africa
mwi,1971,42.73,Malawi,Africa
mwi,1972,43.46,Malawi,Africa
mwi,1973,44.18,Malawi,Africa
mwi,1974,44.87,Malawi,Africa
mwi,1975,45.55,Malawi,Africa
mwi,1976,46.19,Malawi,Africa
mwi,1977,46.77,Malawi,Africa
mwi,1978,47.55,Malawi,Africa
mwi,1979,48.29,Malawi,Africa
mwi,1980,48.83,Malawi,Africa
mwi,1981,49.22,Malawi,Africa
mwi,1982,49.55,Malawi,Africa
mwi,1983,49.83,Malawi,Africa
mwi,1984,50.02,Malawi,Africa
mwi,1985,50.16,Malawi,Africa
mwi,1986,50.15,Malawi,Africa
mwi,1987,50.09,Malawi,Africa
mwi,1988,50,Malawi,Africa
mwi,1989,49.67,Malawi,Africa
mwi,1990,49.38,Malawi,Africa
mwi,1991,48.97,Malawi,Africa
mwi,1992,48.53,Malawi,Africa
mwi,1993,47.79,Malawi,Africa
mwi,1994,46.91,Malawi,Africa
mwi,1995,46.33,Malawi,Africa
mwi,1996,45.97,Malawi,Africa
mwi,1997,45.72,Malawi,Africa
mwi,1998,45.49,Malawi,Africa
mwi,1999,45.52,Malawi,Africa
mwi,2000,45.9,Malawi,Africa
mwi,2001,46.26,Malawi,Africa
mwi,2002,46.74,Malawi,Africa
mwi,2003,47.37,Malawi,Africa
mwi,2004,47.97,Malawi,Africa
mwi,2005,48.88,Malawi,Africa
mwi,2006,50.13,Malawi,Africa
mwi,2007,51.64,Malawi,Africa
mwi,2008,53.36,Malawi,Africa
mwi,2009,54.96,Malawi,Africa
mwi,2010,56.32,Malawi,Africa
mwi,2011,57.72,Malawi,Africa
mwi,2012,59.28,Malawi,Africa
mwi,2013,60.56,Malawi,Africa
mwi,2014,61.46,Malawi,Africa
mwi,2015,62.04,Malawi,Africa
mwi,2016,62.61,Malawi,Africa
mwi,2017,63.4,Malawi,Africa
mwi,2018,64.14,Malawi,Africa
mwi,2019,64.71,Malawi,Africa
mwi,2020,64.78,Malawi,Africa
mwi,2021,65.56,Malawi,Africa
mwi,2022,65.95,Malawi,Africa
mwi,2023,66.33,Malawi,Africa
mwi,2024,66.7,Malawi,Africa
mwi,2025,67.08,Malawi,Africa
mwi,2026,67.44,Malawi,Africa
mwi,2027,67.8,Malawi,Africa
mwi,2028,68.15,Malawi,Africa
mwi,2029,68.49,Malawi,Africa
mwi,2030,68.82,Malawi,Africa
mwi,2031,69.13,Malawi,Africa
mwi,2032,69.44,Malawi,Africa
mwi,2033,69.73,Malawi,Africa
mwi,2034,70.02,Malawi,Africa
mwi,2035,70.29,Malawi,Africa
mwi,2036,70.56,Malawi,Africa
mwi,2037,70.82,Malawi,Africa
mwi,2038,71.07,Malawi,Africa
mwi,2039,71.31,Malawi,Africa
mwi,2040,71.55,Malawi,Africa
mwi,2041,71.78,Malawi,Africa
mwi,2042,72.01,Malawi,Africa
mwi,2043,72.23,Malawi,Africa
mwi,2044,72.46,Malawi,Africa
mwi,2045,72.67,Malawi,Africa
mwi,2046,72.89,Malawi,Africa
mwi,2047,73.1,Malawi,Africa
mwi,2048,73.3,Malawi,Africa
mwi,2049,73.51,Malawi,Africa
mwi,2050,73.7,Malawi,Africa
mwi,2051,73.9,Malawi,Africa
mwi,2052,74.09,Malawi,Africa
mwi,2053,74.28,Malawi,Africa
mwi,2054,74.47,Malawi,Africa
mwi,2055,74.65,Malawi,Africa
mwi,2056,74.84,Malawi,Africa
mwi,2057,75.02,Malawi,Africa
mwi,2058,75.2,Malawi,Africa
mwi,2059,75.38,Malawi,Africa
mwi,2060,75.56,Malawi,Africa
mwi,2061,75.73,Malawi,Africa
mwi,2062,75.91,Malawi,Africa
mwi,2063,76.09,Malawi,Africa
mwi,2064,76.26,Malawi,Africa
mwi,2065,76.44,Malawi,Africa
mwi,2066,76.61,Malawi,Africa
mwi,2067,76.78,Malawi,Africa
mwi,2068,76.95,Malawi,Africa
mwi,2069,77.12,Malawi,Africa
mwi,2070,77.29,Malawi,Africa
mwi,2071,77.45,Malawi,Africa
mwi,2072,77.62,Malawi,Africa
mwi,2073,77.78,Malawi,Africa
mwi,2074,77.95,Malawi,Africa
mwi,2075,78.11,Malawi,Africa
mwi,2076,78.27,Malawi,Africa
mwi,2077,78.44,Malawi,Africa
mwi,2078,78.6,Malawi,Africa
mwi,2079,78.76,Malawi,Africa
mwi,2080,78.93,Malawi,Africa
mwi,2081,79.09,Malawi,Africa
mwi,2082,79.25,Malawi,Africa
mwi,2083,79.41,Malawi,Africa
mwi,2084,79.57,Malawi,Africa
mwi,2085,79.73,Malawi,Africa
mwi,2086,79.89,Malawi,Africa
mwi,2087,80.05,Malawi,Africa
mwi,2088,80.21,Malawi,Africa
mwi,2089,80.37,Malawi,Africa
mwi,2090,80.53,Malawi,Africa
mwi,2091,80.69,Malawi,Africa
mwi,2092,80.85,Malawi,Africa
mwi,2093,81,Malawi,Africa
mwi,2094,81.16,Malawi,Africa
mwi,2095,81.31,Malawi,Africa
mwi,2096,81.47,Malawi,Africa
mwi,2097,81.62,Malawi,Africa
mwi,2098,81.77,Malawi,Africa
mwi,2099,81.93,Malawi,Africa
mwi,2100,82.08,Malawi,Africa
mys,1800,30.6,Malaysia,Asia
mys,1801,30.6,Malaysia,Asia
mys,1802,30.6,Malaysia,Asia
mys,1803,30.6,Malaysia,Asia
mys,1804,30.6,Malaysia,Asia
mys,1805,30.6,Malaysia,Asia
mys,1806,30.6,Malaysia,Asia
mys,1807,30.6,Malaysia,Asia
mys,1808,30.6,Malaysia,Asia
mys,1809,30.6,Malaysia,Asia
mys,1810,30.6,Malaysia,Asia
mys,1811,30.6,Malaysia,Asia
mys,1812,30.6,Malaysia,Asia
mys,1813,30.6,Malaysia,Asia
mys,1814,30.6,Malaysia,Asia
mys,1815,30.6,Malaysia,Asia
mys,1816,30.6,Malaysia,Asia
mys,1817,30.6,Malaysia,Asia
mys,1818,30.6,Malaysia,Asia
mys,1819,30.6,Malaysia,Asia
mys,1820,30.6,Malaysia,Asia
mys,1821,30.6,Malaysia,Asia
mys,1822,30.6,Malaysia,Asia
mys,1823,30.6,Malaysia,Asia
mys,1824,30.6,Malaysia,Asia
mys,1825,30.6,Malaysia,Asia
mys,1826,30.6,Malaysia,Asia
mys,1827,30.6,Malaysia,Asia
mys,1828,30.6,Malaysia,Asia
mys,1829,30.6,Malaysia,Asia
mys,1830,30.6,Malaysia,Asia
mys,1831,30.6,Malaysia,Asia
mys,1832,30.6,Malaysia,Asia
mys,1833,30.6,Malaysia,Asia
mys,1834,30.6,Malaysia,Asia
mys,1835,30.6,Malaysia,Asia
mys,1836,30.6,Malaysia,Asia
mys,1837,30.6,Malaysia,Asia
mys,1838,30.6,Malaysia,Asia
mys,1839,30.6,Malaysia,Asia
mys,1840,30.6,Malaysia,Asia
mys,1841,30.6,Malaysia,Asia
mys,1842,30.6,Malaysia,Asia
mys,1843,30.6,Malaysia,Asia
mys,1844,30.6,Malaysia,Asia
mys,1845,30.6,Malaysia,Asia
mys,1846,30.6,Malaysia,Asia
mys,1847,30.6,Malaysia,Asia
mys,1848,30.6,Malaysia,Asia
mys,1849,30.6,Malaysia,Asia
mys,1850,30.6,Malaysia,Asia
mys,1851,30.6,Malaysia,Asia
mys,1852,30.6,Malaysia,Asia
mys,1853,30.6,Malaysia,Asia
mys,1854,30.6,Malaysia,Asia
mys,1855,30.6,Malaysia,Asia
mys,1856,30.6,Malaysia,Asia
mys,1857,30.6,Malaysia,Asia
mys,1858,30.6,Malaysia,Asia
mys,1859,30.6,Malaysia,Asia
mys,1860,30.6,Malaysia,Asia
mys,1861,30.6,Malaysia,Asia
mys,1862,30.6,Malaysia,Asia
mys,1863,30.6,Malaysia,Asia
mys,1864,30.6,Malaysia,Asia
mys,1865,30.6,Malaysia,Asia
mys,1866,30.6,Malaysia,Asia
mys,1867,30.6,Malaysia,Asia
mys,1868,30.6,Malaysia,Asia
mys,1869,30.6,Malaysia,Asia
mys,1870,30.6,Malaysia,Asia
mys,1871,30.6,Malaysia,Asia
mys,1872,30.6,Malaysia,Asia
mys,1873,30.6,Malaysia,Asia
mys,1874,30.6,Malaysia,Asia
mys,1875,30.6,Malaysia,Asia
mys,1876,30.6,Malaysia,Asia
mys,1877,30.6,Malaysia,Asia
mys,1878,30.6,Malaysia,Asia
mys,1879,30.6,Malaysia,Asia
mys,1880,30.6,Malaysia,Asia
mys,1881,30.6,Malaysia,Asia
mys,1882,30.6,Malaysia,Asia
mys,1883,30.6,Malaysia,Asia
mys,1884,30.6,Malaysia,Asia
mys,1885,30.6,Malaysia,Asia
mys,1886,30.6,Malaysia,Asia
mys,1887,30.6,Malaysia,Asia
mys,1888,30.6,Malaysia,Asia
mys,1889,30.61,Malaysia,Asia
mys,1890,30.61,Malaysia,Asia
mys,1891,30.61,Malaysia,Asia
mys,1892,30.61,Malaysia,Asia
mys,1893,30.61,Malaysia,Asia
mys,1894,30.61,Malaysia,Asia
mys,1895,30.61,Malaysia,Asia
mys,1896,30.61,Malaysia,Asia
mys,1897,30.61,Malaysia,Asia
mys,1898,30.61,Malaysia,Asia
mys,1899,30.61,Malaysia,Asia
mys,1900,30.61,Malaysia,Asia
mys,1901,30.61,Malaysia,Asia
mys,1902,30.61,Malaysia,Asia
mys,1903,30.61,Malaysia,Asia
mys,1904,30.61,Malaysia,Asia
mys,1905,30.61,Malaysia,Asia
mys,1906,30.61,Malaysia,Asia
mys,1907,30.61,Malaysia,Asia
mys,1908,30.61,Malaysia,Asia
mys,1909,30.61,Malaysia,Asia
mys,1910,30.61,Malaysia,Asia
mys,1911,30.61,Malaysia,Asia
mys,1912,30.61,Malaysia,Asia
mys,1913,30.61,Malaysia,Asia
mys,1914,30.61,Malaysia,Asia
mys,1915,30.61,Malaysia,Asia
mys,1916,30.61,Malaysia,Asia
mys,1917,30.61,Malaysia,Asia
mys,1918,19.62,Malaysia,Asia
mys,1919,30.61,Malaysia,Asia
mys,1920,30.61,Malaysia,Asia
mys,1921,30.61,Malaysia,Asia
mys,1922,30.61,Malaysia,Asia
mys,1923,30.61,Malaysia,Asia
mys,1924,30.61,Malaysia,Asia
mys,1925,30.62,Malaysia,Asia
mys,1926,30.62,Malaysia,Asia
mys,1927,30.62,Malaysia,Asia
mys,1928,30.62,Malaysia,Asia
mys,1929,30.62,Malaysia,Asia
mys,1930,30.62,Malaysia,Asia
mys,1931,31.76,Malaysia,Asia
mys,1932,32.91,Malaysia,Asia
mys,1933,34.05,Malaysia,Asia
mys,1934,35.2,Malaysia,Asia
mys,1935,36.34,Malaysia,Asia
mys,1936,37.49,Malaysia,Asia
mys,1937,38.63,Malaysia,Asia
mys,1938,39.78,Malaysia,Asia
mys,1939,40.92,Malaysia,Asia
mys,1940,42.07,Malaysia,Asia
mys,1941,41.83,Malaysia,Asia
mys,1942,36.12,Malaysia,Asia
mys,1943,38.53,Malaysia,Asia
mys,1944,38.33,Malaysia,Asia
mys,1945,38.13,Malaysia,Asia
mys,1946,45.03,Malaysia,Asia
mys,1947,48.03,Malaysia,Asia
mys,1948,50.54,Malaysia,Asia
mys,1949,52.04,Malaysia,Asia
mys,1950,53.52,Malaysia,Asia
mys,1951,53.64,Malaysia,Asia
mys,1952,54.26,Malaysia,Asia
mys,1953,56.15,Malaysia,Asia
mys,1954,57.13,Malaysia,Asia
mys,1955,58.94,Malaysia,Asia
mys,1956,59.5,Malaysia,Asia
mys,1957,58.81,Malaysia,Asia
mys,1958,61.15,Malaysia,Asia
mys,1959,63.56,Malaysia,Asia
mys,1960,62.82,Malaysia,Asia
mys,1961,63.55,Malaysia,Asia
mys,1962,63.21,Malaysia,Asia
mys,1963,63.88,Malaysia,Asia
mys,1964,65.53,Malaysia,Asia
mys,1965,65.51,Malaysia,Asia
mys,1966,66.68,Malaysia,Asia
mys,1967,66.09,Malaysia,Asia
mys,1968,65.96,Malaysia,Asia
mys,1969,66.45,Malaysia,Asia
mys,1970,67.29,Malaysia,Asia
mys,1971,67.41,Malaysia,Asia
mys,1972,67.86,Malaysia,Asia
mys,1973,68.07,Malaysia,Asia
mys,1974,67.87,Malaysia,Asia
mys,1975,67.51,Malaysia,Asia
mys,1976,67.63,Malaysia,Asia
mys,1977,67.7,Malaysia,Asia
mys,1978,69.79,Malaysia,Asia
mys,1979,70.3,Malaysia,Asia
mys,1980,70.48,Malaysia,Asia
mys,1981,70.33,Malaysia,Asia
mys,1982,70.16,Malaysia,Asia
mys,1983,69.98,Malaysia,Asia
mys,1984,69.97,Malaysia,Asia
mys,1985,70.03,Malaysia,Asia
mys,1986,70.68,Malaysia,Asia
mys,1987,71.03,Malaysia,Asia
mys,1988,71.21,Malaysia,Asia
mys,1989,71.59,Malaysia,Asia
mys,1990,71.91,Malaysia,Asia
mys,1991,72.21,Malaysia,Asia
mys,1992,72.4,Malaysia,Asia
mys,1993,72.35,Malaysia,Asia
mys,1994,72.17,Malaysia,Asia
mys,1995,71.82,Malaysia,Asia
mys,1996,72.19,Malaysia,Asia
mys,1997,72.48,Malaysia,Asia
mys,1998,72.92,Malaysia,Asia
mys,1999,72.08,Malaysia,Asia
mys,2000,73,Malaysia,Asia
mys,2001,73.34,Malaysia,Asia
mys,2002,73.46,Malaysia,Asia
mys,2003,73.47,Malaysia,Asia
mys,2004,73.83,Malaysia,Asia
mys,2005,74.12,Malaysia,Asia
mys,2006,74.36,Malaysia,Asia
mys,2007,74.51,Malaysia,Asia
mys,2008,74.33,Malaysia,Asia
mys,2009,74.17,Malaysia,Asia
mys,2010,74.44,Malaysia,Asia
mys,2011,74.61,Malaysia,Asia
mys,2012,74.76,Malaysia,Asia
mys,2013,75.32,Malaysia,Asia
mys,2014,75.08,Malaysia,Asia
mys,2015,75.04,Malaysia,Asia
mys,2016,75.03,Malaysia,Asia
mys,2017,75.07,Malaysia,Asia
mys,2018,75.2,Malaysia,Asia
mys,2019,75.04,Malaysia,Asia
mys,2020,75.12,Malaysia,Asia
mys,2021,75.33,Malaysia,Asia
mys,2022,75.47,Malaysia,Asia
mys,2023,75.6,Malaysia,Asia
mys,2024,75.74,Malaysia,Asia
mys,2025,75.88,Malaysia,Asia
mys,2026,76.02,Malaysia,Asia
mys,2027,76.16,Malaysia,Asia
mys,2028,76.3,Malaysia,Asia
mys,2029,76.44,Malaysia,Asia
mys,2030,76.57,Malaysia,Asia
mys,2031,76.71,Malaysia,Asia
mys,2032,76.85,Malaysia,Asia
mys,2033,76.99,Malaysia,Asia
mys,2034,77.13,Malaysia,Asia
mys,2035,77.27,Malaysia,Asia
mys,2036,77.4,Malaysia,Asia
mys,2037,77.54,Malaysia,Asia
mys,2038,77.68,Malaysia,Asia
mys,2039,77.82,Malaysia,Asia
mys,2040,77.96,Malaysia,Asia
mys,2041,78.1,Malaysia,Asia
mys,2042,78.24,Malaysia,Asia
mys,2043,78.38,Malaysia,Asia
mys,2044,78.52,Malaysia,Asia
mys,2045,78.66,Malaysia,Asia
mys,2046,78.8,Malaysia,Asia
mys,2047,78.94,Malaysia,Asia
mys,2048,79.08,Malaysia,Asia
mys,2049,79.22,Malaysia,Asia
mys,2050,79.35,Malaysia,Asia
mys,2051,79.49,Malaysia,Asia
mys,2052,79.63,Malaysia,Asia
mys,2053,79.77,Malaysia,Asia
mys,2054,79.91,Malaysia,Asia
mys,2055,80.05,Malaysia,Asia
mys,2056,80.19,Malaysia,Asia
mys,2057,80.33,Malaysia,Asia
mys,2058,80.48,Malaysia,Asia
mys,2059,80.62,Malaysia,Asia
mys,2060,80.76,Malaysia,Asia
mys,2061,80.9,Malaysia,Asia
mys,2062,81.04,Malaysia,Asia
mys,2063,81.18,Malaysia,Asia
mys,2064,81.31,Malaysia,Asia
mys,2065,81.45,Malaysia,Asia
mys,2066,81.58,Malaysia,Asia
mys,2067,81.72,Malaysia,Asia
mys,2068,81.85,Malaysia,Asia
mys,2069,81.98,Malaysia,Asia
mys,2070,82.11,Malaysia,Asia
mys,2071,82.24,Malaysia,Asia
mys,2072,82.37,Malaysia,Asia
mys,2073,82.49,Malaysia,Asia
mys,2074,82.61,Malaysia,Asia
mys,2075,82.73,Malaysia,Asia
mys,2076,82.86,Malaysia,Asia
mys,2077,82.97,Malaysia,Asia
mys,2078,83.09,Malaysia,Asia
mys,2079,83.2,Malaysia,Asia
mys,2080,83.32,Malaysia,Asia
mys,2081,83.43,Malaysia,Asia
mys,2082,83.54,Malaysia,Asia
mys,2083,83.65,Malaysia,Asia
mys,2084,83.76,Malaysia,Asia
mys,2085,83.87,Malaysia,Asia
mys,2086,83.98,Malaysia,Asia
mys,2087,84.08,Malaysia,Asia
mys,2088,84.19,Malaysia,Asia
mys,2089,84.3,Malaysia,Asia
mys,2090,84.4,Malaysia,Asia
mys,2091,84.5,Malaysia,Asia
mys,2092,84.61,Malaysia,Asia
mys,2093,84.71,Malaysia,Asia
mys,2094,84.81,Malaysia,Asia
mys,2095,84.91,Malaysia,Asia
mys,2096,85.01,Malaysia,Asia
mys,2097,85.11,Malaysia,Asia
mys,2098,85.21,Malaysia,Asia
mys,2099,85.3,Malaysia,Asia
mys,2100,85.4,Malaysia,Asia
mdv,1800,32.65,Maldives,Asia
mdv,1801,32.65,Maldives,Asia
mdv,1802,32.65,Maldives,Asia
mdv,1803,32.65,Maldives,Asia
mdv,1804,32.65,Maldives,Asia
mdv,1805,32.65,Maldives,Asia
mdv,1806,32.65,Maldives,Asia
mdv,1807,32.65,Maldives,Asia
mdv,1808,32.65,Maldives,Asia
mdv,1809,32.65,Maldives,Asia
mdv,1810,32.65,Maldives,Asia
mdv,1811,32.65,Maldives,Asia
mdv,1812,32.65,Maldives,Asia
mdv,1813,32.65,Maldives,Asia
mdv,1814,32.65,Maldives,Asia
mdv,1815,32.65,Maldives,Asia
mdv,1816,32.65,Maldives,Asia
mdv,1817,32.65,Maldives,Asia
mdv,1818,32.65,Maldives,Asia
mdv,1819,32.65,Maldives,Asia
mdv,1820,32.65,Maldives,Asia
mdv,1821,32.65,Maldives,Asia
mdv,1822,32.65,Maldives,Asia
mdv,1823,32.65,Maldives,Asia
mdv,1824,32.65,Maldives,Asia
mdv,1825,32.65,Maldives,Asia
mdv,1826,32.65,Maldives,Asia
mdv,1827,32.65,Maldives,Asia
mdv,1828,32.65,Maldives,Asia
mdv,1829,32.65,Maldives,Asia
mdv,1830,32.65,Maldives,Asia
mdv,1831,32.65,Maldives,Asia
mdv,1832,32.65,Maldives,Asia
mdv,1833,32.65,Maldives,Asia
mdv,1834,32.65,Maldives,Asia
mdv,1835,32.65,Maldives,Asia
mdv,1836,32.65,Maldives,Asia
mdv,1837,32.65,Maldives,Asia
mdv,1838,32.65,Maldives,Asia
mdv,1839,32.65,Maldives,Asia
mdv,1840,32.65,Maldives,Asia
mdv,1841,32.65,Maldives,Asia
mdv,1842,32.65,Maldives,Asia
mdv,1843,32.65,Maldives,Asia
mdv,1844,32.65,Maldives,Asia
mdv,1845,32.65,Maldives,Asia
mdv,1846,32.65,Maldives,Asia
mdv,1847,32.65,Maldives,Asia
mdv,1848,32.65,Maldives,Asia
mdv,1849,32.65,Maldives,Asia
mdv,1850,32.65,Maldives,Asia
mdv,1851,32.65,Maldives,Asia
mdv,1852,32.65,Maldives,Asia
mdv,1853,32.65,Maldives,Asia
mdv,1854,32.65,Maldives,Asia
mdv,1855,32.65,Maldives,Asia
mdv,1856,32.65,Maldives,Asia
mdv,1857,32.65,Maldives,Asia
mdv,1858,32.65,Maldives,Asia
mdv,1859,32.65,Maldives,Asia
mdv,1860,32.65,Maldives,Asia
mdv,1861,32.65,Maldives,Asia
mdv,1862,32.65,Maldives,Asia
mdv,1863,32.65,Maldives,Asia
mdv,1864,32.65,Maldives,Asia
mdv,1865,32.65,Maldives,Asia
mdv,1866,32.65,Maldives,Asia
mdv,1867,32.65,Maldives,Asia
mdv,1868,32.65,Maldives,Asia
mdv,1869,32.65,Maldives,Asia
mdv,1870,32.65,Maldives,Asia
mdv,1871,32.62,Maldives,Asia
mdv,1872,32.6,Maldives,Asia
mdv,1873,32.57,Maldives,Asia
mdv,1874,32.55,Maldives,Asia
mdv,1875,32.52,Maldives,Asia
mdv,1876,32.5,Maldives,Asia
mdv,1877,32.47,Maldives,Asia
mdv,1878,32.45,Maldives,Asia
mdv,1879,32.42,Maldives,Asia
mdv,1880,32.4,Maldives,Asia
mdv,1881,32.37,Maldives,Asia
mdv,1882,32.35,Maldives,Asia
mdv,1883,32.32,Maldives,Asia
mdv,1884,32.3,Maldives,Asia
mdv,1885,32.27,Maldives,Asia
mdv,1886,32.25,Maldives,Asia
mdv,1887,32.22,Maldives,Asia
mdv,1888,32.2,Maldives,Asia
mdv,1889,32.17,Maldives,Asia
mdv,1890,32.15,Maldives,Asia
mdv,1891,32.12,Maldives,Asia
mdv,1892,32.1,Maldives,Asia
mdv,1893,32.07,Maldives,Asia
mdv,1894,32.05,Maldives,Asia
mdv,1895,32.02,Maldives,Asia
mdv,1896,32,Maldives,Asia
mdv,1897,31.97,Maldives,Asia
mdv,1898,31.95,Maldives,Asia
mdv,1899,31.92,Maldives,Asia
mdv,1900,31.9,Maldives,Asia
mdv,1901,31.87,Maldives,Asia
mdv,1902,31.85,Maldives,Asia
mdv,1903,31.82,Maldives,Asia
mdv,1904,31.8,Maldives,Asia
mdv,1905,31.77,Maldives,Asia
mdv,1906,31.75,Maldives,Asia
mdv,1907,31.72,Maldives,Asia
mdv,1908,31.7,Maldives,Asia
mdv,1909,31.67,Maldives,Asia
mdv,1910,31.65,Maldives,Asia
mdv,1911,31.62,Maldives,Asia
mdv,1912,31.6,Maldives,Asia
mdv,1913,31.57,Maldives,Asia
mdv,1914,31.55,Maldives,Asia
mdv,1915,31.52,Maldives,Asia
mdv,1916,31.5,Maldives,Asia
mdv,1917,31.47,Maldives,Asia
mdv,1918,10.21,Maldives,Asia
mdv,1919,31.42,Maldives,Asia
mdv,1920,31.4,Maldives,Asia
mdv,1921,31.37,Maldives,Asia
mdv,1922,31.35,Maldives,Asia
mdv,1923,31.32,Maldives,Asia
mdv,1924,31.3,Maldives,Asia
mdv,1925,31.27,Maldives,Asia
mdv,1926,31.25,Maldives,Asia
mdv,1927,31.22,Maldives,Asia
mdv,1928,31.2,Maldives,Asia
mdv,1929,31.17,Maldives,Asia
mdv,1930,31.15,Maldives,Asia
mdv,1931,31.12,Maldives,Asia
mdv,1932,31.1,Maldives,Asia
mdv,1933,31.07,Maldives,Asia
mdv,1934,31.05,Maldives,Asia
mdv,1935,31.02,Maldives,Asia
mdv,1936,31,Maldives,Asia
mdv,1937,30.97,Maldives,Asia
mdv,1938,30.95,Maldives,Asia
mdv,1939,30.92,Maldives,Asia
mdv,1940,30.9,Maldives,Asia
mdv,1941,30.87,Maldives,Asia
mdv,1942,30.85,Maldives,Asia
mdv,1943,30.82,Maldives,Asia
mdv,1944,30.8,Maldives,Asia
mdv,1945,30.77,Maldives,Asia
mdv,1946,30.75,Maldives,Asia
mdv,1947,30.72,Maldives,Asia
mdv,1948,30.7,Maldives,Asia
mdv,1949,30.67,Maldives,Asia
mdv,1950,30.65,Maldives,Asia
mdv,1951,31.3,Maldives,Asia
mdv,1952,31.99,Maldives,Asia
mdv,1953,32.65,Maldives,Asia
mdv,1954,33.33,Maldives,Asia
mdv,1955,34.03,Maldives,Asia
mdv,1956,34.74,Maldives,Asia
mdv,1957,35.45,Maldives,Asia
mdv,1958,36.15,Maldives,Asia
mdv,1959,36.69,Maldives,Asia
mdv,1960,37.84,Maldives,Asia
mdv,1961,38.78,Maldives,Asia
mdv,1962,39.65,Maldives,Asia
mdv,1963,40.35,Maldives,Asia
mdv,1964,41.56,Maldives,Asia
mdv,1965,42.56,Maldives,Asia
mdv,1966,43.41,Maldives,Asia
mdv,1967,44.56,Maldives,Asia
mdv,1968,45.62,Maldives,Asia
mdv,1969,46.42,Maldives,Asia
mdv,1970,47.53,Maldives,Asia
mdv,1971,48.47,Maldives,Asia
mdv,1972,49.44,Maldives,Asia
mdv,1973,50.08,Maldives,Asia
mdv,1974,50.84,Maldives,Asia
mdv,1975,51.69,Maldives,Asia
mdv,1976,52.33,Maldives,Asia
mdv,1977,52.66,Maldives,Asia
mdv,1978,51.48,Maldives,Asia
mdv,1979,54.64,Maldives,Asia
mdv,1980,55.95,Maldives,Asia
mdv,1981,57.02,Maldives,Asia
mdv,1982,58.01,Maldives,Asia
mdv,1983,59.19,Maldives,Asia
mdv,1984,60.44,Maldives,Asia
mdv,1985,61.65,Maldives,Asia
mdv,1986,62.61,Maldives,Asia
mdv,1987,63.44,Maldives,Asia
mdv,1988,64.18,Maldives,Asia
mdv,1989,64.92,Maldives,Asia
mdv,1990,65.48,Maldives,Asia
mdv,1991,66.01,Maldives,Asia
mdv,1992,66.58,Maldives,Asia
mdv,1993,67.3,Maldives,Asia
mdv,1994,68.14,Maldives,Asia
mdv,1995,68.72,Maldives,Asia
mdv,1996,69.19,Maldives,Asia
mdv,1997,69.84,Maldives,Asia
mdv,1998,70.84,Maldives,Asia
mdv,1999,71.59,Maldives,Asia
mdv,2000,72.23,Maldives,Asia
mdv,2001,72.75,Maldives,Asia
mdv,2002,73.72,Maldives,Asia
mdv,2003,74.44,Maldives,Asia
mdv,2004,73.86,Maldives,Asia
mdv,2005,75.77,Maldives,Asia
mdv,2006,76.31,Maldives,Asia
mdv,2007,76.81,Maldives,Asia
mdv,2008,77.2,Maldives,Asia
mdv,2009,77.49,Maldives,Asia
mdv,2010,77.77,Maldives,Asia
mdv,2011,78.04,Maldives,Asia
mdv,2012,78.3,Maldives,Asia
mdv,2013,78.51,Maldives,Asia
mdv,2014,78.69,Maldives,Asia
mdv,2015,78.87,Maldives,Asia
mdv,2016,78.89,Maldives,Asia
mdv,2017,78.94,Maldives,Asia
mdv,2018,79.01,Maldives,Asia
mdv,2019,79.07,Maldives,Asia
mdv,2020,79.11,Maldives,Asia
mdv,2021,79.64,Maldives,Asia
mdv,2022,79.91,Maldives,Asia
mdv,2023,80.18,Maldives,Asia
mdv,2024,80.44,Maldives,Asia
mdv,2025,80.7,Maldives,Asia
mdv,2026,80.95,Maldives,Asia
mdv,2027,81.19,Maldives,Asia
mdv,2028,81.43,Maldives,Asia
mdv,2029,81.67,Maldives,Asia
mdv,2030,81.89,Maldives,Asia
mdv,2031,82.12,Maldives,Asia
mdv,2032,82.33,Maldives,Asia
mdv,2033,82.55,Maldives,Asia
mdv,2034,82.76,Maldives,Asia
mdv,2035,82.96,Maldives,Asia
mdv,2036,83.16,Maldives,Asia
mdv,2037,83.36,Maldives,Asia
mdv,2038,83.55,Maldives,Asia
mdv,2039,83.74,Maldives,Asia
mdv,2040,83.92,Maldives,Asia
mdv,2041,84.1,Maldives,Asia
mdv,2042,84.27,Maldives,Asia
mdv,2043,84.44,Maldives,Asia
mdv,2044,84.6,Maldives,Asia
mdv,2045,84.75,Maldives,Asia
mdv,2046,84.9,Maldives,Asia
mdv,2047,85.05,Maldives,Asia
mdv,2048,85.19,Maldives,Asia
mdv,2049,85.33,Maldives,Asia
mdv,2050,85.46,Maldives,Asia
mdv,2051,85.6,Maldives,Asia
mdv,2052,85.73,Maldives,Asia
mdv,2053,85.85,Maldives,Asia
mdv,2054,85.98,Maldives,Asia
mdv,2055,86.1,Maldives,Asia
mdv,2056,86.22,Maldives,Asia
mdv,2057,86.34,Maldives,Asia
mdv,2058,86.46,Maldives,Asia
mdv,2059,86.59,Maldives,Asia
mdv,2060,86.71,Maldives,Asia
mdv,2061,86.83,Maldives,Asia
mdv,2062,86.95,Maldives,Asia
mdv,2063,87.07,Maldives,Asia
mdv,2064,87.19,Maldives,Asia
mdv,2065,87.31,Maldives,Asia
mdv,2066,87.43,Maldives,Asia
mdv,2067,87.54,Maldives,Asia
mdv,2068,87.66,Maldives,Asia
mdv,2069,87.78,Maldives,Asia
mdv,2070,87.89,Maldives,Asia
mdv,2071,88.01,Maldives,Asia
mdv,2072,88.12,Maldives,Asia
mdv,2073,88.24,Maldives,Asia
mdv,2074,88.36,Maldives,Asia
mdv,2075,88.47,Maldives,Asia
mdv,2076,88.59,Maldives,Asia
mdv,2077,88.71,Maldives,Asia
mdv,2078,88.82,Maldives,Asia
mdv,2079,88.94,Maldives,Asia
mdv,2080,89.05,Maldives,Asia
mdv,2081,89.17,Maldives,Asia
mdv,2082,89.28,Maldives,Asia
mdv,2083,89.4,Maldives,Asia
mdv,2084,89.51,Maldives,Asia
mdv,2085,89.63,Maldives,Asia
mdv,2086,89.74,Maldives,Asia
mdv,2087,89.86,Maldives,Asia
mdv,2088,89.97,Maldives,Asia
mdv,2089,90.09,Maldives,Asia
mdv,2090,90.2,Maldives,Asia
mdv,2091,90.32,Maldives,Asia
mdv,2092,90.43,Maldives,Asia
mdv,2093,90.54,Maldives,Asia
mdv,2094,90.65,Maldives,Asia
mdv,2095,90.77,Maldives,Asia
mdv,2096,90.88,Maldives,Asia
mdv,2097,90.98,Maldives,Asia
mdv,2098,91.09,Maldives,Asia
mdv,2099,91.2,Maldives,Asia
mdv,2100,91.3,Maldives,Asia
mli,1800,26.41,Mali,Africa
mli,1801,26.41,Mali,Africa
mli,1802,26.41,Mali,Africa
mli,1803,26.41,Mali,Africa
mli,1804,26.41,Mali,Africa
mli,1805,26.41,Mali,Africa
mli,1806,26.41,Mali,Africa
mli,1807,26.41,Mali,Africa
mli,1808,26.41,Mali,Africa
mli,1809,26.41,Mali,Africa
mli,1810,26.41,Mali,Africa
mli,1811,26.41,Mali,Africa
mli,1812,26.41,Mali,Africa
mli,1813,26.41,Mali,Africa
mli,1814,26.41,Mali,Africa
mli,1815,26.41,Mali,Africa
mli,1816,26.41,Mali,Africa
mli,1817,26.41,Mali,Africa
mli,1818,26.41,Mali,Africa
mli,1819,26.41,Mali,Africa
mli,1820,26.41,Mali,Africa
mli,1821,26.41,Mali,Africa
mli,1822,26.41,Mali,Africa
mli,1823,26.41,Mali,Africa
mli,1824,26.41,Mali,Africa
mli,1825,26.41,Mali,Africa
mli,1826,26.41,Mali,Africa
mli,1827,26.41,Mali,Africa
mli,1828,26.41,Mali,Africa
mli,1829,26.41,Mali,Africa
mli,1830,26.41,Mali,Africa
mli,1831,26.41,Mali,Africa
mli,1832,26.41,Mali,Africa
mli,1833,26.41,Mali,Africa
mli,1834,26.41,Mali,Africa
mli,1835,26.41,Mali,Africa
mli,1836,26.41,Mali,Africa
mli,1837,26.41,Mali,Africa
mli,1838,26.41,Mali,Africa
mli,1839,26.41,Mali,Africa
mli,1840,26.41,Mali,Africa
mli,1841,26.41,Mali,Africa
mli,1842,26.41,Mali,Africa
mli,1843,26.41,Mali,Africa
mli,1844,26.41,Mali,Africa
mli,1845,26.41,Mali,Africa
mli,1846,26.41,Mali,Africa
mli,1847,26.41,Mali,Africa
mli,1848,26.41,Mali,Africa
mli,1849,26.41,Mali,Africa
mli,1850,26.41,Mali,Africa
mli,1851,26.41,Mali,Africa
mli,1852,26.41,Mali,Africa
mli,1853,26.41,Mali,Africa
mli,1854,26.41,Mali,Africa
mli,1855,26.41,Mali,Africa
mli,1856,26.41,Mali,Africa
mli,1857,26.41,Mali,Africa
mli,1858,26.41,Mali,Africa
mli,1859,26.41,Mali,Africa
mli,1860,26.41,Mali,Africa
mli,1861,26.41,Mali,Africa
mli,1862,26.41,Mali,Africa
mli,1863,26.41,Mali,Africa
mli,1864,26.41,Mali,Africa
mli,1865,26.41,Mali,Africa
mli,1866,26.41,Mali,Africa
mli,1867,26.41,Mali,Africa
mli,1868,26.41,Mali,Africa
mli,1869,26.41,Mali,Africa
mli,1870,26.41,Mali,Africa
mli,1871,26.52,Mali,Africa
mli,1872,26.63,Mali,Africa
mli,1873,26.74,Mali,Africa
mli,1874,26.85,Mali,Africa
mli,1875,26.96,Mali,Africa
mli,1876,27.07,Mali,Africa
mli,1877,27.18,Mali,Africa
mli,1878,27.29,Mali,Africa
mli,1879,27.4,Mali,Africa
mli,1880,27.51,Mali,Africa
mli,1881,27.62,Mali,Africa
mli,1882,27.73,Mali,Africa
mli,1883,27.84,Mali,Africa
mli,1884,27.95,Mali,Africa
mli,1885,28.06,Mali,Africa
mli,1886,28.17,Mali,Africa
mli,1887,28.28,Mali,Africa
mli,1888,28.38,Mali,Africa
mli,1889,28.49,Mali,Africa
mli,1890,28.6,Mali,Africa
mli,1891,28.71,Mali,Africa
mli,1892,28.82,Mali,Africa
mli,1893,28.93,Mali,Africa
mli,1894,29.04,Mali,Africa
mli,1895,29.15,Mali,Africa
mli,1896,29.26,Mali,Africa
mli,1897,29.37,Mali,Africa
mli,1898,29.48,Mali,Africa
mli,1899,29.59,Mali,Africa
mli,1900,29.7,Mali,Africa
mli,1901,29.81,Mali,Africa
mli,1902,29.92,Mali,Africa
mli,1903,30.03,Mali,Africa
mli,1904,30.14,Mali,Africa
mli,1905,30.25,Mali,Africa
mli,1906,30.36,Mali,Africa
mli,1907,30.47,Mali,Africa
mli,1908,30.58,Mali,Africa
mli,1909,30.69,Mali,Africa
mli,1910,30.8,Mali,Africa
mli,1911,30.91,Mali,Africa
mli,1912,31.02,Mali,Africa
mli,1913,31.13,Mali,Africa
mli,1914,31.24,Mali,Africa
mli,1915,31.35,Mali,Africa
mli,1916,31.46,Mali,Africa
mli,1917,31.57,Mali,Africa
mli,1918,12.25,Mali,Africa
mli,1919,31.79,Mali,Africa
mli,1920,31.9,Mali,Africa
mli,1921,32.01,Mali,Africa
mli,1922,32.12,Mali,Africa
mli,1923,32.23,Mali,Africa
mli,1924,32.34,Mali,Africa
mli,1925,32.45,Mali,Africa
mli,1926,32.56,Mali,Africa
mli,1927,32.67,Mali,Africa
mli,1928,32.78,Mali,Africa
mli,1929,32.89,Mali,Africa
mli,1930,33,Mali,Africa
mli,1931,33.11,Mali,Africa
mli,1932,33.22,Mali,Africa
mli,1933,33.33,Mali,Africa
mli,1934,33.44,Mali,Africa
mli,1935,33.55,Mali,Africa
mli,1936,33.66,Mali,Africa
mli,1937,33.77,Mali,Africa
mli,1938,33.88,Mali,Africa
mli,1939,33.99,Mali,Africa
mli,1940,34.1,Mali,Africa
mli,1941,34.21,Mali,Africa
mli,1942,34.32,Mali,Africa
mli,1943,34.43,Mali,Africa
mli,1944,34.54,Mali,Africa
mli,1945,34.65,Mali,Africa
mli,1946,34.76,Mali,Africa
mli,1947,34.86,Mali,Africa
mli,1948,34.97,Mali,Africa
mli,1949,35.08,Mali,Africa
mli,1950,35.19,Mali,Africa
mli,1951,35.37,Mali,Africa
mli,1952,35.61,Mali,Africa
mli,1953,35.92,Mali,Africa
mli,1954,36.19,Mali,Africa
mli,1955,36.43,Mali,Africa
mli,1956,36.68,Mali,Africa
mli,1957,36.92,Mali,Africa
mli,1958,37.15,Mali,Africa
mli,1959,37.41,Mali,Africa
mli,1960,37.66,Mali,Africa
mli,1961,37.87,Mali,Africa
mli,1962,38.08,Mali,Africa
mli,1963,38.31,Mali,Africa
mli,1964,38.43,Mali,Africa
mli,1965,38.65,Mali,Africa
mli,1966,38.94,Mali,Africa
mli,1967,39.2,Mali,Africa
mli,1968,39.48,Mali,Africa
mli,1969,39.72,Mali,Africa
mli,1970,40.21,Mali,Africa
mli,1971,40.47,Mali,Africa
mli,1972,41.12,Mali,Africa
mli,1973,41.54,Mali,Africa
mli,1974,41.92,Mali,Africa
mli,1975,42.42,Mali,Africa
mli,1976,43.05,Mali,Africa
mli,1977,43.74,Mali,Africa
mli,1978,44.38,Mali,Africa
mli,1979,45.15,Mali,Africa
mli,1980,45.75,Mali,Africa
mli,1981,46.15,Mali,Africa
mli,1982,46.78,Mali,Africa
mli,1983,47.36,Mali,Africa
mli,1984,47.73,Mali,Africa
mli,1985,48.26,Mali,Africa
mli,1986,49.01,Mali,Africa
mli,1987,49.35,Mali,Africa
mli,1988,49.7,Mali,Africa
mli,1989,50.02,Mali,Africa
mli,1990,50.19,Mali,Africa
mli,1991,50.65,Mali,Africa
mli,1992,50.96,Mali,Africa
mli,1993,51.3,Mali,Africa
mli,1994,51.36,Mali,Africa
mli,1995,51.66,Mali,Africa
mli,1996,51.89,Mali,Africa
mli,1997,51.15,Mali,Africa
mli,1998,50.99,Mali,Africa
mli,1999,52.93,Mali,Africa
mli,2000,53.28,Mali,Africa
mli,2001,53.82,Mali,Africa
mli,2002,54.28,Mali,Africa
mli,2003,54.91,Mali,Africa
mli,2004,55.65,Mali,Africa
mli,2005,56.16,Mali,Africa
mli,2006,56.6,Mali,Africa
mli,2007,57.11,Mali,Africa
mli,2008,57.57,Mali,Africa
mli,2009,58,Mali,Africa
mli,2010,58.44,Mali,Africa
mli,2011,58.9,Mali,Africa
mli,2012,59.15,Mali,Africa
mli,2013,59.16,Mali,Africa
mli,2014,59.53,Mali,Africa
mli,2015,59.88,Mali,Africa
mli,2016,60.4,Mali,Africa
mli,2017,60.84,Mali,Africa
mli,2018,61.23,Mali,Africa
mli,2019,61.83,Mali,Africa
mli,2020,61.97,Mali,Africa
mli,2021,62.6,Mali,Africa
mli,2022,62.96,Mali,Africa
mli,2023,63.31,Mali,Africa
mli,2024,63.65,Mali,Africa
mli,2025,63.98,Mali,Africa
mli,2026,64.31,Mali,Africa
mli,2027,64.62,Mali,Africa
mli,2028,64.92,Mali,Africa
mli,2029,65.21,Mali,Africa
mli,2030,65.49,Mali,Africa
mli,2031,65.76,Mali,Africa
mli,2032,66.02,Mali,Africa
mli,2033,66.28,Mali,Africa
mli,2034,66.52,Mali,Africa
mli,2035,66.76,Mali,Africa
mli,2036,66.99,Mali,Africa
mli,2037,67.21,Mali,Africa
mli,2038,67.42,Mali,Africa
mli,2039,67.63,Mali,Africa
mli,2040,67.83,Mali,Africa
mli,2041,68.02,Mali,Africa
mli,2042,68.2,Mali,Africa
mli,2043,68.38,Mali,Africa
mli,2044,68.56,Mali,Africa
mli,2045,68.73,Mali,Africa
mli,2046,68.9,Mali,Africa
mli,2047,69.06,Mali,Africa
mli,2048,69.22,Mali,Africa
mli,2049,69.38,Mali,Africa
mli,2050,69.54,Mali,Africa
mli,2051,69.69,Mali,Africa
mli,2052,69.84,Mali,Africa
mli,2053,69.98,Mali,Africa
mli,2054,70.12,Mali,Africa
mli,2055,70.26,Mali,Africa
mli,2056,70.39,Mali,Africa
mli,2057,70.52,Mali,Africa
mli,2058,70.65,Mali,Africa
mli,2059,70.78,Mali,Africa
mli,2060,70.91,Mali,Africa
mli,2061,71.04,Mali,Africa
mli,2062,71.16,Mali,Africa
mli,2063,71.29,Mali,Africa
mli,2064,71.41,Mali,Africa
mli,2065,71.53,Mali,Africa
mli,2066,71.65,Mali,Africa
mli,2067,71.77,Mali,Africa
mli,2068,71.88,Mali,Africa
mli,2069,72,Mali,Africa
mli,2070,72.11,Mali,Africa
mli,2071,72.22,Mali,Africa
mli,2072,72.33,Mali,Africa
mli,2073,72.44,Mali,Africa
mli,2074,72.55,Mali,Africa
mli,2075,72.66,Mali,Africa
mli,2076,72.77,Mali,Africa
mli,2077,72.88,Mali,Africa
mli,2078,72.99,Mali,Africa
mli,2079,73.09,Mali,Africa
mli,2080,73.19,Mali,Africa
mli,2081,73.3,Mali,Africa
mli,2082,73.41,Mali,Africa
mli,2083,73.51,Mali,Africa
mli,2084,73.62,Mali,Africa
mli,2085,73.72,Mali,Africa
mli,2086,73.83,Mali,Africa
mli,2087,73.94,Mali,Africa
mli,2088,74.04,Mali,Africa
mli,2089,74.14,Mali,Africa
mli,2090,74.25,Mali,Africa
mli,2091,74.35,Mali,Africa
mli,2092,74.45,Mali,Africa
mli,2093,74.55,Mali,Africa
mli,2094,74.65,Mali,Africa
mli,2095,74.75,Mali,Africa
mli,2096,74.86,Mali,Africa
mli,2097,74.96,Mali,Africa
mli,2098,75.06,Mali,Africa
mli,2099,75.17,Mali,Africa
mli,2100,75.27,Mali,Africa
mlt,1800,28.7,Malta,Europe
mlt,1801,28.7,Malta,Europe
mlt,1802,28.7,Malta,Europe
mlt,1803,28.7,Malta,Europe
mlt,1804,28.7,Malta,Europe
mlt,1805,28.7,Malta,Europe
mlt,1806,28.7,Malta,Europe
mlt,1807,28.7,Malta,Europe
mlt,1808,28.7,Malta,Europe
mlt,1809,28.7,Malta,Europe
mlt,1810,28.7,Malta,Europe
mlt,1811,28.7,Malta,Europe
mlt,1812,28.7,Malta,Europe
mlt,1813,28.7,Malta,Europe
mlt,1814,28.7,Malta,Europe
mlt,1815,28.7,Malta,Europe
mlt,1816,28.7,Malta,Europe
mlt,1817,28.7,Malta,Europe
mlt,1818,28.7,Malta,Europe
mlt,1819,28.7,Malta,Europe
mlt,1820,28.7,Malta,Europe
mlt,1821,28.7,Malta,Europe
mlt,1822,28.7,Malta,Europe
mlt,1823,28.7,Malta,Europe
mlt,1824,28.7,Malta,Europe
mlt,1825,28.7,Malta,Europe
mlt,1826,28.7,Malta,Europe
mlt,1827,28.7,Malta,Europe
mlt,1828,28.7,Malta,Europe
mlt,1829,28.7,Malta,Europe
mlt,1830,28.7,Malta,Europe
mlt,1831,28.7,Malta,Europe
mlt,1832,28.7,Malta,Europe
mlt,1833,28.7,Malta,Europe
mlt,1834,28.7,Malta,Europe
mlt,1835,28.7,Malta,Europe
mlt,1836,28.7,Malta,Europe
mlt,1837,28.7,Malta,Europe
mlt,1838,28.7,Malta,Europe
mlt,1839,28.7,Malta,Europe
mlt,1840,28.7,Malta,Europe
mlt,1841,28.7,Malta,Europe
mlt,1842,28.7,Malta,Europe
mlt,1843,28.7,Malta,Europe
mlt,1844,28.7,Malta,Europe
mlt,1845,28.7,Malta,Europe
mlt,1846,28.7,Malta,Europe
mlt,1847,28.7,Malta,Europe
mlt,1848,28.7,Malta,Europe
mlt,1849,28.7,Malta,Europe
mlt,1850,28.7,Malta,Europe
mlt,1851,28.7,Malta,Europe
mlt,1852,28.7,Malta,Europe
mlt,1853,28.7,Malta,Europe
mlt,1854,28.7,Malta,Europe
mlt,1855,28.7,Malta,Europe
mlt,1856,28.7,Malta,Europe
mlt,1857,28.7,Malta,Europe
mlt,1858,28.7,Malta,Europe
mlt,1859,28.7,Malta,Europe
mlt,1860,28.7,Malta,Europe
mlt,1861,28.7,Malta,Europe
mlt,1862,28.7,Malta,Europe
mlt,1863,28.7,Malta,Europe
mlt,1864,28.7,Malta,Europe
mlt,1865,28.7,Malta,Europe
mlt,1866,28.7,Malta,Europe
mlt,1867,28.7,Malta,Europe
mlt,1868,28.7,Malta,Europe
mlt,1869,28.7,Malta,Europe
mlt,1870,28.7,Malta,Europe
mlt,1871,28.69,Malta,Europe
mlt,1872,28.67,Malta,Europe
mlt,1873,29.13,Malta,Europe
mlt,1874,29.59,Malta,Europe
mlt,1875,30.05,Malta,Europe
mlt,1876,30.51,Malta,Europe
mlt,1877,30.97,Malta,Europe
mlt,1878,31.42,Malta,Europe
mlt,1879,31.88,Malta,Europe
mlt,1880,32.34,Malta,Europe
mlt,1881,32.79,Malta,Europe
mlt,1882,33.25,Malta,Europe
mlt,1883,33.7,Malta,Europe
mlt,1884,34.16,Malta,Europe
mlt,1885,34.61,Malta,Europe
mlt,1886,35.07,Malta,Europe
mlt,1887,35.52,Malta,Europe
mlt,1888,35.97,Malta,Europe
mlt,1889,36.42,Malta,Europe
mlt,1890,36.88,Malta,Europe
mlt,1891,37.33,Malta,Europe
mlt,1892,37.78,Malta,Europe
mlt,1893,38.23,Malta,Europe
mlt,1894,38.68,Malta,Europe
mlt,1895,39.13,Malta,Europe
mlt,1896,39.58,Malta,Europe
mlt,1897,40.03,Malta,Europe
mlt,1898,40.48,Malta,Europe
mlt,1899,40.93,Malta,Europe
mlt,1900,41.37,Malta,Europe
mlt,1901,41.82,Malta,Europe
mlt,1902,42.27,Malta,Europe
mlt,1903,42.71,Malta,Europe
mlt,1904,43.16,Malta,Europe
mlt,1905,43.61,Malta,Europe
mlt,1906,44.05,Malta,Europe
mlt,1907,44.5,Malta,Europe
mlt,1908,44.94,Malta,Europe
mlt,1909,45.38,Malta,Europe
mlt,1910,45.83,Malta,Europe
mlt,1911,46.27,Malta,Europe
mlt,1912,46.71,Malta,Europe
mlt,1913,47.16,Malta,Europe
mlt,1914,47.6,Malta,Europe
mlt,1915,48.04,Malta,Europe
mlt,1916,48.48,Malta,Europe
mlt,1917,48.92,Malta,Europe
mlt,1918,46.13,Malta,Europe
mlt,1919,49.8,Malta,Europe
mlt,1920,50.24,Malta,Europe
mlt,1921,50.68,Malta,Europe
mlt,1922,51.12,Malta,Europe
mlt,1923,51.56,Malta,Europe
mlt,1924,51.99,Malta,Europe
mlt,1925,52.43,Malta,Europe
mlt,1926,52.87,Malta,Europe
mlt,1927,53.3,Malta,Europe
mlt,1928,53.74,Malta,Europe
mlt,1929,54.18,Malta,Europe
mlt,1930,54.61,Malta,Europe
mlt,1931,55.05,Malta,Europe
mlt,1932,55.48,Malta,Europe
mlt,1933,55.91,Malta,Europe
mlt,1934,56.35,Malta,Europe
mlt,1935,56.78,Malta,Europe
mlt,1936,56.88,Malta,Europe
mlt,1937,56.98,Malta,Europe
mlt,1938,57.08,Malta,Europe
mlt,1939,57.18,Malta,Europe
mlt,1940,55.7,Malta,Europe
mlt,1941,51.32,Malta,Europe
mlt,1942,54.2,Malta,Europe
mlt,1943,59.01,Malta,Europe
mlt,1944,60.43,Malta,Europe
mlt,1945,61.09,Malta,Europe
mlt,1946,61.52,Malta,Europe
mlt,1947,61.94,Malta,Europe
mlt,1948,62.37,Malta,Europe
mlt,1949,62.8,Malta,Europe
mlt,1950,63.23,Malta,Europe
mlt,1951,63.56,Malta,Europe
mlt,1952,64.8,Malta,Europe
mlt,1953,65.91,Malta,Europe
mlt,1954,66.58,Malta,Europe
mlt,1955,67.5,Malta,Europe
mlt,1956,68.06,Malta,Europe
mlt,1957,68.44,Malta,Europe
mlt,1958,68.88,Malta,Europe
mlt,1959,69.07,Malta,Europe
mlt,1960,69.08,Malta,Europe
mlt,1961,69.18,Malta,Europe
mlt,1962,69.31,Malta,Europe
mlt,1963,69.41,Malta,Europe
mlt,1964,69.56,Malta,Europe
mlt,1965,69.73,Malta,Europe
mlt,1966,69.96,Malta,Europe
mlt,1967,70.17,Malta,Europe
mlt,1968,70.42,Malta,Europe
mlt,1969,70.63,Malta,Europe
mlt,1970,70.93,Malta,Europe
mlt,1971,71.17,Malta,Europe
mlt,1972,71.41,Malta,Europe
mlt,1973,71.58,Malta,Europe
mlt,1974,71.78,Malta,Europe
mlt,1975,71.98,Malta,Europe
mlt,1976,72.19,Malta,Europe
mlt,1977,72.39,Malta,Europe
mlt,1978,72.36,Malta,Europe
mlt,1979,72.57,Malta,Europe
mlt,1980,72.74,Malta,Europe
mlt,1981,73.1,Malta,Europe
mlt,1982,73.39,Malta,Europe
mlt,1983,73.72,Malta,Europe
mlt,1984,74.26,Malta,Europe
mlt,1985,74.73,Malta,Europe
mlt,1986,75.29,Malta,Europe
mlt,1987,75.78,Malta,Europe
mlt,1988,76.08,Malta,Europe
mlt,1989,76.26,Malta,Europe
mlt,1990,76.59,Malta,Europe
mlt,1991,76.85,Malta,Europe
mlt,1992,77.04,Malta,Europe
mlt,1993,77.34,Malta,Europe
mlt,1994,77.69,Malta,Europe
mlt,1995,77.84,Malta,Europe
mlt,1996,78.02,Malta,Europe
mlt,1997,78.2,Malta,Europe
mlt,1998,78.49,Malta,Europe
mlt,1999,78.62,Malta,Europe
mlt,2000,78.83,Malta,Europe
mlt,2001,79.03,Malta,Europe
mlt,2002,79.13,Malta,Europe
mlt,2003,79.32,Malta,Europe
mlt,2004,79.62,Malta,Europe
mlt,2005,79.98,Malta,Europe
mlt,2006,80.26,Malta,Europe
mlt,2007,80.41,Malta,Europe
mlt,2008,80.58,Malta,Europe
mlt,2009,80.83,Malta,Europe
mlt,2010,81.08,Malta,Europe
mlt,2011,81.2,Malta,Europe
mlt,2012,81.36,Malta,Europe
mlt,2013,81.59,Malta,Europe
mlt,2014,81.82,Malta,Europe
mlt,2015,82.18,Malta,Europe
mlt,2016,82.25,Malta,Europe
mlt,2017,82.38,Malta,Europe
mlt,2018,82.5,Malta,Europe
mlt,2019,82.57,Malta,Europe
mlt,2020,82.27,Malta,Europe
mlt,2021,82.88,Malta,Europe
mlt,2022,83.03,Malta,Europe
mlt,2023,83.19,Malta,Europe
mlt,2024,83.34,Malta,Europe
mlt,2025,83.49,Malta,Europe
mlt,2026,83.64,Malta,Europe
mlt,2027,83.78,Malta,Europe
mlt,2028,83.93,Malta,Europe
mlt,2029,84.06,Malta,Europe
mlt,2030,84.2,Malta,Europe
mlt,2031,84.33,Malta,Europe
mlt,2032,84.46,Malta,Europe
mlt,2033,84.58,Malta,Europe
mlt,2034,84.71,Malta,Europe
mlt,2035,84.83,Malta,Europe
mlt,2036,84.95,Malta,Europe
mlt,2037,85.07,Malta,Europe
mlt,2038,85.19,Malta,Europe
mlt,2039,85.31,Malta,Europe
mlt,2040,85.43,Malta,Europe
mlt,2041,85.54,Malta,Europe
mlt,2042,85.66,Malta,Europe
mlt,2043,85.77,Malta,Europe
mlt,2044,85.89,Malta,Europe
mlt,2045,86,Malta,Europe
mlt,2046,86.12,Malta,Europe
mlt,2047,86.23,Malta,Europe
mlt,2048,86.34,Malta,Europe
mlt,2049,86.46,Malta,Europe
mlt,2050,86.57,Malta,Europe
mlt,2051,86.69,Malta,Europe
mlt,2052,86.8,Malta,Europe
mlt,2053,86.91,Malta,Europe
mlt,2054,87.02,Malta,Europe
mlt,2055,87.13,Malta,Europe
mlt,2056,87.25,Malta,Europe
mlt,2057,87.36,Malta,Europe
mlt,2058,87.47,Malta,Europe
mlt,2059,87.58,Malta,Europe
mlt,2060,87.69,Malta,Europe
mlt,2061,87.8,Malta,Europe
mlt,2062,87.91,Malta,Europe
mlt,2063,88.02,Malta,Europe
mlt,2064,88.13,Malta,Europe
mlt,2065,88.25,Malta,Europe
mlt,2066,88.36,Malta,Europe
mlt,2067,88.47,Malta,Europe
mlt,2068,88.58,Malta,Europe
mlt,2069,88.69,Malta,Europe
mlt,2070,88.8,Malta,Europe
mlt,2071,88.91,Malta,Europe
mlt,2072,89.02,Malta,Europe
mlt,2073,89.13,Malta,Europe
mlt,2074,89.24,Malta,Europe
mlt,2075,89.35,Malta,Europe
mlt,2076,89.46,Malta,Europe
mlt,2077,89.57,Malta,Europe
mlt,2078,89.68,Malta,Europe
mlt,2079,89.79,Malta,Europe
mlt,2080,89.9,Malta,Europe
mlt,2081,90.01,Malta,Europe
mlt,2082,90.12,Malta,Europe
mlt,2083,90.23,Malta,Europe
mlt,2084,90.34,Malta,Europe
mlt,2085,90.45,Malta,Europe
mlt,2086,90.56,Malta,Europe
mlt,2087,90.67,Malta,Europe
mlt,2088,90.78,Malta,Europe
mlt,2089,90.89,Malta,Europe
mlt,2090,91,Malta,Europe
mlt,2091,91.11,Malta,Europe
mlt,2092,91.22,Malta,Europe
mlt,2093,91.33,Malta,Europe
mlt,2094,91.44,Malta,Europe
mlt,2095,91.55,Malta,Europe
mlt,2096,91.66,Malta,Europe
mlt,2097,91.77,Malta,Europe
mlt,2098,91.88,Malta,Europe
mlt,2099,91.98,Malta,Europe
mlt,2100,92.09,Malta,Europe
mhl,1950,52.14,Marshall Islands,Oceania
mhl,1951,52.59,Marshall Islands,Oceania
mhl,1952,53.01,Marshall Islands,Oceania
mhl,1953,53.44,Marshall Islands,Oceania
mhl,1954,53.85,Marshall Islands,Oceania
mhl,1955,54.28,Marshall Islands,Oceania
mhl,1956,54.73,Marshall Islands,Oceania
mhl,1957,55.15,Marshall Islands,Oceania
mhl,1958,55.57,Marshall Islands,Oceania
mhl,1959,55.97,Marshall Islands,Oceania
mhl,1960,56.34,Marshall Islands,Oceania
mhl,1961,56.66,Marshall Islands,Oceania
mhl,1962,56.95,Marshall Islands,Oceania
mhl,1963,57.24,Marshall Islands,Oceania
mhl,1964,57.58,Marshall Islands,Oceania
mhl,1965,57.9,Marshall Islands,Oceania
mhl,1966,58.18,Marshall Islands,Oceania
mhl,1967,58.46,Marshall Islands,Oceania
mhl,1968,58.74,Marshall Islands,Oceania
mhl,1969,59.04,Marshall Islands,Oceania
mhl,1970,59.36,Marshall Islands,Oceania
mhl,1971,59.72,Marshall Islands,Oceania
mhl,1972,60.04,Marshall Islands,Oceania
mhl,1973,60.47,Marshall Islands,Oceania
mhl,1974,60.92,Marshall Islands,Oceania
mhl,1975,61.29,Marshall Islands,Oceania
mhl,1976,61.68,Marshall Islands,Oceania
mhl,1977,62.02,Marshall Islands,Oceania
mhl,1978,62.34,Marshall Islands,Oceania
mhl,1979,62.65,Marshall Islands,Oceania
mhl,1980,62.87,Marshall Islands,Oceania
mhl,1981,63.08,Marshall Islands,Oceania
mhl,1982,63.23,Marshall Islands,Oceania
mhl,1983,62.82,Marshall Islands,Oceania
mhl,1984,62.91,Marshall Islands,Oceania
mhl,1985,63.07,Marshall Islands,Oceania
mhl,1986,63.26,Marshall Islands,Oceania
mhl,1987,63.4,Marshall Islands,Oceania
mhl,1988,63.3,Marshall Islands,Oceania
mhl,1989,63.12,Marshall Islands,Oceania
mhl,1990,62.88,Marshall Islands,Oceania
mhl,1991,62.79,Marshall Islands,Oceania
mhl,1992,62.69,Marshall Islands,Oceania
mhl,1993,62.77,Marshall Islands,Oceania
mhl,1994,63.43,Marshall Islands,Oceania
mhl,1995,63.33,Marshall Islands,Oceania
mhl,1996,63.28,Marshall Islands,Oceania
mhl,1997,63.14,Marshall Islands,Oceania
mhl,1998,63.07,Marshall Islands,Oceania
mhl,1999,62.99,Marshall Islands,Oceania
mhl,2000,62.67,Marshall Islands,Oceania
mhl,2001,62.95,Marshall Islands,Oceania
mhl,2002,62.98,Marshall Islands,Oceania
mhl,2003,63.01,Marshall Islands,Oceania
mhl,2004,63.07,Marshall Islands,Oceania
mhl,2005,63.14,Marshall Islands,Oceania
mhl,2006,63.19,Marshall Islands,Oceania
mhl,2007,63.37,Marshall Islands,Oceania
mhl,2008,63.56,Marshall Islands,Oceania
mhl,2009,63.75,Marshall Islands,Oceania
mhl,2010,63.95,Marshall Islands,Oceania
mhl,2011,64.16,Marshall Islands,Oceania
mhl,2012,64.38,Marshall Islands,Oceania
mhl,2013,64.59,Marshall Islands,Oceania
mhl,2014,64.77,Marshall Islands,Oceania
mhl,2015,64.92,Marshall Islands,Oceania
mhl,2016,65.06,Marshall Islands,Oceania
mhl,2017,65.22,Marshall Islands,Oceania
mhl,2018,65.35,Marshall Islands,Oceania
mhl,2019,65.49,Marshall Islands,Oceania
mrt,1800,32,Mauritania,Africa
mrt,1801,32,Mauritania,Africa
mrt,1802,32,Mauritania,Africa
mrt,1803,32,Mauritania,Africa
mrt,1804,32,Mauritania,Africa
mrt,1805,32,Mauritania,Africa
mrt,1806,32,Mauritania,Africa
mrt,1807,32,Mauritania,Africa
mrt,1808,32,Mauritania,Africa
mrt,1809,32,Mauritania,Africa
mrt,1810,32,Mauritania,Africa
mrt,1811,32,Mauritania,Africa
mrt,1812,32,Mauritania,Africa
mrt,1813,32,Mauritania,Africa
mrt,1814,32,Mauritania,Africa
mrt,1815,32,Mauritania,Africa
mrt,1816,32,Mauritania,Africa
mrt,1817,32,Mauritania,Africa
mrt,1818,32,Mauritania,Africa
mrt,1819,32,Mauritania,Africa
mrt,1820,32,Mauritania,Africa
mrt,1821,32,Mauritania,Africa
mrt,1822,32,Mauritania,Africa
mrt,1823,32,Mauritania,Africa
mrt,1824,32,Mauritania,Africa
mrt,1825,32,Mauritania,Africa
mrt,1826,32,Mauritania,Africa
mrt,1827,32,Mauritania,Africa
mrt,1828,32,Mauritania,Africa
mrt,1829,32,Mauritania,Africa
mrt,1830,32,Mauritania,Africa
mrt,1831,32,Mauritania,Africa
mrt,1832,32,Mauritania,Africa
mrt,1833,32,Mauritania,Africa
mrt,1834,32,Mauritania,Africa
mrt,1835,32,Mauritania,Africa
mrt,1836,32,Mauritania,Africa
mrt,1837,32,Mauritania,Africa
mrt,1838,32,Mauritania,Africa
mrt,1839,32,Mauritania,Africa
mrt,1840,32,Mauritania,Africa
mrt,1841,32,Mauritania,Africa
mrt,1842,32,Mauritania,Africa
mrt,1843,32,Mauritania,Africa
mrt,1844,32,Mauritania,Africa
mrt,1845,32,Mauritania,Africa
mrt,1846,32,Mauritania,Africa
mrt,1847,32,Mauritania,Africa
mrt,1848,32,Mauritania,Africa
mrt,1849,32,Mauritania,Africa
mrt,1850,32,Mauritania,Africa
mrt,1851,32,Mauritania,Africa
mrt,1852,32,Mauritania,Africa
mrt,1853,32,Mauritania,Africa
mrt,1854,32,Mauritania,Africa
mrt,1855,32,Mauritania,Africa
mrt,1856,32,Mauritania,Africa
mrt,1857,32,Mauritania,Africa
mrt,1858,32,Mauritania,Africa
mrt,1859,32,Mauritania,Africa
mrt,1860,32,Mauritania,Africa
mrt,1861,32,Mauritania,Africa
mrt,1862,32,Mauritania,Africa
mrt,1863,32,Mauritania,Africa
mrt,1864,32,Mauritania,Africa
mrt,1865,32,Mauritania,Africa
mrt,1866,32,Mauritania,Africa
mrt,1867,32,Mauritania,Africa
mrt,1868,32,Mauritania,Africa
mrt,1869,32,Mauritania,Africa
mrt,1870,32,Mauritania,Africa
mrt,1871,32.11,Mauritania,Africa
mrt,1872,32.22,Mauritania,Africa
mrt,1873,32.33,Mauritania,Africa
mrt,1874,32.43,Mauritania,Africa
mrt,1875,32.54,Mauritania,Africa
mrt,1876,32.65,Mauritania,Africa
mrt,1877,32.76,Mauritania,Africa
mrt,1878,32.87,Mauritania,Africa
mrt,1879,32.98,Mauritania,Africa
mrt,1880,33.09,Mauritania,Africa
mrt,1881,33.19,Mauritania,Africa
mrt,1882,33.3,Mauritania,Africa
mrt,1883,33.41,Mauritania,Africa
mrt,1884,33.52,Mauritania,Africa
mrt,1885,33.63,Mauritania,Africa
mrt,1886,33.74,Mauritania,Africa
mrt,1887,33.84,Mauritania,Africa
mrt,1888,33.95,Mauritania,Africa
mrt,1889,34.06,Mauritania,Africa
mrt,1890,34.17,Mauritania,Africa
mrt,1891,34.28,Mauritania,Africa
mrt,1892,34.39,Mauritania,Africa
mrt,1893,34.5,Mauritania,Africa
mrt,1894,34.6,Mauritania,Africa
mrt,1895,34.71,Mauritania,Africa
mrt,1896,34.82,Mauritania,Africa
mrt,1897,34.93,Mauritania,Africa
mrt,1898,35.04,Mauritania,Africa
mrt,1899,35.15,Mauritania,Africa
mrt,1900,35.26,Mauritania,Africa
mrt,1901,35.36,Mauritania,Africa
mrt,1902,35.47,Mauritania,Africa
mrt,1903,35.58,Mauritania,Africa
mrt,1904,35.69,Mauritania,Africa
mrt,1905,35.8,Mauritania,Africa
mrt,1906,35.91,Mauritania,Africa
mrt,1907,36.02,Mauritania,Africa
mrt,1908,36.12,Mauritania,Africa
mrt,1909,36.23,Mauritania,Africa
mrt,1910,36.34,Mauritania,Africa
mrt,1911,36.45,Mauritania,Africa
mrt,1912,36.56,Mauritania,Africa
mrt,1913,36.67,Mauritania,Africa
mrt,1914,36.77,Mauritania,Africa
mrt,1915,36.88,Mauritania,Africa
mrt,1916,36.99,Mauritania,Africa
mrt,1917,37.1,Mauritania,Africa
mrt,1918,14.39,Mauritania,Africa
mrt,1919,37.32,Mauritania,Africa
mrt,1920,37.43,Mauritania,Africa
mrt,1921,37.53,Mauritania,Africa
mrt,1922,37.64,Mauritania,Africa
mrt,1923,37.75,Mauritania,Africa
mrt,1924,37.86,Mauritania,Africa
mrt,1925,37.97,Mauritania,Africa
mrt,1926,38.08,Mauritania,Africa
mrt,1927,38.19,Mauritania,Africa
mrt,1928,38.29,Mauritania,Africa
mrt,1929,38.4,Mauritania,Africa
mrt,1930,38.51,Mauritania,Africa
mrt,1931,38.62,Mauritania,Africa
mrt,1932,38.73,Mauritania,Africa
mrt,1933,38.84,Mauritania,Africa
mrt,1934,38.94,Mauritania,Africa
mrt,1935,39.05,Mauritania,Africa
mrt,1936,39.16,Mauritania,Africa
mrt,1937,39.27,Mauritania,Africa
mrt,1938,39.38,Mauritania,Africa
mrt,1939,39.49,Mauritania,Africa
mrt,1940,39.6,Mauritania,Africa
mrt,1941,39.7,Mauritania,Africa
mrt,1942,39.81,Mauritania,Africa
mrt,1943,39.92,Mauritania,Africa
mrt,1944,40.03,Mauritania,Africa
mrt,1945,40.14,Mauritania,Africa
mrt,1946,41.62,Mauritania,Africa
mrt,1947,43.1,Mauritania,Africa
mrt,1948,44.6,Mauritania,Africa
mrt,1949,46.1,Mauritania,Africa
mrt,1950,47.6,Mauritania,Africa
mrt,1951,47.94,Mauritania,Africa
mrt,1952,48.32,Mauritania,Africa
mrt,1953,48.72,Mauritania,Africa
mrt,1954,49.09,Mauritania,Africa
mrt,1955,49.45,Mauritania,Africa
mrt,1956,50.04,Mauritania,Africa
mrt,1957,49.82,Mauritania,Africa
mrt,1958,49.8,Mauritania,Africa
mrt,1959,50.3,Mauritania,Africa
mrt,1960,50.61,Mauritania,Africa
mrt,1961,50.96,Mauritania,Africa
mrt,1962,51.42,Mauritania,Africa
mrt,1963,51.69,Mauritania,Africa
mrt,1964,52.16,Mauritania,Africa
mrt,1965,52.8,Mauritania,Africa
mrt,1966,53.34,Mauritania,Africa
mrt,1967,53.8,Mauritania,Africa
mrt,1968,54.3,Mauritania,Africa
mrt,1969,54.68,Mauritania,Africa
mrt,1970,55.03,Mauritania,Africa
mrt,1971,55.17,Mauritania,Africa
mrt,1972,55.33,Mauritania,Africa
mrt,1973,55.4,Mauritania,Africa
mrt,1974,55.53,Mauritania,Africa
mrt,1975,54.92,Mauritania,Africa
mrt,1976,55.18,Mauritania,Africa
mrt,1977,55.45,Mauritania,Africa
mrt,1978,55.65,Mauritania,Africa
mrt,1979,56.59,Mauritania,Africa
mrt,1980,56.82,Mauritania,Africa
mrt,1981,57.07,Mauritania,Africa
mrt,1982,57.21,Mauritania,Africa
mrt,1983,57.37,Mauritania,Africa
mrt,1984,57.54,Mauritania,Africa
mrt,1985,57.76,Mauritania,Africa
mrt,1986,58.12,Mauritania,Africa
mrt,1987,58.4,Mauritania,Africa
mrt,1988,58.82,Mauritania,Africa
mrt,1989,58.97,Mauritania,Africa
mrt,1990,59.38,Mauritania,Africa
mrt,1991,59.86,Mauritania,Africa
mrt,1992,60.22,Mauritania,Africa
mrt,1993,60.61,Mauritania,Africa
mrt,1994,60.84,Mauritania,Africa
mrt,1995,61.33,Mauritania,Africa
mrt,1996,61.73,Mauritania,Africa
mrt,1997,62.19,Mauritania,Africa
mrt,1998,62.62,Mauritania,Africa
mrt,1999,63.14,Mauritania,Africa
mrt,2000,63.61,Mauritania,Africa
mrt,2001,64.06,Mauritania,Africa
mrt,2002,64.55,Mauritania,Africa
mrt,2003,65,Mauritania,Africa
mrt,2004,65.45,Mauritania,Africa
mrt,2005,65.8,Mauritania,Africa
mrt,2006,66.46,Mauritania,Africa
mrt,2007,66.92,Mauritania,Africa
mrt,2008,67.4,Mauritania,Africa
mrt,2009,67.76,Mauritania,Africa
mrt,2010,68.09,Mauritania,Africa
mrt,2011,68.38,Mauritania,Africa
mrt,2012,68.7,Mauritania,Africa
mrt,2013,68.99,Mauritania,Africa
mrt,2014,69.32,Mauritania,Africa
mrt,2015,69.6,Mauritania,Africa
mrt,2016,69.94,Mauritania,Africa
mrt,2017,70.23,Mauritania,Africa
mrt,2018,70.49,Mauritania,Africa
mrt,2019,70.78,Mauritania,Africa
mrt,2020,70.68,Mauritania,Africa
mrt,2021,71.21,Mauritania,Africa
mrt,2022,71.4,Mauritania,Africa
mrt,2023,71.59,Mauritania,Africa
mrt,2024,71.78,Mauritania,Africa
mrt,2025,71.97,Mauritania,Africa
mrt,2026,72.15,Mauritania,Africa
mrt,2027,72.33,Mauritania,Africa
mrt,2028,72.51,Mauritania,Africa
mrt,2029,72.68,Mauritania,Africa
mrt,2030,72.85,Mauritania,Africa
mrt,2031,73.01,Mauritania,Africa
mrt,2032,73.18,Mauritania,Africa
mrt,2033,73.34,Mauritania,Africa
mrt,2034,73.49,Mauritania,Africa
mrt,2035,73.65,Mauritania,Africa
mrt,2036,73.8,Mauritania,Africa
mrt,2037,73.96,Mauritania,Africa
mrt,2038,74.11,Mauritania,Africa
mrt,2039,74.25,Mauritania,Africa
mrt,2040,74.4,Mauritania,Africa
mrt,2041,74.54,Mauritania,Africa
mrt,2042,74.68,Mauritania,Africa
mrt,2043,74.82,Mauritania,Africa
mrt,2044,74.97,Mauritania,Africa
mrt,2045,75.1,Mauritania,Africa
mrt,2046,75.24,Mauritania,Africa
mrt,2047,75.38,Mauritania,Africa
mrt,2048,75.51,Mauritania,Africa
mrt,2049,75.64,Mauritania,Africa
mrt,2050,75.77,Mauritania,Africa
mrt,2051,75.9,Mauritania,Africa
mrt,2052,76.03,Mauritania,Africa
mrt,2053,76.16,Mauritania,Africa
mrt,2054,76.29,Mauritania,Africa
mrt,2055,76.41,Mauritania,Africa
mrt,2056,76.54,Mauritania,Africa
mrt,2057,76.66,Mauritania,Africa
mrt,2058,76.79,Mauritania,Africa
mrt,2059,76.91,Mauritania,Africa
mrt,2060,77.03,Mauritania,Africa
mrt,2061,77.16,Mauritania,Africa
mrt,2062,77.28,Mauritania,Africa
mrt,2063,77.4,Mauritania,Africa
mrt,2064,77.52,Mauritania,Africa
mrt,2065,77.64,Mauritania,Africa
mrt,2066,77.76,Mauritania,Africa
mrt,2067,77.89,Mauritania,Africa
mrt,2068,78,Mauritania,Africa
mrt,2069,78.12,Mauritania,Africa
mrt,2070,78.24,Mauritania,Africa
mrt,2071,78.36,Mauritania,Africa
mrt,2072,78.48,Mauritania,Africa
mrt,2073,78.6,Mauritania,Africa
mrt,2074,78.72,Mauritania,Africa
mrt,2075,78.84,Mauritania,Africa
mrt,2076,78.96,Mauritania,Africa
mrt,2077,79.08,Mauritania,Africa
mrt,2078,79.2,Mauritania,Africa
mrt,2079,79.33,Mauritania,Africa
mrt,2080,79.45,Mauritania,Africa
mrt,2081,79.57,Mauritania,Africa
mrt,2082,79.69,Mauritania,Africa
mrt,2083,79.81,Mauritania,Africa
mrt,2084,79.93,Mauritania,Africa
mrt,2085,80.06,Mauritania,Africa
mrt,2086,80.18,Mauritania,Africa
mrt,2087,80.3,Mauritania,Africa
mrt,2088,80.42,Mauritania,Africa
mrt,2089,80.55,Mauritania,Africa
mrt,2090,80.67,Mauritania,Africa
mrt,2091,80.8,Mauritania,Africa
mrt,2092,80.93,Mauritania,Africa
mrt,2093,81.05,Mauritania,Africa
mrt,2094,81.18,Mauritania,Africa
mrt,2095,81.31,Mauritania,Africa
mrt,2096,81.43,Mauritania,Africa
mrt,2097,81.56,Mauritania,Africa
mrt,2098,81.69,Mauritania,Africa
mrt,2099,81.81,Mauritania,Africa
mrt,2100,81.94,Mauritania,Africa
mus,1800,28.7,Mauritius,Africa
mus,1801,28.7,Mauritius,Africa
mus,1802,28.7,Mauritius,Africa
mus,1803,28.7,Mauritius,Africa
mus,1804,28.7,Mauritius,Africa
mus,1805,28.7,Mauritius,Africa
mus,1806,28.7,Mauritius,Africa
mus,1807,28.7,Mauritius,Africa
mus,1808,28.7,Mauritius,Africa
mus,1809,28.7,Mauritius,Africa
mus,1810,28.7,Mauritius,Africa
mus,1811,28.7,Mauritius,Africa
mus,1812,28.7,Mauritius,Africa
mus,1813,28.7,Mauritius,Africa
mus,1814,28.7,Mauritius,Africa
mus,1815,28.7,Mauritius,Africa
mus,1816,28.7,Mauritius,Africa
mus,1817,28.7,Mauritius,Africa
mus,1818,28.7,Mauritius,Africa
mus,1819,28.7,Mauritius,Africa
mus,1820,28.7,Mauritius,Africa
mus,1821,28.7,Mauritius,Africa
mus,1822,28.7,Mauritius,Africa
mus,1823,28.7,Mauritius,Africa
mus,1824,28.7,Mauritius,Africa
mus,1825,28.7,Mauritius,Africa
mus,1826,28.7,Mauritius,Africa
mus,1827,28.7,Mauritius,Africa
mus,1828,28.7,Mauritius,Africa
mus,1829,31.05,Mauritius,Africa
mus,1830,33.41,Mauritius,Africa
mus,1831,35.76,Mauritius,Africa
mus,1832,31.27,Mauritius,Africa
mus,1833,35.22,Mauritius,Africa
mus,1834,32.67,Mauritius,Africa
mus,1835,27.2,Mauritius,Africa
mus,1836,31.6,Mauritius,Africa
mus,1837,26.24,Mauritius,Africa
mus,1838,31.85,Mauritius,Africa
mus,1839,24.84,Mauritius,Africa
mus,1840,32.53,Mauritius,Africa
mus,1841,23.01,Mauritius,Africa
mus,1842,22.41,Mauritius,Africa
mus,1843,28.3,Mauritius,Africa
mus,1844,15,Mauritius,Africa
mus,1845,24.47,Mauritius,Africa
mus,1846,29.99,Mauritius,Africa
mus,1847,33.21,Mauritius,Africa
mus,1848,36.19,Mauritius,Africa
mus,1849,31.72,Mauritius,Africa
mus,1850,31.13,Mauritius,Africa
mus,1851,36.13,Mauritius,Africa
mus,1852,34.46,Mauritius,Africa
mus,1853,32.86,Mauritius,Africa
mus,1854,7.5,Mauritius,Africa
mus,1855,29.72,Mauritius,Africa
mus,1856,17.55,Mauritius,Africa
mus,1857,36.58,Mauritius,Africa
mus,1858,34.44,Mauritius,Africa
mus,1859,31.68,Mauritius,Africa
mus,1860,30.96,Mauritius,Africa
mus,1861,31.24,Mauritius,Africa
mus,1862,22.66,Mauritius,Africa
mus,1863,27.53,Mauritius,Africa
mus,1864,27.94,Mauritius,Africa
mus,1865,28.38,Mauritius,Africa
mus,1866,29.39,Mauritius,Africa
mus,1867,4,Mauritius,Africa
mus,1868,13.65,Mauritius,Africa
mus,1869,26.45,Mauritius,Africa
mus,1870,39.29,Mauritius,Africa
mus,1871,36.89,Mauritius,Africa
mus,1872,35.48,Mauritius,Africa
mus,1873,28.76,Mauritius,Africa
mus,1874,32.53,Mauritius,Africa
mus,1875,37.56,Mauritius,Africa
mus,1876,34.85,Mauritius,Africa
mus,1877,32.62,Mauritius,Africa
mus,1878,35.06,Mauritius,Africa
mus,1879,30.27,Mauritius,Africa
mus,1880,34.12,Mauritius,Africa
mus,1881,32.62,Mauritius,Africa
mus,1882,28,Mauritius,Africa
mus,1883,27.41,Mauritius,Africa
mus,1884,31.56,Mauritius,Africa
mus,1885,29.11,Mauritius,Africa
mus,1886,33.32,Mauritius,Africa
mus,1887,28.08,Mauritius,Africa
mus,1888,31.75,Mauritius,Africa
mus,1889,28.42,Mauritius,Africa
mus,1890,28.16,Mauritius,Africa
mus,1891,35.38,Mauritius,Africa
mus,1892,28,Mauritius,Africa
mus,1893,23.17,Mauritius,Africa
mus,1894,33.32,Mauritius,Africa
mus,1895,25.97,Mauritius,Africa
mus,1896,22.15,Mauritius,Africa
mus,1897,32.53,Mauritius,Africa
mus,1898,30.45,Mauritius,Africa
mus,1899,27.25,Mauritius,Africa
mus,1900,26.29,Mauritius,Africa
mus,1901,23.88,Mauritius,Africa
mus,1902,28.76,Mauritius,Africa
mus,1903,23.88,Mauritius,Africa
mus,1904,30.45,Mauritius,Africa
mus,1905,23.38,Mauritius,Africa
mus,1906,23.74,Mauritius,Africa
mus,1907,28,Mauritius,Africa
mus,1908,23.59,Mauritius,Africa
mus,1909,26.13,Mauritius,Africa
mus,1910,28.93,Mauritius,Africa
mus,1911,29.73,Mauritius,Africa
mus,1912,25.13,Mauritius,Africa
mus,1913,27.83,Mauritius,Africa
mus,1914,30.54,Mauritius,Africa
mus,1915,28.5,Mauritius,Africa
mus,1916,32.62,Mauritius,Africa
mus,1917,30.72,Mauritius,Africa
mus,1918,29.55,Mauritius,Africa
mus,1919,12,Mauritius,Africa
mus,1920,31.19,Mauritius,Africa
mus,1921,23.88,Mauritius,Africa
mus,1922,28.42,Mauritius,Africa
mus,1923,34.02,Mauritius,Africa
mus,1924,34.85,Mauritius,Africa
mus,1925,38.82,Mauritius,Africa
mus,1926,37.45,Mauritius,Africa
mus,1927,37.68,Mauritius,Africa
mus,1928,34.33,Mauritius,Africa
mus,1929,31.85,Mauritius,Africa
mus,1930,27.66,Mauritius,Africa
mus,1931,24.75,Mauritius,Africa
mus,1932,29.91,Mauritius,Africa
mus,1933,35.27,Mauritius,Africa
mus,1934,37,Mauritius,Africa
mus,1935,36.13,Mauritius,Africa
mus,1936,36.24,Mauritius,Africa
mus,1937,33.72,Mauritius,Africa
mus,1938,32.62,Mauritius,Africa
mus,1939,34.54,Mauritius,Africa
mus,1940,37.23,Mauritius,Africa
mus,1941,37.12,Mauritius,Africa
mus,1942,33.32,Mauritius,Africa
mus,1943,36.78,Mauritius,Africa
mus,1944,35.48,Mauritius,Africa
mus,1945,27.09,Mauritius,Africa
mus,1946,33.67,Mauritius,Africa
mus,1947,40.17,Mauritius,Africa
mus,1948,44.32,Mauritius,Africa
mus,1949,48.63,Mauritius,Africa
mus,1950,53.1,Mauritius,Africa
mus,1951,52.9,Mauritius,Africa
mus,1952,52.71,Mauritius,Africa
mus,1953,51.69,Mauritius,Africa
mus,1954,52.84,Mauritius,Africa
mus,1955,55.89,Mauritius,Africa
mus,1956,57.11,Mauritius,Africa
mus,1957,55.51,Mauritius,Africa
mus,1958,57.01,Mauritius,Africa
mus,1959,58.29,Mauritius,Africa
mus,1960,58.06,Mauritius,Africa
mus,1961,60.07,Mauritius,Africa
mus,1962,61.3,Mauritius,Africa
mus,1963,61.08,Mauritius,Africa
mus,1964,62.34,Mauritius,Africa
mus,1965,62.51,Mauritius,Africa
mus,1966,62.28,Mauritius,Africa
mus,1967,62.12,Mauritius,Africa
mus,1968,61.34,Mauritius,Africa
mus,1969,62.72,Mauritius,Africa
mus,1970,63.69,Mauritius,Africa
mus,1971,64,Mauritius,Africa
mus,1972,63.7,Mauritius,Africa
mus,1973,63.93,Mauritius,Africa
mus,1974,65.07,Mauritius,Africa
mus,1975,63.96,Mauritius,Africa
mus,1976,64.88,Mauritius,Africa
mus,1977,65.05,Mauritius,Africa
mus,1978,66.4,Mauritius,Africa
mus,1979,66.49,Mauritius,Africa
mus,1980,67.24,Mauritius,Africa
mus,1981,67.58,Mauritius,Africa
mus,1982,68.46,Mauritius,Africa
mus,1983,68.75,Mauritius,Africa
mus,1984,69.12,Mauritius,Africa
mus,1985,68.82,Mauritius,Africa
mus,1986,69.23,Mauritius,Africa
mus,1987,69.49,Mauritius,Africa
mus,1988,69.67,Mauritius,Africa
mus,1989,69.91,Mauritius,Africa
mus,1990,70.2,Mauritius,Africa
mus,1991,70.79,Mauritius,Africa
mus,1992,70.8,Mauritius,Africa
mus,1993,70.69,Mauritius,Africa
mus,1994,70.84,Mauritius,Africa
mus,1995,71.09,Mauritius,Africa
mus,1996,71.16,Mauritius,Africa
mus,1997,71.06,Mauritius,Africa
mus,1998,71.76,Mauritius,Africa
mus,1999,71.9,Mauritius,Africa
mus,2000,72.32,Mauritius,Africa
mus,2001,72.63,Mauritius,Africa
mus,2002,72.66,Mauritius,Africa
mus,2003,72.86,Mauritius,Africa
mus,2004,73.18,Mauritius,Africa
mus,2005,73.16,Mauritius,Africa
mus,2006,73.34,Mauritius,Africa
mus,2007,73.75,Mauritius,Africa
mus,2008,73.73,Mauritius,Africa
mus,2009,73.84,Mauritius,Africa
mus,2010,74.21,Mauritius,Africa
mus,2011,74.61,Mauritius,Africa
mus,2012,74.74,Mauritius,Africa
mus,2013,75.07,Mauritius,Africa
mus,2014,75,Mauritius,Africa
mus,2015,75.17,Mauritius,Africa
mus,2016,75.21,Mauritius,Africa
mus,2017,75.25,Mauritius,Africa
mus,2018,75.32,Mauritius,Africa
mus,2019,75.48,Mauritius,Africa
mus,2020,75.53,Mauritius,Africa
mus,2021,75.77,Mauritius,Africa
mus,2022,75.92,Mauritius,Africa
mus,2023,76.07,Mauritius,Africa
mus,2024,76.23,Mauritius,Africa
mus,2025,76.38,Mauritius,Africa
mus,2026,76.53,Mauritius,Africa
mus,2027,76.68,Mauritius,Africa
mus,2028,76.83,Mauritius,Africa
mus,2029,76.98,Mauritius,Africa
mus,2030,77.13,Mauritius,Africa
mus,2031,77.29,Mauritius,Africa
mus,2032,77.44,Mauritius,Africa
mus,2033,77.59,Mauritius,Africa
mus,2034,77.74,Mauritius,Africa
mus,2035,77.9,Mauritius,Africa
mus,2036,78.05,Mauritius,Africa
mus,2037,78.2,Mauritius,Africa
mus,2038,78.35,Mauritius,Africa
mus,2039,78.51,Mauritius,Africa
mus,2040,78.66,Mauritius,Africa
mus,2041,78.81,Mauritius,Africa
mus,2042,78.96,Mauritius,Africa
mus,2043,79.11,Mauritius,Africa
mus,2044,79.26,Mauritius,Africa
mus,2045,79.42,Mauritius,Africa
mus,2046,79.57,Mauritius,Africa
mus,2047,79.72,Mauritius,Africa
mus,2048,79.88,Mauritius,Africa
mus,2049,80.03,Mauritius,Africa
mus,2050,80.18,Mauritius,Africa
mus,2051,80.33,Mauritius,Africa
mus,2052,80.48,Mauritius,Africa
mus,2053,80.64,Mauritius,Africa
mus,2054,80.79,Mauritius,Africa
mus,2055,80.94,Mauritius,Africa
mus,2056,81.09,Mauritius,Africa
mus,2057,81.24,Mauritius,Africa
mus,2058,81.39,Mauritius,Africa
mus,2059,81.55,Mauritius,Africa
mus,2060,81.7,Mauritius,Africa
mus,2061,81.85,Mauritius,Africa
mus,2062,82,Mauritius,Africa
mus,2063,82.15,Mauritius,Africa
mus,2064,82.3,Mauritius,Africa
mus,2065,82.44,Mauritius,Africa
mus,2066,82.59,Mauritius,Africa
mus,2067,82.73,Mauritius,Africa
mus,2068,82.88,Mauritius,Africa
mus,2069,83.02,Mauritius,Africa
mus,2070,83.16,Mauritius,Africa
mus,2071,83.3,Mauritius,Africa
mus,2072,83.43,Mauritius,Africa
mus,2073,83.57,Mauritius,Africa
mus,2074,83.7,Mauritius,Africa
mus,2075,83.83,Mauritius,Africa
mus,2076,83.96,Mauritius,Africa
mus,2077,84.08,Mauritius,Africa
mus,2078,84.21,Mauritius,Africa
mus,2079,84.33,Mauritius,Africa
mus,2080,84.45,Mauritius,Africa
mus,2081,84.57,Mauritius,Africa
mus,2082,84.69,Mauritius,Africa
mus,2083,84.81,Mauritius,Africa
mus,2084,84.93,Mauritius,Africa
mus,2085,85.05,Mauritius,Africa
mus,2086,85.16,Mauritius,Africa
mus,2087,85.28,Mauritius,Africa
mus,2088,85.39,Mauritius,Africa
mus,2089,85.5,Mauritius,Africa
mus,2090,85.61,Mauritius,Africa
mus,2091,85.72,Mauritius,Africa
mus,2092,85.83,Mauritius,Africa
mus,2093,85.94,Mauritius,Africa
mus,2094,86.05,Mauritius,Africa
mus,2095,86.16,Mauritius,Africa
mus,2096,86.27,Mauritius,Africa
mus,2097,86.38,Mauritius,Africa
mus,2098,86.49,Mauritius,Africa
mus,2099,86.59,Mauritius,Africa
mus,2100,86.7,Mauritius,Africa
mex,1800,26.9,Mexico,North America
mex,1801,26.9,Mexico,North America
mex,1802,26.9,Mexico,North America
mex,1803,26.9,Mexico,North America
mex,1804,26.9,Mexico,North America
mex,1805,26.9,Mexico,North America
mex,1806,26.9,Mexico,North America
mex,1807,26.9,Mexico,North America
mex,1808,26.9,Mexico,North America
mex,1809,26.9,Mexico,North America
mex,1810,26.9,Mexico,North America
mex,1811,26.9,Mexico,North America
mex,1812,26.9,Mexico,North America
mex,1813,26.9,Mexico,North America
mex,1814,26.9,Mexico,North America
mex,1815,26.9,Mexico,North America
mex,1816,26.9,Mexico,North America
mex,1817,26.9,Mexico,North America
mex,1818,26.9,Mexico,North America
mex,1819,26.9,Mexico,North America
mex,1820,26.9,Mexico,North America
mex,1821,26.9,Mexico,North America
mex,1822,26.9,Mexico,North America
mex,1823,26.9,Mexico,North America
mex,1824,26.9,Mexico,North America
mex,1825,26.9,Mexico,North America
mex,1826,26.9,Mexico,North America
mex,1827,26.9,Mexico,North America
mex,1828,26.9,Mexico,North America
mex,1829,26.9,Mexico,North America
mex,1830,26.9,Mexico,North America
mex,1831,26.9,Mexico,North America
mex,1832,26.9,Mexico,North America
mex,1833,26.9,Mexico,North America
mex,1834,26.9,Mexico,North America
mex,1835,26.9,Mexico,North America
mex,1836,26.9,Mexico,North America
mex,1837,26.9,Mexico,North America
mex,1838,26.9,Mexico,North America
mex,1839,26.9,Mexico,North America
mex,1840,26.9,Mexico,North America
mex,1841,26.9,Mexico,North America
mex,1842,26.9,Mexico,North America
mex,1843,26.9,Mexico,North America
mex,1844,26.9,Mexico,North America
mex,1845,26.9,Mexico,North America
mex,1846,26.9,Mexico,North America
mex,1847,26.9,Mexico,North America
mex,1848,26.9,Mexico,North America
mex,1849,26.9,Mexico,North America
mex,1850,26.9,Mexico,North America
mex,1851,26.9,Mexico,North America
mex,1852,26.9,Mexico,North America
mex,1853,26.9,Mexico,North America
mex,1854,26.9,Mexico,North America
mex,1855,26.9,Mexico,North America
mex,1856,26.9,Mexico,North America
mex,1857,26.9,Mexico,North America
mex,1858,26.9,Mexico,North America
mex,1859,26.9,Mexico,North America
mex,1860,26.9,Mexico,North America
mex,1861,26.9,Mexico,North America
mex,1862,26.9,Mexico,North America
mex,1863,26.9,Mexico,North America
mex,1864,26.9,Mexico,North America
mex,1865,26.9,Mexico,North America
mex,1866,26.9,Mexico,North America
mex,1867,26.9,Mexico,North America
mex,1868,26.9,Mexico,North America
mex,1869,26.9,Mexico,North America
mex,1870,26.9,Mexico,North America
mex,1871,26.9,Mexico,North America
mex,1872,26.9,Mexico,North America
mex,1873,26.9,Mexico,North America
mex,1874,26.91,Mexico,North America
mex,1875,26.91,Mexico,North America
mex,1876,26.91,Mexico,North America
mex,1877,26.91,Mexico,North America
mex,1878,26.91,Mexico,North America
mex,1879,26.91,Mexico,North America
mex,1880,26.91,Mexico,North America
mex,1881,26.92,Mexico,North America
mex,1882,26.92,Mexico,North America
mex,1883,26.92,Mexico,North America
mex,1884,26.92,Mexico,North America
mex,1885,26.92,Mexico,North America
mex,1886,26.92,Mexico,North America
mex,1887,26.92,Mexico,North America
mex,1888,26.93,Mexico,North America
mex,1889,26.93,Mexico,North America
mex,1890,26.93,Mexico,North America
mex,1891,25.73,Mexico,North America
mex,1892,24.52,Mexico,North America
mex,1893,23.32,Mexico,North America
mex,1894,26.65,Mexico,North America
mex,1895,29.56,Mexico,North America
mex,1896,28.84,Mexico,North America
mex,1897,26.28,Mexico,North America
mex,1898,27.07,Mexico,North America
mex,1899,25.02,Mexico,North America
mex,1900,27.62,Mexico,North America
mex,1901,26.69,Mexico,North America
mex,1902,28.42,Mexico,North America
mex,1903,28.73,Mexico,North America
mex,1904,29.14,Mexico,North America
mex,1905,26.85,Mexico,North America
mex,1906,27.93,Mexico,North America
mex,1907,28.03,Mexico,North America
mex,1908,28.78,Mexico,North America
mex,1909,29.27,Mexico,North America
mex,1910,27.47,Mexico,North America
mex,1911,27.9,Mexico,North America
mex,1912,28.34,Mexico,North America
mex,1913,28.77,Mexico,North America
mex,1914,29.21,Mexico,North America
mex,1915,29.64,Mexico,North America
mex,1916,30.08,Mexico,North America
mex,1917,30.51,Mexico,North America
mex,1918,18.23,Mexico,North America
mex,1919,31.38,Mexico,North America
mex,1920,31.82,Mexico,North America
mex,1921,32.26,Mexico,North America
mex,1922,32.69,Mexico,North America
mex,1923,33.6,Mexico,North America
mex,1924,32.9,Mexico,North America
mex,1925,32.19,Mexico,North America
mex,1926,34.3,Mexico,North America
mex,1927,40.42,Mexico,North America
mex,1928,34.61,Mexico,North America
mex,1929,35.51,Mexico,North America
mex,1930,36.32,Mexico,North America
mex,1931,37.82,Mexico,North America
mex,1932,38.53,Mexico,North America
mex,1933,37.43,Mexico,North America
mex,1934,38.33,Mexico,North America
mex,1935,40.54,Mexico,North America
mex,1936,38.44,Mexico,North America
mex,1937,36.93,Mexico,North America
mex,1938,39.54,Mexico,North America
mex,1939,45.67,Mexico,North America
mex,1940,39.35,Mexico,North America
mex,1941,42.76,Mexico,North America
mex,1942,39.95,Mexico,North America
mex,1943,42.97,Mexico,North America
mex,1944,43.37,Mexico,North America
mex,1945,44.38,Mexico,North America
mex,1946,44.98,Mexico,North America
mex,1947,46.49,Mexico,North America
mex,1948,48.5,Mexico,North America
mex,1949,45.99,Mexico,North America
mex,1950,48.76,Mexico,North America
mex,1951,48.9,Mexico,North America
mex,1952,50.16,Mexico,North America
mex,1953,51,Mexico,North America
mex,1954,52.82,Mexico,North America
mex,1955,53.59,Mexico,North America
mex,1956,54.51,Mexico,North America
mex,1957,54.92,Mexico,North America
mex,1958,55.8,Mexico,North America
mex,1959,56.28,Mexico,North America
mex,1960,57.15,Mexico,North America
mex,1961,58.17,Mexico,North America
mex,1962,59.14,Mexico,North America
mex,1963,58.94,Mexico,North America
mex,1964,59.54,Mexico,North America
mex,1965,59.87,Mexico,North America
mex,1966,60.4,Mexico,North America
mex,1967,60.83,Mexico,North America
mex,1968,61,Mexico,North America
mex,1969,61.23,Mexico,North America
mex,1970,61.44,Mexico,North America
mex,1971,62.49,Mexico,North America
mex,1972,62.75,Mexico,North America
mex,1973,63,Mexico,North America
mex,1974,63.69,Mexico,North America
mex,1975,64.21,Mexico,North America
mex,1976,64.62,Mexico,North America
mex,1977,65.06,Mexico,North America
mex,1978,65.9,Mexico,North America
mex,1979,65.93,Mexico,North America
mex,1980,66.19,Mexico,North America
mex,1981,66.57,Mexico,North America
mex,1982,67.15,Mexico,North America
mex,1983,67.76,Mexico,North America
mex,1984,68.36,Mexico,North America
mex,1985,68.62,Mexico,North America
mex,1986,69.23,Mexico,North America
mex,1987,69.65,Mexico,North America
mex,1988,69.92,Mexico,North America
mex,1989,70.33,Mexico,North America
mex,1990,70.85,Mexico,North America
mex,1991,71.29,Mexico,North America
mex,1992,71.55,Mexico,North America
mex,1993,71.82,Mexico,North America
mex,1994,72.18,Mexico,North America
mex,1995,72.35,Mexico,North America
mex,1996,72.69,Mexico,North America
mex,1997,72.93,Mexico,North America
mex,1998,73.2,Mexico,North America
mex,1999,73.69,Mexico,North America
mex,2000,74.21,Mexico,North America
mex,2001,74.57,Mexico,North America
mex,2002,74.62,Mexico,North America
mex,2003,74.68,Mexico,North America
mex,2004,75.05,Mexico,North America
mex,2005,75.01,Mexico,North America
mex,2006,75.34,Mexico,North America
mex,2007,75.57,Mexico,North America
mex,2008,75.24,Mexico,North America
mex,2009,75.05,Mexico,North America
mex,2010,75.25,Mexico,North America
mex,2011,75.55,Mexico,North America
mex,2012,75.72,Mexico,North America
mex,2013,75.52,Mexico,North America
mex,2014,75.61,Mexico,North America
mex,2015,75.73,Mexico,North America
mex,2016,75.47,Mexico,North America
mex,2017,75.5,Mexico,North America
mex,2018,75.48,Mexico,North America
mex,2019,75.63,Mexico,North America
mex,2020,72.97,Mexico,North America
mex,2021,75.8,Mexico,North America
mex,2022,75.91,Mexico,North America
mex,2023,76.04,Mexico,North America
mex,2024,76.18,Mexico,North America
mex,2025,76.34,Mexico,North America
mex,2026,76.53,Mexico,North America
mex,2027,76.73,Mexico,North America
mex,2028,76.96,Mexico,North America
mex,2029,77.19,Mexico,North America
mex,2030,77.43,Mexico,North America
mex,2031,77.67,Mexico,North America
mex,2032,77.9,Mexico,North America
mex,2033,78.11,Mexico,North America
mex,2034,78.3,Mexico,North America
mex,2035,78.47,Mexico,North America
mex,2036,78.63,Mexico,North America
mex,2037,78.78,Mexico,North America
mex,2038,78.93,Mexico,North America
mex,2039,79.07,Mexico,North America
mex,2040,79.23,Mexico,North America
mex,2041,79.38,Mexico,North America
mex,2042,79.54,Mexico,North America
mex,2043,79.69,Mexico,North America
mex,2044,79.85,Mexico,North America
mex,2045,80.01,Mexico,North America
mex,2046,80.16,Mexico,North America
mex,2047,80.31,Mexico,North America
mex,2048,80.47,Mexico,North America
mex,2049,80.62,Mexico,North America
mex,2050,80.77,Mexico,North America
mex,2051,80.92,Mexico,North America
mex,2052,81.07,Mexico,North America
mex,2053,81.22,Mexico,North America
mex,2054,81.37,Mexico,North America
mex,2055,81.53,Mexico,North America
mex,2056,81.68,Mexico,North America
mex,2057,81.84,Mexico,North America
mex,2058,81.99,Mexico,North America
mex,2059,82.14,Mexico,North America
mex,2060,82.29,Mexico,North America
mex,2061,82.44,Mexico,North America
mex,2062,82.59,Mexico,North America
mex,2063,82.74,Mexico,North America
mex,2064,82.88,Mexico,North America
mex,2065,83.03,Mexico,North America
mex,2066,83.17,Mexico,North America
mex,2067,83.31,Mexico,North America
mex,2068,83.45,Mexico,North America
mex,2069,83.59,Mexico,North America
mex,2070,83.72,Mexico,North America
mex,2071,83.86,Mexico,North America
mex,2072,83.99,Mexico,North America
mex,2073,84.13,Mexico,North America
mex,2074,84.26,Mexico,North America
mex,2075,84.39,Mexico,North America
mex,2076,84.52,Mexico,North America
mex,2077,84.64,Mexico,North America
mex,2078,84.77,Mexico,North America
mex,2079,84.89,Mexico,North America
mex,2080,85.01,Mexico,North America
mex,2081,85.12,Mexico,North America
mex,2082,85.24,Mexico,North America
mex,2083,85.36,Mexico,North America
mex,2084,85.47,Mexico,North America
mex,2085,85.59,Mexico,North America
mex,2086,85.7,Mexico,North America
mex,2087,85.81,Mexico,North America
mex,2088,85.92,Mexico,North America
mex,2089,86.03,Mexico,North America
mex,2090,86.14,Mexico,North America
mex,2091,86.25,Mexico,North America
mex,2092,86.35,Mexico,North America
mex,2093,86.46,Mexico,North America
mex,2094,86.56,Mexico,North America
mex,2095,86.67,Mexico,North America
mex,2096,86.77,Mexico,North America
mex,2097,86.87,Mexico,North America
mex,2098,86.97,Mexico,North America
mex,2099,87.08,Mexico,North America
mex,2100,87.18,Mexico,North America
fsm,1800,26.7,"Micronesia, Fed. Sts.",Oceania
fsm,1801,26.7,"Micronesia, Fed. Sts.",Oceania
fsm,1802,26.7,"Micronesia, Fed. Sts.",Oceania
fsm,1803,26.7,"Micronesia, Fed. Sts.",Oceania
fsm,1804,26.7,"Micronesia, Fed. Sts.",Oceania
fsm,1805,26.7,"Micronesia, Fed. Sts.",Oceania
fsm,1806,26.7,"Micronesia, Fed. Sts.",Oceania
fsm,1807,26.7,"Micronesia, Fed. Sts.",Oceania
fsm,1808,26.7,"Micronesia, Fed. Sts.",Oceania
fsm,1809,26.7,"Micronesia, Fed. Sts.",Oceania
fsm,1810,26.7,"Micronesia, Fed. Sts.",Oceania
fsm,1811,26.7,"Micronesia, Fed. Sts.",Oceania
fsm,1812,26.7,"Micronesia, Fed. Sts.",Oceania
fsm,1813,26.7,"Micronesia, Fed. Sts.",Oceania
fsm,1814,26.7,"Micronesia, Fed. Sts.",Oceania
fsm,1815,26.7,"Micronesia, Fed. Sts.",Oceania
fsm,1816,26.7,"Micronesia, Fed. Sts.",Oceania
fsm,1817,26.7,"Micronesia, Fed. Sts.",Oceania
fsm,1818,26.7,"Micronesia, Fed. Sts.",Oceania
fsm,1819,26.7,"Micronesia, Fed. Sts.",Oceania
fsm,1820,26.7,"Micronesia, Fed. Sts.",Oceania
fsm,1821,26.7,"Micronesia, Fed. Sts.",Oceania
fsm,1822,26.7,"Micronesia, Fed. Sts.",Oceania
fsm,1823,26.7,"Micronesia, Fed. Sts.",Oceania
fsm,1824,26.7,"Micronesia, Fed. Sts.",Oceania
fsm,1825,26.7,"Micronesia, Fed. Sts.",Oceania
fsm,1826,26.7,"Micronesia, Fed. Sts.",Oceania
fsm,1827,26.7,"Micronesia, Fed. Sts.",Oceania
fsm,1828,26.7,"Micronesia, Fed. Sts.",Oceania
fsm,1829,26.7,"Micronesia, Fed. Sts.",Oceania
fsm,1830,26.7,"Micronesia, Fed. Sts.",Oceania
fsm,1831,26.7,"Micronesia, Fed. Sts.",Oceania
fsm,1832,26.7,"Micronesia, Fed. Sts.",Oceania
fsm,1833,26.7,"Micronesia, Fed. Sts.",Oceania
fsm,1834,26.7,"Micronesia, Fed. Sts.",Oceania
fsm,1835,26.7,"Micronesia, Fed. Sts.",Oceania
fsm,1836,26.7,"Micronesia, Fed. Sts.",Oceania
fsm,1837,26.7,"Micronesia, Fed. Sts.",Oceania
fsm,1838,26.7,"Micronesia, Fed. Sts.",Oceania
fsm,1839,26.7,"Micronesia, Fed. Sts.",Oceania
fsm,1840,26.7,"Micronesia, Fed. Sts.",Oceania
fsm,1841,26.7,"Micronesia, Fed. Sts.",Oceania
fsm,1842,26.7,"Micronesia, Fed. Sts.",Oceania
fsm,1843,26.7,"Micronesia, Fed. Sts.",Oceania
fsm,1844,26.7,"Micronesia, Fed. Sts.",Oceania
fsm,1845,26.7,"Micronesia, Fed. Sts.",Oceania
fsm,1846,26.7,"Micronesia, Fed. Sts.",Oceania
fsm,1847,26.7,"Micronesia, Fed. Sts.",Oceania
fsm,1848,26.7,"Micronesia, Fed. Sts.",Oceania
fsm,1849,26.7,"Micronesia, Fed. Sts.",Oceania
fsm,1850,26.7,"Micronesia, Fed. Sts.",Oceania
fsm,1851,26.7,"Micronesia, Fed. Sts.",Oceania
fsm,1852,26.7,"Micronesia, Fed. Sts.",Oceania
fsm,1853,26.7,"Micronesia, Fed. Sts.",Oceania
fsm,1854,26.7,"Micronesia, Fed. Sts.",Oceania
fsm,1855,26.7,"Micronesia, Fed. Sts.",Oceania
fsm,1856,26.7,"Micronesia, Fed. Sts.",Oceania
fsm,1857,26.7,"Micronesia, Fed. Sts.",Oceania
fsm,1858,26.7,"Micronesia, Fed. Sts.",Oceania
fsm,1859,26.7,"Micronesia, Fed. Sts.",Oceania
fsm,1860,26.7,"Micronesia, Fed. Sts.",Oceania
fsm,1861,26.7,"Micronesia, Fed. Sts.",Oceania
fsm,1862,26.7,"Micronesia, Fed. Sts.",Oceania
fsm,1863,26.7,"Micronesia, Fed. Sts.",Oceania
fsm,1864,26.7,"Micronesia, Fed. Sts.",Oceania
fsm,1865,26.7,"Micronesia, Fed. Sts.",Oceania
fsm,1866,26.7,"Micronesia, Fed. Sts.",Oceania
fsm,1867,26.7,"Micronesia, Fed. Sts.",Oceania
fsm,1868,26.7,"Micronesia, Fed. Sts.",Oceania
fsm,1869,26.7,"Micronesia, Fed. Sts.",Oceania
fsm,1870,26.7,"Micronesia, Fed. Sts.",Oceania
fsm,1871,26.68,"Micronesia, Fed. Sts.",Oceania
fsm,1872,26.65,"Micronesia, Fed. Sts.",Oceania
fsm,1873,26.63,"Micronesia, Fed. Sts.",Oceania
fsm,1874,26.6,"Micronesia, Fed. Sts.",Oceania
fsm,1875,26.58,"Micronesia, Fed. Sts.",Oceania
fsm,1876,26.56,"Micronesia, Fed. Sts.",Oceania
fsm,1877,26.53,"Micronesia, Fed. Sts.",Oceania
fsm,1878,26.51,"Micronesia, Fed. Sts.",Oceania
fsm,1879,26.48,"Micronesia, Fed. Sts.",Oceania
fsm,1880,26.46,"Micronesia, Fed. Sts.",Oceania
fsm,1881,26.43,"Micronesia, Fed. Sts.",Oceania
fsm,1882,26.41,"Micronesia, Fed. Sts.",Oceania
fsm,1883,26.39,"Micronesia, Fed. Sts.",Oceania
fsm,1884,26.36,"Micronesia, Fed. Sts.",Oceania
fsm,1885,26.34,"Micronesia, Fed. Sts.",Oceania
fsm,1886,26.31,"Micronesia, Fed. Sts.",Oceania
fsm,1887,26.29,"Micronesia, Fed. Sts.",Oceania
fsm,1888,26.27,"Micronesia, Fed. Sts.",Oceania
fsm,1889,26.24,"Micronesia, Fed. Sts.",Oceania
fsm,1890,26.22,"Micronesia, Fed. Sts.",Oceania
fsm,1891,26.19,"Micronesia, Fed. Sts.",Oceania
fsm,1892,26.17,"Micronesia, Fed. Sts.",Oceania
fsm,1893,26.14,"Micronesia, Fed. Sts.",Oceania
fsm,1894,26.12,"Micronesia, Fed. Sts.",Oceania
fsm,1895,26.1,"Micronesia, Fed. Sts.",Oceania
fsm,1896,26.07,"Micronesia, Fed. Sts.",Oceania
fsm,1897,26.05,"Micronesia, Fed. Sts.",Oceania
fsm,1898,26.02,"Micronesia, Fed. Sts.",Oceania
fsm,1899,26,"Micronesia, Fed. Sts.",Oceania
fsm,1900,25.98,"Micronesia, Fed. Sts.",Oceania
fsm,1901,25.95,"Micronesia, Fed. Sts.",Oceania
fsm,1902,25.93,"Micronesia, Fed. Sts.",Oceania
fsm,1903,25.9,"Micronesia, Fed. Sts.",Oceania
fsm,1904,25.88,"Micronesia, Fed. Sts.",Oceania
fsm,1905,25.86,"Micronesia, Fed. Sts.",Oceania
fsm,1906,25.83,"Micronesia, Fed. Sts.",Oceania
fsm,1907,25.81,"Micronesia, Fed. Sts.",Oceania
fsm,1908,25.78,"Micronesia, Fed. Sts.",Oceania
fsm,1909,25.76,"Micronesia, Fed. Sts.",Oceania
fsm,1910,25.73,"Micronesia, Fed. Sts.",Oceania
fsm,1911,25.71,"Micronesia, Fed. Sts.",Oceania
fsm,1912,25.69,"Micronesia, Fed. Sts.",Oceania
fsm,1913,25.66,"Micronesia, Fed. Sts.",Oceania
fsm,1914,25.64,"Micronesia, Fed. Sts.",Oceania
fsm,1915,25.61,"Micronesia, Fed. Sts.",Oceania
fsm,1916,25.59,"Micronesia, Fed. Sts.",Oceania
fsm,1917,25.57,"Micronesia, Fed. Sts.",Oceania
fsm,1918,8.29,"Micronesia, Fed. Sts.",Oceania
fsm,1919,25.52,"Micronesia, Fed. Sts.",Oceania
fsm,1920,25.49,"Micronesia, Fed. Sts.",Oceania
fsm,1921,25.47,"Micronesia, Fed. Sts.",Oceania
fsm,1922,25.44,"Micronesia, Fed. Sts.",Oceania
fsm,1923,25.42,"Micronesia, Fed. Sts.",Oceania
fsm,1924,25.4,"Micronesia, Fed. Sts.",Oceania
fsm,1925,25.37,"Micronesia, Fed. Sts.",Oceania
fsm,1926,26.38,"Micronesia, Fed. Sts.",Oceania
fsm,1927,27.38,"Micronesia, Fed. Sts.",Oceania
fsm,1928,28.38,"Micronesia, Fed. Sts.",Oceania
fsm,1929,29.38,"Micronesia, Fed. Sts.",Oceania
fsm,1930,30.37,"Micronesia, Fed. Sts.",Oceania
fsm,1931,31.37,"Micronesia, Fed. Sts.",Oceania
fsm,1932,32.36,"Micronesia, Fed. Sts.",Oceania
fsm,1933,33.35,"Micronesia, Fed. Sts.",Oceania
fsm,1934,34.34,"Micronesia, Fed. Sts.",Oceania
fsm,1935,35.32,"Micronesia, Fed. Sts.",Oceania
fsm,1936,36.31,"Micronesia, Fed. Sts.",Oceania
fsm,1937,37.29,"Micronesia, Fed. Sts.",Oceania
fsm,1938,38.27,"Micronesia, Fed. Sts.",Oceania
fsm,1939,39.25,"Micronesia, Fed. Sts.",Oceania
fsm,1940,40.23,"Micronesia, Fed. Sts.",Oceania
fsm,1941,41.2,"Micronesia, Fed. Sts.",Oceania
fsm,1942,40.2,"Micronesia, Fed. Sts.",Oceania
fsm,1943,34.56,"Micronesia, Fed. Sts.",Oceania
fsm,1944,26.13,"Micronesia, Fed. Sts.",Oceania
fsm,1945,41.95,"Micronesia, Fed. Sts.",Oceania
fsm,1946,44.7,"Micronesia, Fed. Sts.",Oceania
fsm,1947,46.52,"Micronesia, Fed. Sts.",Oceania
fsm,1948,47.96,"Micronesia, Fed. Sts.",Oceania
fsm,1949,48.94,"Micronesia, Fed. Sts.",Oceania
fsm,1950,49.89,"Micronesia, Fed. Sts.",Oceania
fsm,1951,50.17,"Micronesia, Fed. Sts.",Oceania
fsm,1952,50.45,"Micronesia, Fed. Sts.",Oceania
fsm,1953,50.74,"Micronesia, Fed. Sts.",Oceania
fsm,1954,51.05,"Micronesia, Fed. Sts.",Oceania
fsm,1955,51.37,"Micronesia, Fed. Sts.",Oceania
fsm,1956,51.7,"Micronesia, Fed. Sts.",Oceania
fsm,1957,52,"Micronesia, Fed. Sts.",Oceania
fsm,1958,52.32,"Micronesia, Fed. Sts.",Oceania
fsm,1959,52.66,"Micronesia, Fed. Sts.",Oceania
fsm,1960,53.01,"Micronesia, Fed. Sts.",Oceania
fsm,1961,53.37,"Micronesia, Fed. Sts.",Oceania
fsm,1962,53.71,"Micronesia, Fed. Sts.",Oceania
fsm,1963,54.06,"Micronesia, Fed. Sts.",Oceania
fsm,1964,54.45,"Micronesia, Fed. Sts.",Oceania
fsm,1965,54.86,"Micronesia, Fed. Sts.",Oceania
fsm,1966,55.21,"Micronesia, Fed. Sts.",Oceania
fsm,1967,55.58,"Micronesia, Fed. Sts.",Oceania
fsm,1968,55.92,"Micronesia, Fed. Sts.",Oceania
fsm,1969,56.27,"Micronesia, Fed. Sts.",Oceania
fsm,1970,56.59,"Micronesia, Fed. Sts.",Oceania
fsm,1971,56.97,"Micronesia, Fed. Sts.",Oceania
fsm,1972,57.33,"Micronesia, Fed. Sts.",Oceania
fsm,1973,57.67,"Micronesia, Fed. Sts.",Oceania
fsm,1974,57.99,"Micronesia, Fed. Sts.",Oceania
fsm,1975,58.28,"Micronesia, Fed. Sts.",Oceania
fsm,1976,58.6,"Micronesia, Fed. Sts.",Oceania
fsm,1977,58.94,"Micronesia, Fed. Sts.",Oceania
fsm,1978,59.26,"Micronesia, Fed. Sts.",Oceania
fsm,1979,59.62,"Micronesia, Fed. Sts.",Oceania
fsm,1980,59.74,"Micronesia, Fed. Sts.",Oceania
fsm,1981,59.85,"Micronesia, Fed. Sts.",Oceania
fsm,1982,59.71,"Micronesia, Fed. Sts.",Oceania
fsm,1983,60.15,"Micronesia, Fed. Sts.",Oceania
fsm,1984,60.37,"Micronesia, Fed. Sts.",Oceania
fsm,1985,60.56,"Micronesia, Fed. Sts.",Oceania
fsm,1986,60.72,"Micronesia, Fed. Sts.",Oceania
fsm,1987,60.76,"Micronesia, Fed. Sts.",Oceania
fsm,1988,61.01,"Micronesia, Fed. Sts.",Oceania
fsm,1989,61.16,"Micronesia, Fed. Sts.",Oceania
fsm,1990,61.29,"Micronesia, Fed. Sts.",Oceania
fsm,1991,61.41,"Micronesia, Fed. Sts.",Oceania
fsm,1992,61.54,"Micronesia, Fed. Sts.",Oceania
fsm,1993,61.69,"Micronesia, Fed. Sts.",Oceania
fsm,1994,61.81,"Micronesia, Fed. Sts.",Oceania
fsm,1995,62.03,"Micronesia, Fed. Sts.",Oceania
fsm,1996,62.18,"Micronesia, Fed. Sts.",Oceania
fsm,1997,62.36,"Micronesia, Fed. Sts.",Oceania
fsm,1998,62.55,"Micronesia, Fed. Sts.",Oceania
fsm,1999,62.75,"Micronesia, Fed. Sts.",Oceania
fsm,2000,62.58,"Micronesia, Fed. Sts.",Oceania
fsm,2001,63.18,"Micronesia, Fed. Sts.",Oceania
fsm,2002,62.47,"Micronesia, Fed. Sts.",Oceania
fsm,2003,63.61,"Micronesia, Fed. Sts.",Oceania
fsm,2004,63.66,"Micronesia, Fed. Sts.",Oceania
fsm,2005,63.77,"Micronesia, Fed. Sts.",Oceania
fsm,2006,63.84,"Micronesia, Fed. Sts.",Oceania
fsm,2007,63.92,"Micronesia, Fed. Sts.",Oceania
fsm,2008,63.95,"Micronesia, Fed. Sts.",Oceania
fsm,2009,63.99,"Micronesia, Fed. Sts.",Oceania
fsm,2010,64.04,"Micronesia, Fed. Sts.",Oceania
fsm,2011,64.12,"Micronesia, Fed. Sts.",Oceania
fsm,2012,64.2,"Micronesia, Fed. Sts.",Oceania
fsm,2013,64.22,"Micronesia, Fed. Sts.",Oceania
fsm,2014,64.19,"Micronesia, Fed. Sts.",Oceania
fsm,2015,64.05,"Micronesia, Fed. Sts.",Oceania
fsm,2016,64.13,"Micronesia, Fed. Sts.",Oceania
fsm,2017,64.15,"Micronesia, Fed. Sts.",Oceania
fsm,2018,64.14,"Micronesia, Fed. Sts.",Oceania
fsm,2019,64.13,"Micronesia, Fed. Sts.",Oceania
fsm,2020,64.18,"Micronesia, Fed. Sts.",Oceania
fsm,2021,64.35,"Micronesia, Fed. Sts.",Oceania
fsm,2022,64.45,"Micronesia, Fed. Sts.",Oceania
fsm,2023,64.55,"Micronesia, Fed. Sts.",Oceania
fsm,2024,64.65,"Micronesia, Fed. Sts.",Oceania
fsm,2025,64.76,"Micronesia, Fed. Sts.",Oceania
fsm,2026,64.86,"Micronesia, Fed. Sts.",Oceania
fsm,2027,64.96,"Micronesia, Fed. Sts.",Oceania
fsm,2028,65.07,"Micronesia, Fed. Sts.",Oceania
fsm,2029,65.17,"Micronesia, Fed. Sts.",Oceania
fsm,2030,65.28,"Micronesia, Fed. Sts.",Oceania
fsm,2031,65.38,"Micronesia, Fed. Sts.",Oceania
fsm,2032,65.48,"Micronesia, Fed. Sts.",Oceania
fsm,2033,65.58,"Micronesia, Fed. Sts.",Oceania
fsm,2034,65.68,"Micronesia, Fed. Sts.",Oceania
fsm,2035,65.78,"Micronesia, Fed. Sts.",Oceania
fsm,2036,65.88,"Micronesia, Fed. Sts.",Oceania
fsm,2037,65.97,"Micronesia, Fed. Sts.",Oceania
fsm,2038,66.07,"Micronesia, Fed. Sts.",Oceania
fsm,2039,66.16,"Micronesia, Fed. Sts.",Oceania
fsm,2040,66.26,"Micronesia, Fed. Sts.",Oceania
fsm,2041,66.35,"Micronesia, Fed. Sts.",Oceania
fsm,2042,66.45,"Micronesia, Fed. Sts.",Oceania
fsm,2043,66.54,"Micronesia, Fed. Sts.",Oceania
fsm,2044,66.63,"Micronesia, Fed. Sts.",Oceania
fsm,2045,66.72,"Micronesia, Fed. Sts.",Oceania
fsm,2046,66.81,"Micronesia, Fed. Sts.",Oceania
fsm,2047,66.9,"Micronesia, Fed. Sts.",Oceania
fsm,2048,66.99,"Micronesia, Fed. Sts.",Oceania
fsm,2049,67.08,"Micronesia, Fed. Sts.",Oceania
fsm,2050,67.17,"Micronesia, Fed. Sts.",Oceania
fsm,2051,67.26,"Micronesia, Fed. Sts.",Oceania
fsm,2052,67.35,"Micronesia, Fed. Sts.",Oceania
fsm,2053,67.44,"Micronesia, Fed. Sts.",Oceania
fsm,2054,67.53,"Micronesia, Fed. Sts.",Oceania
fsm,2055,67.62,"Micronesia, Fed. Sts.",Oceania
fsm,2056,67.71,"Micronesia, Fed. Sts.",Oceania
fsm,2057,67.8,"Micronesia, Fed. Sts.",Oceania
fsm,2058,67.89,"Micronesia, Fed. Sts.",Oceania
fsm,2059,67.99,"Micronesia, Fed. Sts.",Oceania
fsm,2060,68.08,"Micronesia, Fed. Sts.",Oceania
fsm,2061,68.17,"Micronesia, Fed. Sts.",Oceania
fsm,2062,68.26,"Micronesia, Fed. Sts.",Oceania
fsm,2063,68.35,"Micronesia, Fed. Sts.",Oceania
fsm,2064,68.45,"Micronesia, Fed. Sts.",Oceania
fsm,2065,68.54,"Micronesia, Fed. Sts.",Oceania
fsm,2066,68.64,"Micronesia, Fed. Sts.",Oceania
fsm,2067,68.73,"Micronesia, Fed. Sts.",Oceania
fsm,2068,68.83,"Micronesia, Fed. Sts.",Oceania
fsm,2069,68.93,"Micronesia, Fed. Sts.",Oceania
fsm,2070,69.02,"Micronesia, Fed. Sts.",Oceania
fsm,2071,69.12,"Micronesia, Fed. Sts.",Oceania
fsm,2072,69.22,"Micronesia, Fed. Sts.",Oceania
fsm,2073,69.32,"Micronesia, Fed. Sts.",Oceania
fsm,2074,69.42,"Micronesia, Fed. Sts.",Oceania
fsm,2075,69.52,"Micronesia, Fed. Sts.",Oceania
fsm,2076,69.62,"Micronesia, Fed. Sts.",Oceania
fsm,2077,69.72,"Micronesia, Fed. Sts.",Oceania
fsm,2078,69.82,"Micronesia, Fed. Sts.",Oceania
fsm,2079,69.92,"Micronesia, Fed. Sts.",Oceania
fsm,2080,70.03,"Micronesia, Fed. Sts.",Oceania
fsm,2081,70.13,"Micronesia, Fed. Sts.",Oceania
fsm,2082,70.23,"Micronesia, Fed. Sts.",Oceania
fsm,2083,70.34,"Micronesia, Fed. Sts.",Oceania
fsm,2084,70.45,"Micronesia, Fed. Sts.",Oceania
fsm,2085,70.55,"Micronesia, Fed. Sts.",Oceania
fsm,2086,70.66,"Micronesia, Fed. Sts.",Oceania
fsm,2087,70.77,"Micronesia, Fed. Sts.",Oceania
fsm,2088,70.88,"Micronesia, Fed. Sts.",Oceania
fsm,2089,70.99,"Micronesia, Fed. Sts.",Oceania
fsm,2090,71.1,"Micronesia, Fed. Sts.",Oceania
fsm,2091,71.21,"Micronesia, Fed. Sts.",Oceania
fsm,2092,71.32,"Micronesia, Fed. Sts.",Oceania
fsm,2093,71.43,"Micronesia, Fed. Sts.",Oceania
fsm,2094,71.54,"Micronesia, Fed. Sts.",Oceania
fsm,2095,71.65,"Micronesia, Fed. Sts.",Oceania
fsm,2096,71.77,"Micronesia, Fed. Sts.",Oceania
fsm,2097,71.88,"Micronesia, Fed. Sts.",Oceania
fsm,2098,71.99,"Micronesia, Fed. Sts.",Oceania
fsm,2099,72.1,"Micronesia, Fed. Sts.",Oceania
fsm,2100,72.21,"Micronesia, Fed. Sts.",Oceania
mda,1800,33.15,Moldova,Europe
mda,1801,33.15,Moldova,Europe
mda,1802,33.15,Moldova,Europe
mda,1803,33.15,Moldova,Europe
mda,1804,33.15,Moldova,Europe
mda,1805,33.15,Moldova,Europe
mda,1806,33.15,Moldova,Europe
mda,1807,33.15,Moldova,Europe
mda,1808,33.15,Moldova,Europe
mda,1809,33.15,Moldova,Europe
mda,1810,33.15,Moldova,Europe
mda,1811,33.15,Moldova,Europe
mda,1812,33.15,Moldova,Europe
mda,1813,33.15,Moldova,Europe
mda,1814,33.15,Moldova,Europe
mda,1815,33.15,Moldova,Europe
mda,1816,33.15,Moldova,Europe
mda,1817,33.15,Moldova,Europe
mda,1818,33.15,Moldova,Europe
mda,1819,33.15,Moldova,Europe
mda,1820,33.15,Moldova,Europe
mda,1821,33.15,Moldova,Europe
mda,1822,33.15,Moldova,Europe
mda,1823,33.15,Moldova,Europe
mda,1824,33.15,Moldova,Europe
mda,1825,33.15,Moldova,Europe
mda,1826,33.15,Moldova,Europe
mda,1827,33.15,Moldova,Europe
mda,1828,33.15,Moldova,Europe
mda,1829,33.15,Moldova,Europe
mda,1830,33.15,Moldova,Europe
mda,1831,33.15,Moldova,Europe
mda,1832,33.15,Moldova,Europe
mda,1833,33.15,Moldova,Europe
mda,1834,33.15,Moldova,Europe
mda,1835,33.15,Moldova,Europe
mda,1836,33.15,Moldova,Europe
mda,1837,33.15,Moldova,Europe
mda,1838,33.15,Moldova,Europe
mda,1839,33.15,Moldova,Europe
mda,1840,33.15,Moldova,Europe
mda,1841,33.15,Moldova,Europe
mda,1842,33.15,Moldova,Europe
mda,1843,33.15,Moldova,Europe
mda,1844,33.15,Moldova,Europe
mda,1845,33.15,Moldova,Europe
mda,1846,33.15,Moldova,Europe
mda,1847,33.15,Moldova,Europe
mda,1848,33.15,Moldova,Europe
mda,1849,33.15,Moldova,Europe
mda,1850,33.15,Moldova,Europe
mda,1851,33.15,Moldova,Europe
mda,1852,33.15,Moldova,Europe
mda,1853,33.15,Moldova,Europe
mda,1854,33.15,Moldova,Europe
mda,1855,33.15,Moldova,Europe
mda,1856,33.15,Moldova,Europe
mda,1857,33.15,Moldova,Europe
mda,1858,33.15,Moldova,Europe
mda,1859,33.15,Moldova,Europe
mda,1860,33.15,Moldova,Europe
mda,1861,33.15,Moldova,Europe
mda,1862,33.15,Moldova,Europe
mda,1863,33.15,Moldova,Europe
mda,1864,33.15,Moldova,Europe
mda,1865,33.15,Moldova,Europe
mda,1866,33.15,Moldova,Europe
mda,1867,33.15,Moldova,Europe
mda,1868,33.15,Moldova,Europe
mda,1869,33.15,Moldova,Europe
mda,1870,33.15,Moldova,Europe
mda,1871,33.11,Moldova,Europe
mda,1872,33.08,Moldova,Europe
mda,1873,33.04,Moldova,Europe
mda,1874,33.01,Moldova,Europe
mda,1875,32.98,Moldova,Europe
mda,1876,32.94,Moldova,Europe
mda,1877,32.91,Moldova,Europe
mda,1878,32.87,Moldova,Europe
mda,1879,32.84,Moldova,Europe
mda,1880,32.81,Moldova,Europe
mda,1881,32.77,Moldova,Europe
mda,1882,32.74,Moldova,Europe
mda,1883,32.7,Moldova,Europe
mda,1884,32.67,Moldova,Europe
mda,1885,32.64,Moldova,Europe
mda,1886,32.6,Moldova,Europe
mda,1887,32.57,Moldova,Europe
mda,1888,32.53,Moldova,Europe
mda,1889,32.5,Moldova,Europe
mda,1890,32.47,Moldova,Europe
mda,1891,32.43,Moldova,Europe
mda,1892,32.4,Moldova,Europe
mda,1893,32.37,Moldova,Europe
mda,1894,32.33,Moldova,Europe
mda,1895,32.3,Moldova,Europe
mda,1896,32.26,Moldova,Europe
mda,1897,32.23,Moldova,Europe
mda,1898,32.2,Moldova,Europe
mda,1899,32.16,Moldova,Europe
mda,1900,32.13,Moldova,Europe
mda,1901,32.09,Moldova,Europe
mda,1902,32.06,Moldova,Europe
mda,1903,32.03,Moldova,Europe
mda,1904,31.99,Moldova,Europe
mda,1905,31.96,Moldova,Europe
mda,1906,31.92,Moldova,Europe
mda,1907,31.89,Moldova,Europe
mda,1908,31.86,Moldova,Europe
mda,1909,31.82,Moldova,Europe
mda,1910,31.79,Moldova,Europe
mda,1911,31.75,Moldova,Europe
mda,1912,31.72,Moldova,Europe
mda,1913,31.69,Moldova,Europe
mda,1914,31.65,Moldova,Europe
mda,1915,31.62,Moldova,Europe
mda,1916,31.59,Moldova,Europe
mda,1917,31.55,Moldova,Europe
mda,1918,29.68,Moldova,Europe
mda,1919,31.48,Moldova,Europe
mda,1920,31.45,Moldova,Europe
mda,1921,31.88,Moldova,Europe
mda,1922,32.31,Moldova,Europe
mda,1923,32.73,Moldova,Europe
mda,1924,33.16,Moldova,Europe
mda,1925,33.58,Moldova,Europe
mda,1926,34.01,Moldova,Europe
mda,1927,34.43,Moldova,Europe
mda,1928,34.85,Moldova,Europe
mda,1929,35.27,Moldova,Europe
mda,1930,35.69,Moldova,Europe
mda,1931,36.11,Moldova,Europe
mda,1932,36.53,Moldova,Europe
mda,1933,37.48,Moldova,Europe
mda,1934,38.43,Moldova,Europe
mda,1935,39.39,Moldova,Europe
mda,1936,40.33,Moldova,Europe
mda,1937,41.28,Moldova,Europe
mda,1938,42.22,Moldova,Europe
mda,1939,43.17,Moldova,Europe
mda,1940,44.11,Moldova,Europe
mda,1941,37.56,Moldova,Europe
mda,1942,36.13,Moldova,Europe
mda,1943,32.39,Moldova,Europe
mda,1944,23.02,Moldova,Europe
mda,1945,41.09,Moldova,Europe
mda,1946,47.04,Moldova,Europe
mda,1947,19.35,Moldova,Europe
mda,1948,50.61,Moldova,Europe
mda,1949,51.93,Moldova,Europe
mda,1950,53.39,Moldova,Europe
mda,1951,53.78,Moldova,Europe
mda,1952,54.31,Moldova,Europe
mda,1953,54.85,Moldova,Europe
mda,1954,55.39,Moldova,Europe
mda,1955,55.99,Moldova,Europe
mda,1956,56.62,Moldova,Europe
mda,1957,57.21,Moldova,Europe
mda,1958,57.94,Moldova,Europe
mda,1959,58.03,Moldova,Europe
mda,1960,58.42,Moldova,Europe
mda,1961,58.83,Moldova,Europe
mda,1962,59.25,Moldova,Europe
mda,1963,59.65,Moldova,Europe
mda,1964,60.12,Moldova,Europe
mda,1965,60.77,Moldova,Europe
mda,1966,61.22,Moldova,Europe
mda,1967,61.7,Moldova,Europe
mda,1968,62.18,Moldova,Europe
mda,1969,62.66,Moldova,Europe
mda,1970,62.87,Moldova,Europe
mda,1971,63.05,Moldova,Europe
mda,1972,63.31,Moldova,Europe
mda,1973,63.52,Moldova,Europe
mda,1974,63.71,Moldova,Europe
mda,1975,64.05,Moldova,Europe
mda,1976,64.38,Moldova,Europe
mda,1977,64.83,Moldova,Europe
mda,1978,65.12,Moldova,Europe
mda,1979,65.61,Moldova,Europe
mda,1980,65.79,Moldova,Europe
mda,1981,66.06,Moldova,Europe
mda,1982,66.15,Moldova,Europe
mda,1983,65.33,Moldova,Europe
mda,1984,65.7,Moldova,Europe
mda,1985,66.32,Moldova,Europe
mda,1986,67.88,Moldova,Europe
mda,1987,68.6,Moldova,Europe
mda,1988,68.58,Moldova,Europe
mda,1989,68.59,Moldova,Europe
mda,1990,68.27,Moldova,Europe
mda,1991,67.64,Moldova,Europe
mda,1992,67.81,Moldova,Europe
mda,1993,67.84,Moldova,Europe
mda,1994,66.37,Moldova,Europe
mda,1995,66.03,Moldova,Europe
mda,1996,66.87,Moldova,Europe
mda,1997,68.14,Moldova,Europe
mda,1998,68.84,Moldova,Europe
mda,1999,68.79,Moldova,Europe
mda,2000,68.86,Moldova,Europe
mda,2001,69.19,Moldova,Europe
mda,2002,69.14,Moldova,Europe
mda,2003,69.13,Moldova,Europe
mda,2004,69.39,Moldova,Europe
mda,2005,68.9,Moldova,Europe
mda,2006,69.37,Moldova,Europe
mda,2007,69.6,Moldova,Europe
mda,2008,69.93,Moldova,Europe
mda,2009,70.07,Moldova,Europe
mda,2010,69.95,Moldova,Europe
mda,2011,71.69,Moldova,Europe
mda,2012,71.97,Moldova,Europe
mda,2013,72.65,Moldova,Europe
mda,2014,72.33,Moldova,Europe
mda,2015,72.08,Moldova,Europe
mda,2016,72.63,Moldova,Europe
mda,2017,73.66,Moldova,Europe
mda,2018,73.99,Moldova,Europe
mda,2019,74.33,Moldova,Europe
mda,2020,73.32,Moldova,Europe
mda,2021,74.56,Moldova,Europe
mda,2022,74.69,Moldova,Europe
mda,2023,74.81,Moldova,Europe
mda,2024,74.94,Moldova,Europe
mda,2025,75.07,Moldova,Europe
mda,2026,75.2,Moldova,Europe
mda,2027,75.33,Moldova,Europe
mda,2028,75.46,Moldova,Europe
mda,2029,75.6,Moldova,Europe
mda,2030,75.73,Moldova,Europe
mda,2031,75.85,Moldova,Europe
mda,2032,75.98,Moldova,Europe
mda,2033,76.11,Moldova,Europe
mda,2034,76.24,Moldova,Europe
mda,2035,76.37,Moldova,Europe
mda,2036,76.5,Moldova,Europe
mda,2037,76.63,Moldova,Europe
mda,2038,76.76,Moldova,Europe
mda,2039,76.89,Moldova,Europe
mda,2040,77.02,Moldova,Europe
mda,2041,77.16,Moldova,Europe
mda,2042,77.29,Moldova,Europe
mda,2043,77.42,Moldova,Europe
mda,2044,77.55,Moldova,Europe
mda,2045,77.69,Moldova,Europe
mda,2046,77.82,Moldova,Europe
mda,2047,77.95,Moldova,Europe
mda,2048,78.09,Moldova,Europe
mda,2049,78.22,Moldova,Europe
mda,2050,78.36,Moldova,Europe
mda,2051,78.5,Moldova,Europe
mda,2052,78.64,Moldova,Europe
mda,2053,78.78,Moldova,Europe
mda,2054,78.92,Moldova,Europe
mda,2055,79.06,Moldova,Europe
mda,2056,79.19,Moldova,Europe
mda,2057,79.34,Moldova,Europe
mda,2058,79.48,Moldova,Europe
mda,2059,79.62,Moldova,Europe
mda,2060,79.76,Moldova,Europe
mda,2061,79.9,Moldova,Europe
mda,2062,80.04,Moldova,Europe
mda,2063,80.18,Moldova,Europe
mda,2064,80.32,Moldova,Europe
mda,2065,80.47,Moldova,Europe
mda,2066,80.61,Moldova,Europe
mda,2067,80.75,Moldova,Europe
mda,2068,80.9,Moldova,Europe
mda,2069,81.04,Moldova,Europe
mda,2070,81.19,Moldova,Europe
mda,2071,81.34,Moldova,Europe
mda,2072,81.48,Moldova,Europe
mda,2073,81.63,Moldova,Europe
mda,2074,81.78,Moldova,Europe
mda,2075,81.93,Moldova,Europe
mda,2076,82.08,Moldova,Europe
mda,2077,82.22,Moldova,Europe
mda,2078,82.37,Moldova,Europe
mda,2079,82.52,Moldova,Europe
mda,2080,82.67,Moldova,Europe
mda,2081,82.81,Moldova,Europe
mda,2082,82.96,Moldova,Europe
mda,2083,83.11,Moldova,Europe
mda,2084,83.25,Moldova,Europe
mda,2085,83.4,Moldova,Europe
mda,2086,83.54,Moldova,Europe
mda,2087,83.69,Moldova,Europe
mda,2088,83.83,Moldova,Europe
mda,2089,83.98,Moldova,Europe
mda,2090,84.12,Moldova,Europe
mda,2091,84.27,Moldova,Europe
mda,2092,84.41,Moldova,Europe
mda,2093,84.55,Moldova,Europe
mda,2094,84.69,Moldova,Europe
mda,2095,84.83,Moldova,Europe
mda,2096,84.96,Moldova,Europe
mda,2097,85.1,Moldova,Europe
mda,2098,85.23,Moldova,Europe
mda,2099,85.36,Moldova,Europe
mda,2100,85.49,Moldova,Europe
mco,1950,68.15,Monaco,Europe
mco,1951,68.14,Monaco,Europe
mco,1952,68.34,Monaco,Europe
mco,1953,68.65,Monaco,Europe
mco,1954,68.98,Monaco,Europe
mco,1955,69.31,Monaco,Europe
mco,1956,69.66,Monaco,Europe
mco,1957,70.01,Monaco,Europe
mco,1958,70.36,Monaco,Europe
mco,1959,70.7,Monaco,Europe
mco,1960,70.9,Monaco,Europe
mco,1961,71.09,Monaco,Europe
mco,1962,71.3,Monaco,Europe
mco,1963,71.5,Monaco,Europe
mco,1964,71.81,Monaco,Europe
mco,1965,72.08,Monaco,Europe
mco,1966,72.35,Monaco,Europe
mco,1967,72.61,Monaco,Europe
mco,1968,72.92,Monaco,Europe
mco,1969,73.26,Monaco,Europe
mco,1970,73.62,Monaco,Europe
mco,1971,73.88,Monaco,Europe
mco,1972,74.18,Monaco,Europe
mco,1973,74.47,Monaco,Europe
mco,1974,74.75,Monaco,Europe
mco,1975,74.99,Monaco,Europe
mco,1976,75.21,Monaco,Europe
mco,1977,75.42,Monaco,Europe
mco,1978,75.6,Monaco,Europe
mco,1979,75.79,Monaco,Europe
mco,1980,75.97,Monaco,Europe
mco,1981,76.15,Monaco,Europe
mco,1982,76.19,Monaco,Europe
mco,1983,76.42,Monaco,Europe
mco,1984,76.73,Monaco,Europe
mco,1985,77.04,Monaco,Europe
mco,1986,77.35,Monaco,Europe
mco,1987,77.78,Monaco,Europe
mco,1988,77.85,Monaco,Europe
mco,1989,77.98,Monaco,Europe
mco,1990,78.11,Monaco,Europe
mco,1991,78.24,Monaco,Europe
mco,1992,78.35,Monaco,Europe
mco,1993,78.44,Monaco,Europe
mco,1994,78.51,Monaco,Europe
mco,1995,78.57,Monaco,Europe
mco,1996,78.62,Monaco,Europe
mco,1997,78.68,Monaco,Europe
mco,1998,78.74,Monaco,Europe
mco,1999,78.79,Monaco,Europe
mco,2000,78.84,Monaco,Europe
mco,2001,78.88,Monaco,Europe
mco,2002,78.92,Monaco,Europe
mco,2003,78.95,Monaco,Europe
mco,2004,78.97,Monaco,Europe
mco,2005,78.98,Monaco,Europe
mco,2006,79.01,Monaco,Europe
mco,2007,79.08,Monaco,Europe
mco,2008,79.13,Monaco,Europe
mco,2009,79.15,Monaco,Europe
mco,2010,79.16,Monaco,Europe
mco,2011,79.21,Monaco,Europe
mco,2012,79.26,Monaco,Europe
mco,2013,79.33,Monaco,Europe
mco,2014,79.43,Monaco,Europe
mco,2015,79.55,Monaco,Europe
mco,2016,79.68,Monaco,Europe
mco,2017,79.82,Monaco,Europe
mco,2018,79.94,Monaco,Europe
mco,2019,80.06,Monaco,Europe
mng,1800,31.8,Mongolia,Asia
mng,1801,31.8,Mongolia,Asia
mng,1802,31.8,Mongolia,Asia
mng,1803,31.8,Mongolia,Asia
mng,1804,31.8,Mongolia,Asia
mng,1805,31.8,Mongolia,Asia
mng,1806,31.8,Mongolia,Asia
mng,1807,31.8,Mongolia,Asia
mng,1808,31.8,Mongolia,Asia
mng,1809,31.8,Mongolia,Asia
mng,1810,31.8,Mongolia,Asia
mng,1811,31.8,Mongolia,Asia
mng,1812,31.8,Mongolia,Asia
mng,1813,31.8,Mongolia,Asia
mng,1814,31.8,Mongolia,Asia
mng,1815,31.8,Mongolia,Asia
mng,1816,31.8,Mongolia,Asia
mng,1817,31.8,Mongolia,Asia
mng,1818,31.8,Mongolia,Asia
mng,1819,31.8,Mongolia,Asia
mng,1820,31.8,Mongolia,Asia
mng,1821,31.8,Mongolia,Asia
mng,1822,31.8,Mongolia,Asia
mng,1823,31.8,Mongolia,Asia
mng,1824,31.8,Mongolia,Asia
mng,1825,31.8,Mongolia,Asia
mng,1826,31.8,Mongolia,Asia
mng,1827,31.8,Mongolia,Asia
mng,1828,31.8,Mongolia,Asia
mng,1829,31.8,Mongolia,Asia
mng,1830,31.8,Mongolia,Asia
mng,1831,31.8,Mongolia,Asia
mng,1832,31.8,Mongolia,Asia
mng,1833,31.8,Mongolia,Asia
mng,1834,31.8,Mongolia,Asia
mng,1835,31.8,Mongolia,Asia
mng,1836,31.8,Mongolia,Asia
mng,1837,31.8,Mongolia,Asia
mng,1838,31.8,Mongolia,Asia
mng,1839,31.8,Mongolia,Asia
mng,1840,31.8,Mongolia,Asia
mng,1841,31.8,Mongolia,Asia
mng,1842,31.8,Mongolia,Asia
mng,1843,31.8,Mongolia,Asia
mng,1844,31.8,Mongolia,Asia
mng,1845,31.8,Mongolia,Asia
mng,1846,31.8,Mongolia,Asia
mng,1847,31.8,Mongolia,Asia
mng,1848,31.8,Mongolia,Asia
mng,1849,31.8,Mongolia,Asia
mng,1850,31.8,Mongolia,Asia
mng,1851,31.8,Mongolia,Asia
mng,1852,31.8,Mongolia,Asia
mng,1853,31.8,Mongolia,Asia
mng,1854,31.8,Mongolia,Asia
mng,1855,31.8,Mongolia,Asia
mng,1856,31.8,Mongolia,Asia
mng,1857,31.8,Mongolia,Asia
mng,1858,31.8,Mongolia,Asia
mng,1859,31.8,Mongolia,Asia
mng,1860,31.8,Mongolia,Asia
mng,1861,31.8,Mongolia,Asia
mng,1862,31.8,Mongolia,Asia
mng,1863,31.8,Mongolia,Asia
mng,1864,31.8,Mongolia,Asia
mng,1865,31.8,Mongolia,Asia
mng,1866,31.8,Mongolia,Asia
mng,1867,31.8,Mongolia,Asia
mng,1868,31.8,Mongolia,Asia
mng,1869,31.8,Mongolia,Asia
mng,1870,31.8,Mongolia,Asia
mng,1871,31.77,Mongolia,Asia
mng,1872,31.73,Mongolia,Asia
mng,1873,31.7,Mongolia,Asia
mng,1874,31.66,Mongolia,Asia
mng,1875,31.63,Mongolia,Asia
mng,1876,31.6,Mongolia,Asia
mng,1877,31.56,Mongolia,Asia
mng,1878,31.53,Mongolia,Asia
mng,1879,31.49,Mongolia,Asia
mng,1880,31.46,Mongolia,Asia
mng,1881,31.43,Mongolia,Asia
mng,1882,31.39,Mongolia,Asia
mng,1883,31.36,Mongolia,Asia
mng,1884,31.32,Mongolia,Asia
mng,1885,31.29,Mongolia,Asia
mng,1886,31.26,Mongolia,Asia
mng,1887,31.22,Mongolia,Asia
mng,1888,31.19,Mongolia,Asia
mng,1889,31.15,Mongolia,Asia
mng,1890,31.12,Mongolia,Asia
mng,1891,31.09,Mongolia,Asia
mng,1892,31.05,Mongolia,Asia
mng,1893,31.02,Mongolia,Asia
mng,1894,30.98,Mongolia,Asia
mng,1895,30.95,Mongolia,Asia
mng,1896,30.92,Mongolia,Asia
mng,1897,30.88,Mongolia,Asia
mng,1898,30.85,Mongolia,Asia
mng,1899,30.81,Mongolia,Asia
mng,1900,30.78,Mongolia,Asia
mng,1901,30.75,Mongolia,Asia
mng,1902,30.71,Mongolia,Asia
mng,1903,30.68,Mongolia,Asia
mng,1904,30.64,Mongolia,Asia
mng,1905,30.61,Mongolia,Asia
mng,1906,30.58,Mongolia,Asia
mng,1907,30.54,Mongolia,Asia
mng,1908,30.51,Mongolia,Asia
mng,1909,30.47,Mongolia,Asia
mng,1910,30.44,Mongolia,Asia
mng,1911,30.41,Mongolia,Asia
mng,1912,30.37,Mongolia,Asia
mng,1913,30.34,Mongolia,Asia
mng,1914,30.3,Mongolia,Asia
mng,1915,30.27,Mongolia,Asia
mng,1916,30.24,Mongolia,Asia
mng,1917,30.2,Mongolia,Asia
mng,1918,19.33,Mongolia,Asia
mng,1919,30.13,Mongolia,Asia
mng,1920,30.1,Mongolia,Asia
mng,1921,30.07,Mongolia,Asia
mng,1922,30.03,Mongolia,Asia
mng,1923,30,Mongolia,Asia
mng,1924,29.96,Mongolia,Asia
mng,1925,29.93,Mongolia,Asia
mng,1926,29.9,Mongolia,Asia
mng,1927,29.86,Mongolia,Asia
mng,1928,29.83,Mongolia,Asia
mng,1929,29.79,Mongolia,Asia
mng,1930,29.76,Mongolia,Asia
mng,1931,29.73,Mongolia,Asia
mng,1932,29.69,Mongolia,Asia
mng,1933,29.66,Mongolia,Asia
mng,1934,29.62,Mongolia,Asia
mng,1935,29.59,Mongolia,Asia
mng,1936,29.56,Mongolia,Asia
mng,1937,29.52,Mongolia,Asia
mng,1938,29.49,Mongolia,Asia
mng,1939,29.45,Mongolia,Asia
mng,1940,29.42,Mongolia,Asia
mng,1941,29.39,Mongolia,Asia
mng,1942,29.35,Mongolia,Asia
mng,1943,29.32,Mongolia,Asia
mng,1944,29.29,Mongolia,Asia
mng,1945,29.25,Mongolia,Asia
mng,1946,31.19,Mongolia,Asia
mng,1947,33.12,Mongolia,Asia
mng,1948,35.05,Mongolia,Asia
mng,1949,36.97,Mongolia,Asia
mng,1950,38.89,Mongolia,Asia
mng,1951,39.25,Mongolia,Asia
mng,1952,39.65,Mongolia,Asia
mng,1953,40.07,Mongolia,Asia
mng,1954,40.54,Mongolia,Asia
mng,1955,41.02,Mongolia,Asia
mng,1956,41.53,Mongolia,Asia
mng,1957,40.44,Mongolia,Asia
mng,1958,42.6,Mongolia,Asia
mng,1959,43.25,Mongolia,Asia
mng,1960,43.93,Mongolia,Asia
mng,1961,44.54,Mongolia,Asia
mng,1962,45.27,Mongolia,Asia
mng,1963,46.02,Mongolia,Asia
mng,1964,46.72,Mongolia,Asia
mng,1965,47.72,Mongolia,Asia
mng,1966,48.03,Mongolia,Asia
mng,1967,48.75,Mongolia,Asia
mng,1968,49.4,Mongolia,Asia
mng,1969,50,Mongolia,Asia
mng,1970,50.55,Mongolia,Asia
mng,1971,51.51,Mongolia,Asia
mng,1972,52.53,Mongolia,Asia
mng,1973,53.51,Mongolia,Asia
mng,1974,54.88,Mongolia,Asia
mng,1975,55.61,Mongolia,Asia
mng,1976,55.9,Mongolia,Asia
mng,1977,56.26,Mongolia,Asia
mng,1978,56.53,Mongolia,Asia
mng,1979,56.89,Mongolia,Asia
mng,1980,57.19,Mongolia,Asia
mng,1981,57.66,Mongolia,Asia
mng,1982,57.97,Mongolia,Asia
mng,1983,58.28,Mongolia,Asia
mng,1984,58.64,Mongolia,Asia
mng,1985,58.85,Mongolia,Asia
mng,1986,59.36,Mongolia,Asia
mng,1987,59.94,Mongolia,Asia
mng,1988,59.95,Mongolia,Asia
mng,1989,60.19,Mongolia,Asia
mng,1990,60.41,Mongolia,Asia
mng,1991,60.43,Mongolia,Asia
mng,1992,60.11,Mongolia,Asia
mng,1993,59.77,Mongolia,Asia
mng,1994,59.65,Mongolia,Asia
mng,1995,59.55,Mongolia,Asia
mng,1996,59.59,Mongolia,Asia
mng,1997,59.95,Mongolia,Asia
mng,1998,60.38,Mongolia,Asia
mng,1999,60.73,Mongolia,Asia
mng,2000,60.99,Mongolia,Asia
mng,2001,61.27,Mongolia,Asia
mng,2002,61.7,Mongolia,Asia
mng,2003,62.09,Mongolia,Asia
mng,2004,62.5,Mongolia,Asia
mng,2005,62.94,Mongolia,Asia
mng,2006,63.49,Mongolia,Asia
mng,2007,64.05,Mongolia,Asia
mng,2008,64.55,Mongolia,Asia
mng,2009,64.81,Mongolia,Asia
mng,2010,65.08,Mongolia,Asia
mng,2011,65.51,Mongolia,Asia
mng,2012,66.06,Mongolia,Asia
mng,2013,66.62,Mongolia,Asia
mng,2014,67.18,Mongolia,Asia
mng,2015,67.65,Mongolia,Asia
mng,2016,67.78,Mongolia,Asia
mng,2017,67.88,Mongolia,Asia
mng,2018,68.03,Mongolia,Asia
mng,2019,68.08,Mongolia,Asia
mng,2020,68.17,Mongolia,Asia
mng,2021,68.45,Mongolia,Asia
mng,2022,68.64,Mongolia,Asia
mng,2023,68.82,Mongolia,Asia
mng,2024,69.01,Mongolia,Asia
mng,2025,69.19,Mongolia,Asia
mng,2026,69.38,Mongolia,Asia
mng,2027,69.56,Mongolia,Asia
mng,2028,69.74,Mongolia,Asia
mng,2029,69.92,Mongolia,Asia
mng,2030,70.09,Mongolia,Asia
mng,2031,70.27,Mongolia,Asia
mng,2032,70.44,Mongolia,Asia
mng,2033,70.62,Mongolia,Asia
mng,2034,70.79,Mongolia,Asia
mng,2035,70.96,Mongolia,Asia
mng,2036,71.13,Mongolia,Asia
mng,2037,71.29,Mongolia,Asia
mng,2038,71.46,Mongolia,Asia
mng,2039,71.63,Mongolia,Asia
mng,2040,71.79,Mongolia,Asia
mng,2041,71.96,Mongolia,Asia
mng,2042,72.12,Mongolia,Asia
mng,2043,72.29,Mongolia,Asia
mng,2044,72.45,Mongolia,Asia
mng,2045,72.61,Mongolia,Asia
mng,2046,72.77,Mongolia,Asia
mng,2047,72.93,Mongolia,Asia
mng,2048,73.1,Mongolia,Asia
mng,2049,73.26,Mongolia,Asia
mng,2050,73.42,Mongolia,Asia
mng,2051,73.58,Mongolia,Asia
mng,2052,73.74,Mongolia,Asia
mng,2053,73.9,Mongolia,Asia
mng,2054,74.06,Mongolia,Asia
mng,2055,74.22,Mongolia,Asia
mng,2056,74.37,Mongolia,Asia
mng,2057,74.53,Mongolia,Asia
mng,2058,74.69,Mongolia,Asia
mng,2059,74.84,Mongolia,Asia
mng,2060,75,Mongolia,Asia
mng,2061,75.16,Mongolia,Asia
mng,2062,75.31,Mongolia,Asia
mng,2063,75.47,Mongolia,Asia
mng,2064,75.63,Mongolia,Asia
mng,2065,75.79,Mongolia,Asia
mng,2066,75.95,Mongolia,Asia
mng,2067,76.11,Mongolia,Asia
mng,2068,76.26,Mongolia,Asia
mng,2069,76.42,Mongolia,Asia
mng,2070,76.58,Mongolia,Asia
mng,2071,76.73,Mongolia,Asia
mng,2072,76.89,Mongolia,Asia
mng,2073,77.05,Mongolia,Asia
mng,2074,77.2,Mongolia,Asia
mng,2075,77.36,Mongolia,Asia
mng,2076,77.52,Mongolia,Asia
mng,2077,77.67,Mongolia,Asia
mng,2078,77.83,Mongolia,Asia
mng,2079,77.98,Mongolia,Asia
mng,2080,78.14,Mongolia,Asia
mng,2081,78.29,Mongolia,Asia
mng,2082,78.44,Mongolia,Asia
mng,2083,78.6,Mongolia,Asia
mng,2084,78.75,Mongolia,Asia
mng,2085,78.9,Mongolia,Asia
mng,2086,79.05,Mongolia,Asia
mng,2087,79.2,Mongolia,Asia
mng,2088,79.35,Mongolia,Asia
mng,2089,79.5,Mongolia,Asia
mng,2090,79.64,Mongolia,Asia
mng,2091,79.78,Mongolia,Asia
mng,2092,79.93,Mongolia,Asia
mng,2093,80.07,Mongolia,Asia
mng,2094,80.2,Mongolia,Asia
mng,2095,80.34,Mongolia,Asia
mng,2096,80.48,Mongolia,Asia
mng,2097,80.61,Mongolia,Asia
mng,2098,80.75,Mongolia,Asia
mng,2099,80.88,Mongolia,Asia
mng,2100,81.01,Mongolia,Asia
mne,1800,35.4,Montenegro,Europe
mne,1801,35.4,Montenegro,Europe
mne,1802,35.4,Montenegro,Europe
mne,1803,35.4,Montenegro,Europe
mne,1804,35.4,Montenegro,Europe
mne,1805,35.4,Montenegro,Europe
mne,1806,35.4,Montenegro,Europe
mne,1807,35.4,Montenegro,Europe
mne,1808,35.4,Montenegro,Europe
mne,1809,35.4,Montenegro,Europe
mne,1810,35.4,Montenegro,Europe
mne,1811,35.4,Montenegro,Europe
mne,1812,35.4,Montenegro,Europe
mne,1813,35.4,Montenegro,Europe
mne,1814,35.4,Montenegro,Europe
mne,1815,35.4,Montenegro,Europe
mne,1816,35.4,Montenegro,Europe
mne,1817,35.4,Montenegro,Europe
mne,1818,35.4,Montenegro,Europe
mne,1819,35.4,Montenegro,Europe
mne,1820,35.4,Montenegro,Europe
mne,1821,35.4,Montenegro,Europe
mne,1822,35.4,Montenegro,Europe
mne,1823,35.4,Montenegro,Europe
mne,1824,35.4,Montenegro,Europe
mne,1825,35.4,Montenegro,Europe
mne,1826,35.4,Montenegro,Europe
mne,1827,35.4,Montenegro,Europe
mne,1828,35.4,Montenegro,Europe
mne,1829,35.4,Montenegro,Europe
mne,1830,35.4,Montenegro,Europe
mne,1831,35.4,Montenegro,Europe
mne,1832,35.4,Montenegro,Europe
mne,1833,35.4,Montenegro,Europe
mne,1834,35.4,Montenegro,Europe
mne,1835,35.4,Montenegro,Europe
mne,1836,35.4,Montenegro,Europe
mne,1837,35.4,Montenegro,Europe
mne,1838,35.4,Montenegro,Europe
mne,1839,35.4,Montenegro,Europe
mne,1840,35.4,Montenegro,Europe
mne,1841,35.4,Montenegro,Europe
mne,1842,35.4,Montenegro,Europe
mne,1843,35.4,Montenegro,Europe
mne,1844,35.4,Montenegro,Europe
mne,1845,35.4,Montenegro,Europe
mne,1846,35.4,Montenegro,Europe
mne,1847,35.4,Montenegro,Europe
mne,1848,35.4,Montenegro,Europe
mne,1849,35.4,Montenegro,Europe
mne,1850,35.4,Montenegro,Europe
mne,1851,35.4,Montenegro,Europe
mne,1852,35.4,Montenegro,Europe
mne,1853,35.4,Montenegro,Europe
mne,1854,35.4,Montenegro,Europe
mne,1855,35.4,Montenegro,Europe
mne,1856,35.4,Montenegro,Europe
mne,1857,35.4,Montenegro,Europe
mne,1858,35.4,Montenegro,Europe
mne,1859,35.4,Montenegro,Europe
mne,1860,35.4,Montenegro,Europe
mne,1861,35.4,Montenegro,Europe
mne,1862,35.4,Montenegro,Europe
mne,1863,35.4,Montenegro,Europe
mne,1864,35.4,Montenegro,Europe
mne,1865,35.4,Montenegro,Europe
mne,1866,35.4,Montenegro,Europe
mne,1867,35.4,Montenegro,Europe
mne,1868,35.4,Montenegro,Europe
mne,1869,35.4,Montenegro,Europe
mne,1870,35.4,Montenegro,Europe
mne,1871,35.46,Montenegro,Europe
mne,1872,35.52,Montenegro,Europe
mne,1873,35.59,Montenegro,Europe
mne,1874,35.65,Montenegro,Europe
mne,1875,35.71,Montenegro,Europe
mne,1876,35.77,Montenegro,Europe
mne,1877,35.84,Montenegro,Europe
mne,1878,35.9,Montenegro,Europe
mne,1879,35.96,Montenegro,Europe
mne,1880,36.02,Montenegro,Europe
mne,1881,36.09,Montenegro,Europe
mne,1882,36.15,Montenegro,Europe
mne,1883,36.21,Montenegro,Europe
mne,1884,36.27,Montenegro,Europe
mne,1885,36.33,Montenegro,Europe
mne,1886,36.4,Montenegro,Europe
mne,1887,36.46,Montenegro,Europe
mne,1888,36.52,Montenegro,Europe
mne,1889,36.58,Montenegro,Europe
mne,1890,36.65,Montenegro,Europe
mne,1891,36.71,Montenegro,Europe
mne,1892,36.77,Montenegro,Europe
mne,1893,36.83,Montenegro,Europe
mne,1894,36.89,Montenegro,Europe
mne,1895,36.96,Montenegro,Europe
mne,1896,37.02,Montenegro,Europe
mne,1897,37.08,Montenegro,Europe
mne,1898,37.14,Montenegro,Europe
mne,1899,37.21,Montenegro,Europe
mne,1900,37.27,Montenegro,Europe
mne,1901,37.33,Montenegro,Europe
mne,1902,37.39,Montenegro,Europe
mne,1903,37.46,Montenegro,Europe
mne,1904,37.52,Montenegro,Europe
mne,1905,37.58,Montenegro,Europe
mne,1906,37.64,Montenegro,Europe
mne,1907,37.7,Montenegro,Europe
mne,1908,37.77,Montenegro,Europe
mne,1909,37.83,Montenegro,Europe
mne,1910,37.89,Montenegro,Europe
mne,1911,37.95,Montenegro,Europe
mne,1912,38.02,Montenegro,Europe
mne,1913,38.08,Montenegro,Europe
mne,1914,38.14,Montenegro,Europe
mne,1915,38.2,Montenegro,Europe
mne,1916,38.26,Montenegro,Europe
mne,1917,38.33,Montenegro,Europe
mne,1918,21.07,Montenegro,Europe
mne,1919,38.45,Montenegro,Europe
mne,1920,38.51,Montenegro,Europe
mne,1921,39.44,Montenegro,Europe
mne,1922,40.37,Montenegro,Europe
mne,1923,41.3,Montenegro,Europe
mne,1924,42.23,Montenegro,Europe
mne,1925,43.17,Montenegro,Europe
mne,1926,44.11,Montenegro,Europe
mne,1927,45.05,Montenegro,Europe
mne,1928,46,Montenegro,Europe
mne,1929,46.95,Montenegro,Europe
mne,1930,47.9,Montenegro,Europe
mne,1931,48.85,Montenegro,Europe
mne,1932,49.81,Montenegro,Europe
mne,1933,50.77,Montenegro,Europe
mne,1934,51.73,Montenegro,Europe
mne,1935,52.7,Montenegro,Europe
mne,1936,53.66,Montenegro,Europe
mne,1937,54.64,Montenegro,Europe
mne,1938,55.61,Montenegro,Europe
mne,1939,56.59,Montenegro,Europe
mne,1940,57.56,Montenegro,Europe
mne,1941,45.49,Montenegro,Europe
mne,1942,42.2,Montenegro,Europe
mne,1943,40.95,Montenegro,Europe
mne,1944,39.24,Montenegro,Europe
mne,1945,41.31,Montenegro,Europe
mne,1946,52.15,Montenegro,Europe
mne,1947,63.59,Montenegro,Europe
mne,1948,64.94,Montenegro,Europe
mne,1949,66.49,Montenegro,Europe
mne,1950,67.51,Montenegro,Europe
mne,1951,67.16,Montenegro,Europe
mne,1952,68.23,Montenegro,Europe
mne,1953,68.37,Montenegro,Europe
mne,1954,68.94,Montenegro,Europe
mne,1955,68.81,Montenegro,Europe
mne,1956,69.07,Montenegro,Europe
mne,1957,69.59,Montenegro,Europe
mne,1958,70.47,Montenegro,Europe
mne,1959,70.52,Montenegro,Europe
mne,1960,70.79,Montenegro,Europe
mne,1961,71.19,Montenegro,Europe
mne,1962,71.09,Montenegro,Europe
mne,1963,71.55,Montenegro,Europe
mne,1964,71.81,Montenegro,Europe
mne,1965,72.44,Montenegro,Europe
mne,1966,73.15,Montenegro,Europe
mne,1967,73.27,Montenegro,Europe
mne,1968,73.47,Montenegro,Europe
mne,1969,73.39,Montenegro,Europe
mne,1970,73.66,Montenegro,Europe
mne,1971,73.69,Montenegro,Europe
mne,1972,73.81,Montenegro,Europe
mne,1973,73.56,Montenegro,Europe
mne,1974,73.37,Montenegro,Europe
mne,1975,73.22,Montenegro,Europe
mne,1976,73.2,Montenegro,Europe
mne,1977,73.19,Montenegro,Europe
mne,1978,73.15,Montenegro,Europe
mne,1979,72.42,Montenegro,Europe
mne,1980,73.6,Montenegro,Europe
mne,1981,73.74,Montenegro,Europe
mne,1982,73.34,Montenegro,Europe
mne,1983,72.81,Montenegro,Europe
mne,1984,72.83,Montenegro,Europe
mne,1985,73,Montenegro,Europe
mne,1986,73.28,Montenegro,Europe
mne,1987,73.55,Montenegro,Europe
mne,1988,73.85,Montenegro,Europe
mne,1989,74.21,Montenegro,Europe
mne,1990,74.67,Montenegro,Europe
mne,1991,75.02,Montenegro,Europe
mne,1992,75.02,Montenegro,Europe
mne,1993,74.72,Montenegro,Europe
mne,1994,74.37,Montenegro,Europe
mne,1995,74.27,Montenegro,Europe
mne,1996,74.11,Montenegro,Europe
mne,1997,73.82,Montenegro,Europe
mne,1998,73.73,Montenegro,Europe
mne,1999,73.64,Montenegro,Europe
mne,2000,73.71,Montenegro,Europe
mne,2001,73.77,Montenegro,Europe
mne,2002,73.88,Montenegro,Europe
mne,2003,73.8,Montenegro,Europe
mne,2004,73.81,Montenegro,Europe
mne,2005,73.8,Montenegro,Europe
mne,2006,73.86,Montenegro,Europe
mne,2007,74.06,Montenegro,Europe
mne,2008,74.26,Montenegro,Europe
mne,2009,74.44,Montenegro,Europe
mne,2010,74.73,Montenegro,Europe
mne,2011,74.93,Montenegro,Europe
mne,2012,75.15,Montenegro,Europe
mne,2013,75.14,Montenegro,Europe
mne,2014,75.2,Montenegro,Europe
mne,2015,75.31,Montenegro,Europe
mne,2016,75.38,Montenegro,Europe
mne,2017,75.45,Montenegro,Europe
mne,2018,75.64,Montenegro,Europe
mne,2019,75.86,Montenegro,Europe
mne,2020,74.43,Montenegro,Europe
mne,2021,76.13,Montenegro,Europe
mne,2022,76.28,Montenegro,Europe
mne,2023,76.43,Montenegro,Europe
mne,2024,76.58,Montenegro,Europe
mne,2025,76.72,Montenegro,Europe
mne,2026,76.87,Montenegro,Europe
mne,2027,77.01,Montenegro,Europe
mne,2028,77.15,Montenegro,Europe
mne,2029,77.29,Montenegro,Europe
mne,2030,77.43,Montenegro,Europe
mne,2031,77.57,Montenegro,Europe
mne,2032,77.71,Montenegro,Europe
mne,2033,77.85,Montenegro,Europe
mne,2034,77.99,Montenegro,Europe
mne,2035,78.13,Montenegro,Europe
mne,2036,78.27,Montenegro,Europe
mne,2037,78.41,Montenegro,Europe
mne,2038,78.55,Montenegro,Europe
mne,2039,78.69,Montenegro,Europe
mne,2040,78.83,Montenegro,Europe
mne,2041,78.97,Montenegro,Europe
mne,2042,79.11,Montenegro,Europe
mne,2043,79.24,Montenegro,Europe
mne,2044,79.38,Montenegro,Europe
mne,2045,79.51,Montenegro,Europe
mne,2046,79.65,Montenegro,Europe
mne,2047,79.78,Montenegro,Europe
mne,2048,79.91,Montenegro,Europe
mne,2049,80.05,Montenegro,Europe
mne,2050,80.18,Montenegro,Europe
mne,2051,80.32,Montenegro,Europe
mne,2052,80.45,Montenegro,Europe
mne,2053,80.59,Montenegro,Europe
mne,2054,80.72,Montenegro,Europe
mne,2055,80.85,Montenegro,Europe
mne,2056,80.98,Montenegro,Europe
mne,2057,81.11,Montenegro,Europe
mne,2058,81.24,Montenegro,Europe
mne,2059,81.37,Montenegro,Europe
mne,2060,81.5,Montenegro,Europe
mne,2061,81.63,Montenegro,Europe
mne,2062,81.76,Montenegro,Europe
mne,2063,81.88,Montenegro,Europe
mne,2064,82.01,Montenegro,Europe
mne,2065,82.13,Montenegro,Europe
mne,2066,82.25,Montenegro,Europe
mne,2067,82.37,Montenegro,Europe
mne,2068,82.49,Montenegro,Europe
mne,2069,82.61,Montenegro,Europe
mne,2070,82.72,Montenegro,Europe
mne,2071,82.83,Montenegro,Europe
mne,2072,82.95,Montenegro,Europe
mne,2073,83.06,Montenegro,Europe
mne,2074,83.17,Montenegro,Europe
mne,2075,83.28,Montenegro,Europe
mne,2076,83.38,Montenegro,Europe
mne,2077,83.49,Montenegro,Europe
mne,2078,83.59,Montenegro,Europe
mne,2079,83.7,Montenegro,Europe
mne,2080,83.8,Montenegro,Europe
mne,2081,83.9,Montenegro,Europe
mne,2082,84,Montenegro,Europe
mne,2083,84.1,Montenegro,Europe
mne,2084,84.2,Montenegro,Europe
mne,2085,84.3,Montenegro,Europe
mne,2086,84.4,Montenegro,Europe
mne,2087,84.5,Montenegro,Europe
mne,2088,84.6,Montenegro,Europe
mne,2089,84.69,Montenegro,Europe
mne,2090,84.79,Montenegro,Europe
mne,2091,84.88,Montenegro,Europe
mne,2092,84.97,Montenegro,Europe
mne,2093,85.07,Montenegro,Europe
mne,2094,85.16,Montenegro,Europe
mne,2095,85.25,Montenegro,Europe
mne,2096,85.34,Montenegro,Europe
mne,2097,85.43,Montenegro,Europe
mne,2098,85.52,Montenegro,Europe
mne,2099,85.61,Montenegro,Europe
mne,2100,85.7,Montenegro,Europe
mar,1800,33.1,Morocco,Africa
mar,1801,33.1,Morocco,Africa
mar,1802,33.1,Morocco,Africa
mar,1803,33.1,Morocco,Africa
mar,1804,33.1,Morocco,Africa
mar,1805,33.1,Morocco,Africa
mar,1806,33.1,Morocco,Africa
mar,1807,33.1,Morocco,Africa
mar,1808,33.1,Morocco,Africa
mar,1809,33.1,Morocco,Africa
mar,1810,33.1,Morocco,Africa
mar,1811,33.1,Morocco,Africa
mar,1812,33.1,Morocco,Africa
mar,1813,33.1,Morocco,Africa
mar,1814,33.1,Morocco,Africa
mar,1815,33.1,Morocco,Africa
mar,1816,33.1,Morocco,Africa
mar,1817,33.1,Morocco,Africa
mar,1818,33.1,Morocco,Africa
mar,1819,33.1,Morocco,Africa
mar,1820,33.1,Morocco,Africa
mar,1821,33.1,Morocco,Africa
mar,1822,33.1,Morocco,Africa
mar,1823,33.1,Morocco,Africa
mar,1824,33.1,Morocco,Africa
mar,1825,33.1,Morocco,Africa
mar,1826,33.1,Morocco,Africa
mar,1827,33.1,Morocco,Africa
mar,1828,33.1,Morocco,Africa
mar,1829,33.1,Morocco,Africa
mar,1830,33.1,Morocco,Africa
mar,1831,33.1,Morocco,Africa
mar,1832,33.1,Morocco,Africa
mar,1833,33.1,Morocco,Africa
mar,1834,33.1,Morocco,Africa
mar,1835,33.1,Morocco,Africa
mar,1836,33.1,Morocco,Africa
mar,1837,33.1,Morocco,Africa
mar,1838,33.1,Morocco,Africa
mar,1839,33.1,Morocco,Africa
mar,1840,33.1,Morocco,Africa
mar,1841,33.1,Morocco,Africa
mar,1842,33.1,Morocco,Africa
mar,1843,33.1,Morocco,Africa
mar,1844,33.1,Morocco,Africa
mar,1845,33.1,Morocco,Africa
mar,1846,33.1,Morocco,Africa
mar,1847,33.1,Morocco,Africa
mar,1848,33.1,Morocco,Africa
mar,1849,33.1,Morocco,Africa
mar,1850,33.1,Morocco,Africa
mar,1851,33.1,Morocco,Africa
mar,1852,33.1,Morocco,Africa
mar,1853,33.1,Morocco,Africa
mar,1854,33.1,Morocco,Africa
mar,1855,33.1,Morocco,Africa
mar,1856,33.1,Morocco,Africa
mar,1857,33.1,Morocco,Africa
mar,1858,33.1,Morocco,Africa
mar,1859,33.1,Morocco,Africa
mar,1860,33.1,Morocco,Africa
mar,1861,33.1,Morocco,Africa
mar,1862,33.1,Morocco,Africa
mar,1863,33.1,Morocco,Africa
mar,1864,33.1,Morocco,Africa
mar,1865,33.1,Morocco,Africa
mar,1866,33.1,Morocco,Africa
mar,1867,33.1,Morocco,Africa
mar,1868,33.1,Morocco,Africa
mar,1869,33.1,Morocco,Africa
mar,1870,33.1,Morocco,Africa
mar,1871,33.1,Morocco,Africa
mar,1872,33.09,Morocco,Africa
mar,1873,33.09,Morocco,Africa
mar,1874,33.08,Morocco,Africa
mar,1875,33.08,Morocco,Africa
mar,1876,33.08,Morocco,Africa
mar,1877,33.07,Morocco,Africa
mar,1878,33.07,Morocco,Africa
mar,1879,33.06,Morocco,Africa
mar,1880,33.06,Morocco,Africa
mar,1881,33.06,Morocco,Africa
mar,1882,33.05,Morocco,Africa
mar,1883,33.05,Morocco,Africa
mar,1884,33.04,Morocco,Africa
mar,1885,33.04,Morocco,Africa
mar,1886,33.04,Morocco,Africa
mar,1887,33.03,Morocco,Africa
mar,1888,33.03,Morocco,Africa
mar,1889,33.02,Morocco,Africa
mar,1890,33.02,Morocco,Africa
mar,1891,33.02,Morocco,Africa
mar,1892,33.01,Morocco,Africa
mar,1893,33.01,Morocco,Africa
mar,1894,33,Morocco,Africa
mar,1895,33,Morocco,Africa
mar,1896,33,Morocco,Africa
mar,1897,32.99,Morocco,Africa
mar,1898,32.99,Morocco,Africa
mar,1899,32.98,Morocco,Africa
mar,1900,32.98,Morocco,Africa
mar,1901,32.98,Morocco,Africa
mar,1902,32.97,Morocco,Africa
mar,1903,32.97,Morocco,Africa
mar,1904,32.96,Morocco,Africa
mar,1905,32.96,Morocco,Africa
mar,1906,32.96,Morocco,Africa
mar,1907,32.95,Morocco,Africa
mar,1908,32.95,Morocco,Africa
mar,1909,32.95,Morocco,Africa
mar,1910,32.94,Morocco,Africa
mar,1911,32.94,Morocco,Africa
mar,1912,32.93,Morocco,Africa
mar,1913,32.93,Morocco,Africa
mar,1914,32.93,Morocco,Africa
mar,1915,32.92,Morocco,Africa
mar,1916,32.92,Morocco,Africa
mar,1917,32.91,Morocco,Africa
mar,1918,25.19,Morocco,Africa
mar,1919,32.91,Morocco,Africa
mar,1920,32.9,Morocco,Africa
mar,1921,32.9,Morocco,Africa
mar,1922,32.89,Morocco,Africa
mar,1923,32.89,Morocco,Africa
mar,1924,32.89,Morocco,Africa
mar,1925,32.88,Morocco,Africa
mar,1926,32.88,Morocco,Africa
mar,1927,32.87,Morocco,Africa
mar,1928,32.87,Morocco,Africa
mar,1929,32.87,Morocco,Africa
mar,1930,32.86,Morocco,Africa
mar,1931,32.86,Morocco,Africa
mar,1932,32.85,Morocco,Africa
mar,1933,32.85,Morocco,Africa
mar,1934,32.85,Morocco,Africa
mar,1935,32.84,Morocco,Africa
mar,1936,32.84,Morocco,Africa
mar,1937,32.83,Morocco,Africa
mar,1938,32.83,Morocco,Africa
mar,1939,32.83,Morocco,Africa
mar,1940,32.82,Morocco,Africa
mar,1941,34,Morocco,Africa
mar,1942,35.18,Morocco,Africa
mar,1943,36.36,Morocco,Africa
mar,1944,37.54,Morocco,Africa
mar,1945,38.72,Morocco,Africa
mar,1946,39.9,Morocco,Africa
mar,1947,41.07,Morocco,Africa
mar,1948,42.25,Morocco,Africa
mar,1949,43.43,Morocco,Africa
mar,1950,44.6,Morocco,Africa
mar,1951,44.85,Morocco,Africa
mar,1952,45.16,Morocco,Africa
mar,1953,45.42,Morocco,Africa
mar,1954,45.66,Morocco,Africa
mar,1955,45.84,Morocco,Africa
mar,1956,46.24,Morocco,Africa
mar,1957,46.82,Morocco,Africa
mar,1958,47.29,Morocco,Africa
mar,1959,47.78,Morocco,Africa
mar,1960,46.67,Morocco,Africa
mar,1961,48.77,Morocco,Africa
mar,1962,49.29,Morocco,Africa
mar,1963,49.66,Morocco,Africa
mar,1964,50.31,Morocco,Africa
mar,1965,51.02,Morocco,Africa
mar,1966,51.61,Morocco,Africa
mar,1967,52.25,Morocco,Africa
mar,1968,52.92,Morocco,Africa
mar,1969,53.62,Morocco,Africa
mar,1970,54.28,Morocco,Africa
mar,1971,54.86,Morocco,Africa
mar,1972,55.46,Morocco,Africa
mar,1973,56,Morocco,Africa
mar,1974,56.62,Morocco,Africa
mar,1975,57.11,Morocco,Africa
mar,1976,57.86,Morocco,Africa
mar,1977,58.62,Morocco,Africa
mar,1978,59.31,Morocco,Africa
mar,1979,59.9,Morocco,Africa
mar,1980,60.62,Morocco,Africa
mar,1981,61.29,Morocco,Africa
mar,1982,62.39,Morocco,Africa
mar,1983,63.04,Morocco,Africa
mar,1984,63.77,Morocco,Africa
mar,1985,64.41,Morocco,Africa
mar,1986,64.92,Morocco,Africa
mar,1987,65.3,Morocco,Africa
mar,1988,65.74,Morocco,Africa
mar,1989,66.12,Morocco,Africa
mar,1990,66.69,Morocco,Africa
mar,1991,67,Morocco,Africa
mar,1992,66.91,Morocco,Africa
mar,1993,67.06,Morocco,Africa
mar,1994,67.48,Morocco,Africa
mar,1995,67.69,Morocco,Africa
mar,1996,68.14,Morocco,Africa
mar,1997,68.4,Morocco,Africa
mar,1998,68.75,Morocco,Africa
mar,1999,68.93,Morocco,Africa
mar,2000,69.51,Morocco,Africa
mar,2001,69.93,Morocco,Africa
mar,2002,70.26,Morocco,Africa
mar,2003,70.34,Morocco,Africa
mar,2004,70.55,Morocco,Africa
mar,2005,70.81,Morocco,Africa
mar,2006,71.01,Morocco,Africa
mar,2007,71.2,Morocco,Africa
mar,2008,71.38,Morocco,Africa
mar,2009,71.62,Morocco,Africa
mar,2010,71.86,Morocco,Africa
mar,2011,72.14,Morocco,Africa
mar,2012,72.33,Morocco,Africa
mar,2013,72.14,Morocco,Africa
mar,2014,72.35,Morocco,Africa
mar,2015,72.55,Morocco,Africa
mar,2016,72.76,Morocco,Africa
mar,2017,72.94,Morocco,Africa
mar,2018,73.13,Morocco,Africa
mar,2019,73.34,Morocco,Africa
mar,2020,73,Morocco,Africa
mar,2021,73.76,Morocco,Africa
mar,2022,73.97,Morocco,Africa
mar,2023,74.17,Morocco,Africa
mar,2024,74.36,Morocco,Africa
mar,2025,74.56,Morocco,Africa
mar,2026,74.75,Morocco,Africa
mar,2027,74.95,Morocco,Africa
mar,2028,75.13,Morocco,Africa
mar,2029,75.32,Morocco,Africa
mar,2030,75.51,Morocco,Africa
mar,2031,75.69,Morocco,Africa
mar,2032,75.87,Morocco,Africa
mar,2033,76.05,Morocco,Africa
mar,2034,76.23,Morocco,Africa
mar,2035,76.4,Morocco,Africa
mar,2036,76.58,Morocco,Africa
mar,2037,76.75,Morocco,Africa
mar,2038,76.92,Morocco,Africa
mar,2039,77.09,Morocco,Africa
mar,2040,77.26,Morocco,Africa
mar,2041,77.42,Morocco,Africa
mar,2042,77.59,Morocco,Africa
mar,2043,77.75,Morocco,Africa
mar,2044,77.91,Morocco,Africa
mar,2045,78.08,Morocco,Africa
mar,2046,78.24,Morocco,Africa
mar,2047,78.39,Morocco,Africa
mar,2048,78.55,Morocco,Africa
mar,2049,78.7,Morocco,Africa
mar,2050,78.85,Morocco,Africa
mar,2051,79,Morocco,Africa
mar,2052,79.15,Morocco,Africa
mar,2053,79.3,Morocco,Africa
mar,2054,79.44,Morocco,Africa
mar,2055,79.58,Morocco,Africa
mar,2056,79.73,Morocco,Africa
mar,2057,79.86,Morocco,Africa
mar,2058,80,Morocco,Africa
mar,2059,80.13,Morocco,Africa
mar,2060,80.26,Morocco,Africa
mar,2061,80.39,Morocco,Africa
mar,2062,80.52,Morocco,Africa
mar,2063,80.64,Morocco,Africa
mar,2064,80.76,Morocco,Africa
mar,2065,80.88,Morocco,Africa
mar,2066,81,Morocco,Africa
mar,2067,81.11,Morocco,Africa
mar,2068,81.23,Morocco,Africa
mar,2069,81.34,Morocco,Africa
mar,2070,81.45,Morocco,Africa
mar,2071,81.56,Morocco,Africa
mar,2072,81.67,Morocco,Africa
mar,2073,81.78,Morocco,Africa
mar,2074,81.88,Morocco,Africa
mar,2075,81.98,Morocco,Africa
mar,2076,82.09,Morocco,Africa
mar,2077,82.19,Morocco,Africa
mar,2078,82.29,Morocco,Africa
mar,2079,82.39,Morocco,Africa
mar,2080,82.49,Morocco,Africa
mar,2081,82.6,Morocco,Africa
mar,2082,82.7,Morocco,Africa
mar,2083,82.8,Morocco,Africa
mar,2084,82.9,Morocco,Africa
mar,2085,83.01,Morocco,Africa
mar,2086,83.11,Morocco,Africa
mar,2087,83.22,Morocco,Africa
mar,2088,83.32,Morocco,Africa
mar,2089,83.42,Morocco,Africa
mar,2090,83.52,Morocco,Africa
mar,2091,83.63,Morocco,Africa
mar,2092,83.73,Morocco,Africa
mar,2093,83.83,Morocco,Africa
mar,2094,83.93,Morocco,Africa
mar,2095,84.04,Morocco,Africa
mar,2096,84.14,Morocco,Africa
mar,2097,84.24,Morocco,Africa
mar,2098,84.34,Morocco,Africa
mar,2099,84.45,Morocco,Africa
mar,2100,84.55,Morocco,Africa
moz,1800,30.28,Mozambique,Africa
moz,1801,30.28,Mozambique,Africa
moz,1802,30.28,Mozambique,Africa
moz,1803,30.28,Mozambique,Africa
moz,1804,30.28,Mozambique,Africa
moz,1805,30.28,Mozambique,Africa
moz,1806,30.28,Mozambique,Africa
moz,1807,30.28,Mozambique,Africa
moz,1808,30.28,Mozambique,Africa
moz,1809,30.28,Mozambique,Africa
moz,1810,30.28,Mozambique,Africa
moz,1811,30.28,Mozambique,Africa
moz,1812,30.28,Mozambique,Africa
moz,1813,30.28,Mozambique,Africa
moz,1814,30.28,Mozambique,Africa
moz,1815,30.28,Mozambique,Africa
moz,1816,30.28,Mozambique,Africa
moz,1817,30.28,Mozambique,Africa
moz,1818,30.28,Mozambique,Africa
moz,1819,30.28,Mozambique,Africa
moz,1820,30.28,Mozambique,Africa
moz,1821,30.28,Mozambique,Africa
moz,1822,30.28,Mozambique,Africa
moz,1823,30.28,Mozambique,Africa
moz,1824,30.28,Mozambique,Africa
moz,1825,30.28,Mozambique,Africa
moz,1826,30.28,Mozambique,Africa
moz,1827,30.28,Mozambique,Africa
moz,1828,30.28,Mozambique,Africa
moz,1829,30.28,Mozambique,Africa
moz,1830,30.28,Mozambique,Africa
moz,1831,30.28,Mozambique,Africa
moz,1832,30.28,Mozambique,Africa
moz,1833,30.28,Mozambique,Africa
moz,1834,30.28,Mozambique,Africa
moz,1835,30.28,Mozambique,Africa
moz,1836,30.28,Mozambique,Africa
moz,1837,30.28,Mozambique,Africa
moz,1838,30.28,Mozambique,Africa
moz,1839,30.28,Mozambique,Africa
moz,1840,30.28,Mozambique,Africa
moz,1841,30.28,Mozambique,Africa
moz,1842,30.28,Mozambique,Africa
moz,1843,30.28,Mozambique,Africa
moz,1844,30.28,Mozambique,Africa
moz,1845,30.28,Mozambique,Africa
moz,1846,30.28,Mozambique,Africa
moz,1847,30.28,Mozambique,Africa
moz,1848,30.28,Mozambique,Africa
moz,1849,30.28,Mozambique,Africa
moz,1850,30.28,Mozambique,Africa
moz,1851,30.28,Mozambique,Africa
moz,1852,30.28,Mozambique,Africa
moz,1853,30.28,Mozambique,Africa
moz,1854,30.28,Mozambique,Africa
moz,1855,30.28,Mozambique,Africa
moz,1856,30.28,Mozambique,Africa
moz,1857,30.28,Mozambique,Africa
moz,1858,30.28,Mozambique,Africa
moz,1859,30.28,Mozambique,Africa
moz,1860,30.28,Mozambique,Africa
moz,1861,30.28,Mozambique,Africa
moz,1862,30.28,Mozambique,Africa
moz,1863,30.28,Mozambique,Africa
moz,1864,30.28,Mozambique,Africa
moz,1865,30.28,Mozambique,Africa
moz,1866,30.28,Mozambique,Africa
moz,1867,30.28,Mozambique,Africa
moz,1868,30.28,Mozambique,Africa
moz,1869,30.28,Mozambique,Africa
moz,1870,30.28,Mozambique,Africa
moz,1871,30.44,Mozambique,Africa
moz,1872,30.59,Mozambique,Africa
moz,1873,30.75,Mozambique,Africa
moz,1874,30.91,Mozambique,Africa
moz,1875,31.07,Mozambique,Africa
moz,1876,31.23,Mozambique,Africa
moz,1877,31.39,Mozambique,Africa
moz,1878,31.55,Mozambique,Africa
moz,1879,31.71,Mozambique,Africa
moz,1880,31.86,Mozambique,Africa
moz,1881,32.02,Mozambique,Africa
moz,1882,32.18,Mozambique,Africa
moz,1883,32.34,Mozambique,Africa
moz,1884,32.5,Mozambique,Africa
moz,1885,32.66,Mozambique,Africa
moz,1886,32.82,Mozambique,Africa
moz,1887,32.97,Mozambique,Africa
moz,1888,33.13,Mozambique,Africa
moz,1889,33.29,Mozambique,Africa
moz,1890,33.45,Mozambique,Africa
moz,1891,33.61,Mozambique,Africa
moz,1892,33.77,Mozambique,Africa
moz,1893,33.93,Mozambique,Africa
moz,1894,34.09,Mozambique,Africa
moz,1895,34.24,Mozambique,Africa
moz,1896,34.4,Mozambique,Africa
moz,1897,34.56,Mozambique,Africa
moz,1898,34.72,Mozambique,Africa
moz,1899,34.88,Mozambique,Africa
moz,1900,35.04,Mozambique,Africa
moz,1901,35.2,Mozambique,Africa
moz,1902,35.35,Mozambique,Africa
moz,1903,35.51,Mozambique,Africa
moz,1904,35.67,Mozambique,Africa
moz,1905,35.83,Mozambique,Africa
moz,1906,35.99,Mozambique,Africa
moz,1907,36.15,Mozambique,Africa
moz,1908,36.31,Mozambique,Africa
moz,1909,36.47,Mozambique,Africa
moz,1910,36.62,Mozambique,Africa
moz,1911,36.78,Mozambique,Africa
moz,1912,36.94,Mozambique,Africa
moz,1913,37.1,Mozambique,Africa
moz,1914,37.26,Mozambique,Africa
moz,1915,37.42,Mozambique,Africa
moz,1916,37.58,Mozambique,Africa
moz,1917,37.73,Mozambique,Africa
moz,1918,14.66,Mozambique,Africa
moz,1919,38.05,Mozambique,Africa
moz,1920,38.21,Mozambique,Africa
moz,1921,38.37,Mozambique,Africa
moz,1922,38.53,Mozambique,Africa
moz,1923,38.69,Mozambique,Africa
moz,1924,38.85,Mozambique,Africa
moz,1925,39,Mozambique,Africa
moz,1926,39.16,Mozambique,Africa
moz,1927,39.32,Mozambique,Africa
moz,1928,39.48,Mozambique,Africa
moz,1929,39.64,Mozambique,Africa
moz,1930,39.8,Mozambique,Africa
moz,1931,39.96,Mozambique,Africa
moz,1932,40.11,Mozambique,Africa
moz,1933,40.27,Mozambique,Africa
moz,1934,40.43,Mozambique,Africa
moz,1935,40.59,Mozambique,Africa
moz,1936,40.75,Mozambique,Africa
moz,1937,40.91,Mozambique,Africa
moz,1938,41.07,Mozambique,Africa
moz,1939,41.23,Mozambique,Africa
moz,1940,41.38,Mozambique,Africa
moz,1941,41.54,Mozambique,Africa
moz,1942,41.7,Mozambique,Africa
moz,1943,41.86,Mozambique,Africa
moz,1944,42.02,Mozambique,Africa
moz,1945,42.18,Mozambique,Africa
moz,1946,42.34,Mozambique,Africa
moz,1947,42.5,Mozambique,Africa
moz,1948,42.65,Mozambique,Africa
moz,1949,42.81,Mozambique,Africa
moz,1950,42.97,Mozambique,Africa
moz,1951,43.13,Mozambique,Africa
moz,1952,43.3,Mozambique,Africa
moz,1953,43.51,Mozambique,Africa
moz,1954,43.71,Mozambique,Africa
moz,1955,43.95,Mozambique,Africa
moz,1956,44.12,Mozambique,Africa
moz,1957,44.33,Mozambique,Africa
moz,1958,44.56,Mozambique,Africa
moz,1959,44.82,Mozambique,Africa
moz,1960,45.09,Mozambique,Africa
moz,1961,45.35,Mozambique,Africa
moz,1962,45.65,Mozambique,Africa
moz,1963,45.91,Mozambique,Africa
moz,1964,45.73,Mozambique,Africa
moz,1965,45.98,Mozambique,Africa
moz,1966,46.18,Mozambique,Africa
moz,1967,46.49,Mozambique,Africa
moz,1968,46.85,Mozambique,Africa
moz,1969,47.27,Mozambique,Africa
moz,1970,47.65,Mozambique,Africa
moz,1971,47.99,Mozambique,Africa
moz,1972,48.34,Mozambique,Africa
moz,1973,48.71,Mozambique,Africa
moz,1974,49.17,Mozambique,Africa
moz,1975,49.79,Mozambique,Africa
moz,1976,49.93,Mozambique,Africa
moz,1977,49.94,Mozambique,Africa
moz,1978,50.13,Mozambique,Africa
moz,1979,50.2,Mozambique,Africa
moz,1980,50.45,Mozambique,Africa
moz,1981,47.97,Mozambique,Africa
moz,1982,48.18,Mozambique,Africa
moz,1983,48.31,Mozambique,Africa
moz,1984,45.81,Mozambique,Africa
moz,1985,45.83,Mozambique,Africa
moz,1986,47.6,Mozambique,Africa
moz,1987,47.71,Mozambique,Africa
moz,1988,51.05,Mozambique,Africa
moz,1989,51.39,Mozambique,Africa
moz,1990,51.58,Mozambique,Africa
moz,1991,51.82,Mozambique,Africa
moz,1992,52.13,Mozambique,Africa
moz,1993,52.37,Mozambique,Africa
moz,1994,52.58,Mozambique,Africa
moz,1995,52.6,Mozambique,Africa
moz,1996,52.64,Mozambique,Africa
moz,1997,52.57,Mozambique,Africa
moz,1998,52.56,Mozambique,Africa
moz,1999,52.42,Mozambique,Africa
moz,2000,52.19,Mozambique,Africa
moz,2001,52.29,Mozambique,Africa
moz,2002,52.17,Mozambique,Africa
moz,2003,52.13,Mozambique,Africa
moz,2004,52.08,Mozambique,Africa
moz,2005,52.06,Mozambique,Africa
moz,2006,52.32,Mozambique,Africa
moz,2007,52.82,Mozambique,Africa
moz,2008,53.36,Mozambique,Africa
moz,2009,53.51,Mozambique,Africa
moz,2010,53.53,Mozambique,Africa
moz,2011,53.61,Mozambique,Africa
moz,2012,53.63,Mozambique,Africa
moz,2013,54.01,Mozambique,Africa
moz,2014,54.91,Mozambique,Africa
moz,2015,55.83,Mozambique,Africa
moz,2016,56.65,Mozambique,Africa
moz,2017,57.34,Mozambique,Africa
moz,2018,57.88,Mozambique,Africa
moz,2019,58.38,Mozambique,Africa
moz,2020,58.37,Mozambique,Africa
moz,2021,59.28,Mozambique,Africa
moz,2022,59.6,Mozambique,Africa
moz,2023,59.91,Mozambique,Africa
moz,2024,60.22,Mozambique,Africa
moz,2025,60.55,Mozambique,Africa
moz,2026,60.9,Mozambique,Africa
moz,2027,61.25,Mozambique,Africa
moz,2028,61.59,Mozambique,Africa
moz,2029,61.92,Mozambique,Africa
moz,2030,62.24,Mozambique,Africa
moz,2031,62.56,Mozambique,Africa
moz,2032,62.87,Mozambique,Africa
moz,2033,63.16,Mozambique,Africa
moz,2034,63.45,Mozambique,Africa
moz,2035,63.73,Mozambique,Africa
moz,2036,64.01,Mozambique,Africa
moz,2037,64.27,Mozambique,Africa
moz,2038,64.53,Mozambique,Africa
moz,2039,64.79,Mozambique,Africa
moz,2040,65.03,Mozambique,Africa
moz,2041,65.28,Mozambique,Africa
moz,2042,65.51,Mozambique,Africa
moz,2043,65.74,Mozambique,Africa
moz,2044,65.97,Mozambique,Africa
moz,2045,66.19,Mozambique,Africa
moz,2046,66.4,Mozambique,Africa
moz,2047,66.61,Mozambique,Africa
moz,2048,66.82,Mozambique,Africa
moz,2049,67.02,Mozambique,Africa
moz,2050,67.21,Mozambique,Africa
moz,2051,67.4,Mozambique,Africa
moz,2052,67.58,Mozambique,Africa
moz,2053,67.77,Mozambique,Africa
moz,2054,67.95,Mozambique,Africa
moz,2055,68.12,Mozambique,Africa
moz,2056,68.3,Mozambique,Africa
moz,2057,68.47,Mozambique,Africa
moz,2058,68.64,Mozambique,Africa
moz,2059,68.8,Mozambique,Africa
moz,2060,68.97,Mozambique,Africa
moz,2061,69.13,Mozambique,Africa
moz,2062,69.29,Mozambique,Africa
moz,2063,69.45,Mozambique,Africa
moz,2064,69.61,Mozambique,Africa
moz,2065,69.77,Mozambique,Africa
moz,2066,69.93,Mozambique,Africa
moz,2067,70.09,Mozambique,Africa
moz,2068,70.24,Mozambique,Africa
moz,2069,70.4,Mozambique,Africa
moz,2070,70.55,Mozambique,Africa
moz,2071,70.7,Mozambique,Africa
moz,2072,70.86,Mozambique,Africa
moz,2073,71.01,Mozambique,Africa
moz,2074,71.16,Mozambique,Africa
moz,2075,71.31,Mozambique,Africa
moz,2076,71.46,Mozambique,Africa
moz,2077,71.61,Mozambique,Africa
moz,2078,71.76,Mozambique,Africa
moz,2079,71.91,Mozambique,Africa
moz,2080,72.06,Mozambique,Africa
moz,2081,72.21,Mozambique,Africa
moz,2082,72.36,Mozambique,Africa
moz,2083,72.51,Mozambique,Africa
moz,2084,72.66,Mozambique,Africa
moz,2085,72.81,Mozambique,Africa
moz,2086,72.95,Mozambique,Africa
moz,2087,73.1,Mozambique,Africa
moz,2088,73.24,Mozambique,Africa
moz,2089,73.39,Mozambique,Africa
moz,2090,73.53,Mozambique,Africa
moz,2091,73.67,Mozambique,Africa
moz,2092,73.81,Mozambique,Africa
moz,2093,73.96,Mozambique,Africa
moz,2094,74.1,Mozambique,Africa
moz,2095,74.25,Mozambique,Africa
moz,2096,74.4,Mozambique,Africa
moz,2097,74.55,Mozambique,Africa
moz,2098,74.7,Mozambique,Africa
moz,2099,74.85,Mozambique,Africa
moz,2100,75.01,Mozambique,Africa
mmr,1800,30.8,Myanmar,Asia
mmr,1801,30.8,Myanmar,Asia
mmr,1802,30.8,Myanmar,Asia
mmr,1803,30.8,Myanmar,Asia
mmr,1804,30.8,Myanmar,Asia
mmr,1805,30.8,Myanmar,Asia
mmr,1806,30.8,Myanmar,Asia
mmr,1807,30.8,Myanmar,Asia
mmr,1808,30.8,Myanmar,Asia
mmr,1809,30.8,Myanmar,Asia
mmr,1810,30.8,Myanmar,Asia
mmr,1811,30.8,Myanmar,Asia
mmr,1812,30.8,Myanmar,Asia
mmr,1813,30.8,Myanmar,Asia
mmr,1814,30.8,Myanmar,Asia
mmr,1815,30.8,Myanmar,Asia
mmr,1816,30.8,Myanmar,Asia
mmr,1817,30.8,Myanmar,Asia
mmr,1818,30.8,Myanmar,Asia
mmr,1819,30.8,Myanmar,Asia
mmr,1820,30.8,Myanmar,Asia
mmr,1821,30.8,Myanmar,Asia
mmr,1822,30.8,Myanmar,Asia
mmr,1823,30.8,Myanmar,Asia
mmr,1824,30.8,Myanmar,Asia
mmr,1825,30.8,Myanmar,Asia
mmr,1826,30.8,Myanmar,Asia
mmr,1827,30.8,Myanmar,Asia
mmr,1828,30.8,Myanmar,Asia
mmr,1829,30.8,Myanmar,Asia
mmr,1830,30.8,Myanmar,Asia
mmr,1831,30.8,Myanmar,Asia
mmr,1832,30.8,Myanmar,Asia
mmr,1833,30.8,Myanmar,Asia
mmr,1834,30.8,Myanmar,Asia
mmr,1835,30.8,Myanmar,Asia
mmr,1836,30.8,Myanmar,Asia
mmr,1837,30.8,Myanmar,Asia
mmr,1838,30.8,Myanmar,Asia
mmr,1839,30.8,Myanmar,Asia
mmr,1840,30.8,Myanmar,Asia
mmr,1841,30.8,Myanmar,Asia
mmr,1842,30.8,Myanmar,Asia
mmr,1843,30.8,Myanmar,Asia
mmr,1844,30.8,Myanmar,Asia
mmr,1845,30.8,Myanmar,Asia
mmr,1846,30.8,Myanmar,Asia
mmr,1847,30.8,Myanmar,Asia
mmr,1848,30.8,Myanmar,Asia
mmr,1849,30.8,Myanmar,Asia
mmr,1850,30.8,Myanmar,Asia
mmr,1851,30.8,Myanmar,Asia
mmr,1852,30.8,Myanmar,Asia
mmr,1853,30.8,Myanmar,Asia
mmr,1854,30.8,Myanmar,Asia
mmr,1855,30.8,Myanmar,Asia
mmr,1856,30.8,Myanmar,Asia
mmr,1857,30.8,Myanmar,Asia
mmr,1858,30.8,Myanmar,Asia
mmr,1859,30.8,Myanmar,Asia
mmr,1860,30.8,Myanmar,Asia
mmr,1861,30.8,Myanmar,Asia
mmr,1862,30.8,Myanmar,Asia
mmr,1863,30.8,Myanmar,Asia
mmr,1864,30.8,Myanmar,Asia
mmr,1865,30.8,Myanmar,Asia
mmr,1866,30.8,Myanmar,Asia
mmr,1867,30.8,Myanmar,Asia
mmr,1868,30.8,Myanmar,Asia
mmr,1869,30.8,Myanmar,Asia
mmr,1870,30.8,Myanmar,Asia
mmr,1871,30.81,Myanmar,Asia
mmr,1872,30.83,Myanmar,Asia
mmr,1873,30.84,Myanmar,Asia
mmr,1874,30.86,Myanmar,Asia
mmr,1875,30.87,Myanmar,Asia
mmr,1876,30.89,Myanmar,Asia
mmr,1877,30.9,Myanmar,Asia
mmr,1878,30.92,Myanmar,Asia
mmr,1879,30.93,Myanmar,Asia
mmr,1880,30.95,Myanmar,Asia
mmr,1881,30.96,Myanmar,Asia
mmr,1882,30.98,Myanmar,Asia
mmr,1883,30.99,Myanmar,Asia
mmr,1884,31.01,Myanmar,Asia
mmr,1885,31.02,Myanmar,Asia
mmr,1886,31.04,Myanmar,Asia
mmr,1887,31.05,Myanmar,Asia
mmr,1888,31.07,Myanmar,Asia
mmr,1889,31.08,Myanmar,Asia
mmr,1890,31.1,Myanmar,Asia
mmr,1891,31.11,Myanmar,Asia
mmr,1892,31.13,Myanmar,Asia
mmr,1893,31.14,Myanmar,Asia
mmr,1894,31.16,Myanmar,Asia
mmr,1895,31.17,Myanmar,Asia
mmr,1896,31.19,Myanmar,Asia
mmr,1897,31.2,Myanmar,Asia
mmr,1898,31.21,Myanmar,Asia
mmr,1899,31.23,Myanmar,Asia
mmr,1900,31.24,Myanmar,Asia
mmr,1901,31.26,Myanmar,Asia
mmr,1902,31.27,Myanmar,Asia
mmr,1903,31.29,Myanmar,Asia
mmr,1904,31.3,Myanmar,Asia
mmr,1905,31.32,Myanmar,Asia
mmr,1906,31.33,Myanmar,Asia
mmr,1907,31.35,Myanmar,Asia
mmr,1908,31.36,Myanmar,Asia
mmr,1909,31.38,Myanmar,Asia
mmr,1910,31.39,Myanmar,Asia
mmr,1911,31.41,Myanmar,Asia
mmr,1912,31.42,Myanmar,Asia
mmr,1913,31.44,Myanmar,Asia
mmr,1914,31.45,Myanmar,Asia
mmr,1915,31.47,Myanmar,Asia
mmr,1916,31.48,Myanmar,Asia
mmr,1917,31.5,Myanmar,Asia
mmr,1918,18.55,Myanmar,Asia
mmr,1919,31.53,Myanmar,Asia
mmr,1920,31.54,Myanmar,Asia
mmr,1921,31.56,Myanmar,Asia
mmr,1922,31.57,Myanmar,Asia
mmr,1923,31.58,Myanmar,Asia
mmr,1924,31.6,Myanmar,Asia
mmr,1925,31.61,Myanmar,Asia
mmr,1926,31.63,Myanmar,Asia
mmr,1927,31.64,Myanmar,Asia
mmr,1928,31.66,Myanmar,Asia
mmr,1929,31.67,Myanmar,Asia
mmr,1930,31.69,Myanmar,Asia
mmr,1931,31.7,Myanmar,Asia
mmr,1932,31.72,Myanmar,Asia
mmr,1933,31.73,Myanmar,Asia
mmr,1934,31.75,Myanmar,Asia
mmr,1935,31.76,Myanmar,Asia
mmr,1936,31.78,Myanmar,Asia
mmr,1937,31.79,Myanmar,Asia
mmr,1938,31.81,Myanmar,Asia
mmr,1939,31.82,Myanmar,Asia
mmr,1940,31.84,Myanmar,Asia
mmr,1941,31.85,Myanmar,Asia
mmr,1942,28.97,Myanmar,Asia
mmr,1943,29.5,Myanmar,Asia
mmr,1944,29.1,Myanmar,Asia
mmr,1945,29.01,Myanmar,Asia
mmr,1946,29.99,Myanmar,Asia
mmr,1947,30.97,Myanmar,Asia
mmr,1948,31.96,Myanmar,Asia
mmr,1949,33.26,Myanmar,Asia
mmr,1950,34.56,Myanmar,Asia
mmr,1951,35.41,Myanmar,Asia
mmr,1952,35.8,Myanmar,Asia
mmr,1953,36.12,Myanmar,Asia
mmr,1954,36.29,Myanmar,Asia
mmr,1955,36.63,Myanmar,Asia
mmr,1956,37.08,Myanmar,Asia
mmr,1957,37.44,Myanmar,Asia
mmr,1958,37.77,Myanmar,Asia
mmr,1959,38.23,Myanmar,Asia
mmr,1960,38.74,Myanmar,Asia
mmr,1961,39.07,Myanmar,Asia
mmr,1962,39.57,Myanmar,Asia
mmr,1963,40.09,Myanmar,Asia
mmr,1964,40.31,Myanmar,Asia
mmr,1965,40.76,Myanmar,Asia
mmr,1966,41.18,Myanmar,Asia
mmr,1967,41.54,Myanmar,Asia
mmr,1968,41.66,Myanmar,Asia
mmr,1969,42.2,Myanmar,Asia
mmr,1970,43.09,Myanmar,Asia
mmr,1971,44.22,Myanmar,Asia
mmr,1972,44.96,Myanmar,Asia
mmr,1973,45.66,Myanmar,Asia
mmr,1974,46.39,Myanmar,Asia
mmr,1975,47.02,Myanmar,Asia
mmr,1976,47.8,Myanmar,Asia
mmr,1977,48.47,Myanmar,Asia
mmr,1978,49.09,Myanmar,Asia
mmr,1979,50.01,Myanmar,Asia
mmr,1980,50.57,Myanmar,Asia
mmr,1981,51.12,Myanmar,Asia
mmr,1982,51.7,Myanmar,Asia
mmr,1983,52.29,Myanmar,Asia
mmr,1984,52.86,Myanmar,Asia
mmr,1985,53.38,Myanmar,Asia
mmr,1986,53.9,Myanmar,Asia
mmr,1987,54.32,Myanmar,Asia
mmr,1988,54.49,Myanmar,Asia
mmr,1989,55.07,Myanmar,Asia
mmr,1990,55.42,Myanmar,Asia
mmr,1991,55.65,Myanmar,Asia
mmr,1992,55.92,Myanmar,Asia
mmr,1993,56.31,Myanmar,Asia
mmr,1994,56.63,Myanmar,Asia
mmr,1995,56.96,Myanmar,Asia
mmr,1996,57.36,Myanmar,Asia
mmr,1997,57.72,Myanmar,Asia
mmr,1998,58.11,Myanmar,Asia
mmr,1999,58.52,Myanmar,Asia
mmr,2000,58.93,Myanmar,Asia
mmr,2001,59.37,Myanmar,Asia
mmr,2002,59.81,Myanmar,Asia
mmr,2003,60.3,Myanmar,Asia
mmr,2004,60.76,Myanmar,Asia
mmr,2005,61.38,Myanmar,Asia
mmr,2006,61.97,Myanmar,Asia
mmr,2007,62.65,Myanmar,Asia
mmr,2008,57.66,Myanmar,Asia
mmr,2009,64.03,Myanmar,Asia
mmr,2010,64.76,Myanmar,Asia
mmr,2011,65.4,Myanmar,Asia
mmr,2012,66.06,Myanmar,Asia
mmr,2013,66.69,Myanmar,Asia
mmr,2014,67.3,Myanmar,Asia
mmr,2015,67.73,Myanmar,Asia
mmr,2016,68.23,Myanmar,Asia
mmr,2017,68.26,Myanmar,Asia
mmr,2018,69.1,Myanmar,Asia
mmr,2019,69.46,Myanmar,Asia
mmr,2020,69.38,Myanmar,Asia
mmr,2021,69.91,Myanmar,Asia
mmr,2022,70.09,Myanmar,Asia
mmr,2023,70.27,Myanmar,Asia
mmr,2024,70.44,Myanmar,Asia
mmr,2025,70.62,Myanmar,Asia
mmr,2026,70.8,Myanmar,Asia
mmr,2027,70.98,Myanmar,Asia
mmr,2028,71.16,Myanmar,Asia
mmr,2029,71.33,Myanmar,Asia
mmr,2030,71.5,Myanmar,Asia
mmr,2031,71.67,Myanmar,Asia
mmr,2032,71.83,Myanmar,Asia
mmr,2033,71.99,Myanmar,Asia
mmr,2034,72.15,Myanmar,Asia
mmr,2035,72.31,Myanmar,Asia
mmr,2036,72.47,Myanmar,Asia
mmr,2037,72.62,Myanmar,Asia
mmr,2038,72.77,Myanmar,Asia
mmr,2039,72.92,Myanmar,Asia
mmr,2040,73.06,Myanmar,Asia
mmr,2041,73.21,Myanmar,Asia
mmr,2042,73.36,Myanmar,Asia
mmr,2043,73.5,Myanmar,Asia
mmr,2044,73.64,Myanmar,Asia
mmr,2045,73.78,Myanmar,Asia
mmr,2046,73.93,Myanmar,Asia
mmr,2047,74.07,Myanmar,Asia
mmr,2048,74.21,Myanmar,Asia
mmr,2049,74.35,Myanmar,Asia
mmr,2050,74.49,Myanmar,Asia
mmr,2051,74.63,Myanmar,Asia
mmr,2052,74.77,Myanmar,Asia
mmr,2053,74.91,Myanmar,Asia
mmr,2054,75.04,Myanmar,Asia
mmr,2055,75.18,Myanmar,Asia
mmr,2056,75.33,Myanmar,Asia
mmr,2057,75.46,Myanmar,Asia
mmr,2058,75.61,Myanmar,Asia
mmr,2059,75.75,Myanmar,Asia
mmr,2060,75.89,Myanmar,Asia
mmr,2061,76.03,Myanmar,Asia
mmr,2062,76.17,Myanmar,Asia
mmr,2063,76.31,Myanmar,Asia
mmr,2064,76.45,Myanmar,Asia
mmr,2065,76.58,Myanmar,Asia
mmr,2066,76.72,Myanmar,Asia
mmr,2067,76.86,Myanmar,Asia
mmr,2068,77,Myanmar,Asia
mmr,2069,77.14,Myanmar,Asia
mmr,2070,77.28,Myanmar,Asia
mmr,2071,77.42,Myanmar,Asia
mmr,2072,77.56,Myanmar,Asia
mmr,2073,77.7,Myanmar,Asia
mmr,2074,77.84,Myanmar,Asia
mmr,2075,77.98,Myanmar,Asia
mmr,2076,78.13,Myanmar,Asia
mmr,2077,78.27,Myanmar,Asia
mmr,2078,78.41,Myanmar,Asia
mmr,2079,78.55,Myanmar,Asia
mmr,2080,78.69,Myanmar,Asia
mmr,2081,78.83,Myanmar,Asia
mmr,2082,78.97,Myanmar,Asia
mmr,2083,79.12,Myanmar,Asia
mmr,2084,79.26,Myanmar,Asia
mmr,2085,79.4,Myanmar,Asia
mmr,2086,79.55,Myanmar,Asia
mmr,2087,79.69,Myanmar,Asia
mmr,2088,79.84,Myanmar,Asia
mmr,2089,79.99,Myanmar,Asia
mmr,2090,80.13,Myanmar,Asia
mmr,2091,80.28,Myanmar,Asia
mmr,2092,80.43,Myanmar,Asia
mmr,2093,80.57,Myanmar,Asia
mmr,2094,80.72,Myanmar,Asia
mmr,2095,80.86,Myanmar,Asia
mmr,2096,81,Myanmar,Asia
mmr,2097,81.15,Myanmar,Asia
mmr,2098,81.29,Myanmar,Asia
mmr,2099,81.44,Myanmar,Asia
mmr,2100,81.58,Myanmar,Asia
nam,1800,32.4,Namibia,Africa
nam,1801,32.4,Namibia,Africa
nam,1802,32.4,Namibia,Africa
nam,1803,32.4,Namibia,Africa
nam,1804,32.4,Namibia,Africa
nam,1805,32.4,Namibia,Africa
nam,1806,32.4,Namibia,Africa
nam,1807,32.4,Namibia,Africa
nam,1808,32.4,Namibia,Africa
nam,1809,32.4,Namibia,Africa
nam,1810,32.4,Namibia,Africa
nam,1811,32.4,Namibia,Africa
nam,1812,32.4,Namibia,Africa
nam,1813,32.4,Namibia,Africa
nam,1814,32.4,Namibia,Africa
nam,1815,32.4,Namibia,Africa
nam,1816,32.4,Namibia,Africa
nam,1817,32.4,Namibia,Africa
nam,1818,32.4,Namibia,Africa
nam,1819,32.4,Namibia,Africa
nam,1820,32.4,Namibia,Africa
nam,1821,32.4,Namibia,Africa
nam,1822,32.4,Namibia,Africa
nam,1823,32.4,Namibia,Africa
nam,1824,32.4,Namibia,Africa
nam,1825,32.4,Namibia,Africa
nam,1826,32.4,Namibia,Africa
nam,1827,32.4,Namibia,Africa
nam,1828,32.4,Namibia,Africa
nam,1829,32.4,Namibia,Africa
nam,1830,32.4,Namibia,Africa
nam,1831,32.4,Namibia,Africa
nam,1832,32.4,Namibia,Africa
nam,1833,32.4,Namibia,Africa
nam,1834,32.4,Namibia,Africa
nam,1835,32.4,Namibia,Africa
nam,1836,32.4,Namibia,Africa
nam,1837,32.4,Namibia,Africa
nam,1838,32.4,Namibia,Africa
nam,1839,32.4,Namibia,Africa
nam,1840,32.4,Namibia,Africa
nam,1841,32.4,Namibia,Africa
nam,1842,32.4,Namibia,Africa
nam,1843,32.4,Namibia,Africa
nam,1844,32.4,Namibia,Africa
nam,1845,32.4,Namibia,Africa
nam,1846,32.4,Namibia,Africa
nam,1847,32.4,Namibia,Africa
nam,1848,32.4,Namibia,Africa
nam,1849,32.4,Namibia,Africa
nam,1850,32.4,Namibia,Africa
nam,1851,32.4,Namibia,Africa
nam,1852,32.4,Namibia,Africa
nam,1853,32.4,Namibia,Africa
nam,1854,32.4,Namibia,Africa
nam,1855,32.4,Namibia,Africa
nam,1856,32.4,Namibia,Africa
nam,1857,32.4,Namibia,Africa
nam,1858,32.4,Namibia,Africa
nam,1859,32.4,Namibia,Africa
nam,1860,32.4,Namibia,Africa
nam,1861,32.4,Namibia,Africa
nam,1862,32.4,Namibia,Africa
nam,1863,32.4,Namibia,Africa
nam,1864,32.4,Namibia,Africa
nam,1865,32.4,Namibia,Africa
nam,1866,32.4,Namibia,Africa
nam,1867,32.4,Namibia,Africa
nam,1868,32.4,Namibia,Africa
nam,1869,32.4,Namibia,Africa
nam,1870,32.4,Namibia,Africa
nam,1871,32.55,Namibia,Africa
nam,1872,32.69,Namibia,Africa
nam,1873,32.84,Namibia,Africa
nam,1874,32.99,Namibia,Africa
nam,1875,33.13,Namibia,Africa
nam,1876,33.28,Namibia,Africa
nam,1877,33.43,Namibia,Africa
nam,1878,33.57,Namibia,Africa
nam,1879,33.72,Namibia,Africa
nam,1880,33.86,Namibia,Africa
nam,1881,34.01,Namibia,Africa
nam,1882,34.16,Namibia,Africa
nam,1883,34.3,Namibia,Africa
nam,1884,34.45,Namibia,Africa
nam,1885,34.6,Namibia,Africa
nam,1886,34.74,Namibia,Africa
nam,1887,34.89,Namibia,Africa
nam,1888,35.04,Namibia,Africa
nam,1889,35.18,Namibia,Africa
nam,1890,35.33,Namibia,Africa
nam,1891,35.48,Namibia,Africa
nam,1892,35.62,Namibia,Africa
nam,1893,35.77,Namibia,Africa
nam,1894,35.91,Namibia,Africa
nam,1895,36.06,Namibia,Africa
nam,1896,36.21,Namibia,Africa
nam,1897,36.35,Namibia,Africa
nam,1898,36.5,Namibia,Africa
nam,1899,36.65,Namibia,Africa
nam,1900,36.79,Namibia,Africa
nam,1901,36.94,Namibia,Africa
nam,1902,37.09,Namibia,Africa
nam,1903,33.33,Namibia,Africa
nam,1904,5.77,Namibia,Africa
nam,1905,11.58,Namibia,Africa
nam,1906,23.25,Namibia,Africa
nam,1907,31.52,Namibia,Africa
nam,1908,37.97,Namibia,Africa
nam,1909,38.11,Namibia,Africa
nam,1910,38.26,Namibia,Africa
nam,1911,38.4,Namibia,Africa
nam,1912,38.55,Namibia,Africa
nam,1913,38.7,Namibia,Africa
nam,1914,38.84,Namibia,Africa
nam,1915,38.99,Namibia,Africa
nam,1916,39.14,Namibia,Africa
nam,1917,39.28,Namibia,Africa
nam,1918,15.25,Namibia,Africa
nam,1919,39.58,Namibia,Africa
nam,1920,39.72,Namibia,Africa
nam,1921,39.87,Namibia,Africa
nam,1922,40.02,Namibia,Africa
nam,1923,40.16,Namibia,Africa
nam,1924,40.31,Namibia,Africa
nam,1925,40.46,Namibia,Africa
nam,1926,40.6,Namibia,Africa
nam,1927,40.75,Namibia,Africa
nam,1928,40.89,Namibia,Africa
nam,1929,41.04,Namibia,Africa
nam,1930,41.19,Namibia,Africa
nam,1931,41.33,Namibia,Africa
nam,1932,41.48,Namibia,Africa
nam,1933,41.63,Namibia,Africa
nam,1934,41.77,Namibia,Africa
nam,1935,41.92,Namibia,Africa
nam,1936,42.07,Namibia,Africa
nam,1937,42.21,Namibia,Africa
nam,1938,42.36,Namibia,Africa
nam,1939,42.51,Namibia,Africa
nam,1940,42.65,Namibia,Africa
nam,1941,43.84,Namibia,Africa
nam,1942,45.03,Namibia,Africa
nam,1943,46.22,Namibia,Africa
nam,1944,47.43,Namibia,Africa
nam,1945,48.64,Namibia,Africa
nam,1946,49.86,Namibia,Africa
nam,1947,51.09,Namibia,Africa
nam,1948,52.32,Namibia,Africa
nam,1949,53.56,Namibia,Africa
nam,1950,54.81,Namibia,Africa
nam,1951,54.92,Namibia,Africa
nam,1952,55.04,Namibia,Africa
nam,1953,55.22,Namibia,Africa
nam,1954,55.26,Namibia,Africa
nam,1955,55.36,Namibia,Africa
nam,1956,55.5,Namibia,Africa
nam,1957,55.62,Namibia,Africa
nam,1958,55.73,Namibia,Africa
nam,1959,55.86,Namibia,Africa
nam,1960,56.04,Namibia,Africa
nam,1961,56.2,Namibia,Africa
nam,1962,56.43,Namibia,Africa
nam,1963,56.66,Namibia,Africa
nam,1964,57.03,Namibia,Africa
nam,1965,57.39,Namibia,Africa
nam,1966,56.88,Namibia,Africa
nam,1967,57.17,Namibia,Africa
nam,1968,57.46,Namibia,Africa
nam,1969,57.74,Namibia,Africa
nam,1970,57.94,Namibia,Africa
nam,1971,58.11,Namibia,Africa
nam,1972,58.27,Namibia,Africa
nam,1973,58.42,Namibia,Africa
nam,1974,58.62,Namibia,Africa
nam,1975,58.79,Namibia,Africa
nam,1976,58.9,Namibia,Africa
nam,1977,59.05,Namibia,Africa
nam,1978,59.08,Namibia,Africa
nam,1979,59.12,Namibia,Africa
nam,1980,58.89,Namibia,Africa
nam,1981,59.14,Namibia,Africa
nam,1982,59.38,Namibia,Africa
nam,1983,59.73,Namibia,Africa
nam,1984,60.03,Namibia,Africa
nam,1985,60.24,Namibia,Africa
nam,1986,60.68,Namibia,Africa
nam,1987,61.08,Namibia,Africa
nam,1988,61.08,Namibia,Africa
nam,1989,62.28,Namibia,Africa
nam,1990,62.36,Namibia,Africa
nam,1991,62.41,Namibia,Africa
nam,1992,62.32,Namibia,Africa
nam,1993,61.98,Namibia,Africa
nam,1994,61.05,Namibia,Africa
nam,1995,60.34,Namibia,Africa
nam,1996,59.2,Namibia,Africa
nam,1997,57.95,Namibia,Africa
nam,1998,56.53,Namibia,Africa
nam,1999,55.24,Namibia,Africa
nam,2000,53.94,Namibia,Africa
nam,2001,53.14,Namibia,Africa
nam,2002,52.46,Namibia,Africa
nam,2003,52.08,Namibia,Africa
nam,2004,52.4,Namibia,Africa
nam,2005,53.52,Namibia,Africa
nam,2006,55.25,Namibia,Africa
nam,2007,57.43,Namibia,Africa
nam,2008,59.2,Namibia,Africa
nam,2009,60.08,Namibia,Africa
nam,2010,60.91,Namibia,Africa
nam,2011,61.88,Namibia,Africa
nam,2012,62.94,Namibia,Africa
nam,2013,63.34,Namibia,Africa
nam,2014,63.34,Namibia,Africa
nam,2015,63.45,Namibia,Africa
nam,2016,63.71,Namibia,Africa
nam,2017,64.08,Namibia,Africa
nam,2018,64.74,Namibia,Africa
nam,2019,65.22,Namibia,Africa
nam,2020,65.42,Namibia,Africa
nam,2021,65.92,Namibia,Africa
nam,2022,66.27,Namibia,Africa
nam,2023,66.6,Namibia,Africa
nam,2024,66.92,Namibia,Africa
nam,2025,67.23,Namibia,Africa
nam,2026,67.54,Namibia,Africa
nam,2027,67.83,Namibia,Africa
nam,2028,68.11,Namibia,Africa
nam,2029,68.38,Namibia,Africa
nam,2030,68.64,Namibia,Africa
nam,2031,68.9,Namibia,Africa
nam,2032,69.14,Namibia,Africa
nam,2033,69.37,Namibia,Africa
nam,2034,69.6,Namibia,Africa
nam,2035,69.82,Namibia,Africa
nam,2036,70.03,Namibia,Africa
nam,2037,70.24,Namibia,Africa
nam,2038,70.45,Namibia,Africa
nam,2039,70.64,Namibia,Africa
nam,2040,70.84,Namibia,Africa
nam,2041,71.03,Namibia,Africa
nam,2042,71.22,Namibia,Africa
nam,2043,71.4,Namibia,Africa
nam,2044,71.58,Namibia,Africa
nam,2045,71.75,Namibia,Africa
nam,2046,71.92,Namibia,Africa
nam,2047,72.09,Namibia,Africa
nam,2048,72.26,Namibia,Africa
nam,2049,72.43,Namibia,Africa
nam,2050,72.59,Namibia,Africa
nam,2051,72.75,Namibia,Africa
nam,2052,72.91,Namibia,Africa
nam,2053,73.07,Namibia,Africa
nam,2054,73.23,Namibia,Africa
nam,2055,73.38,Namibia,Africa
nam,2056,73.53,Namibia,Africa
nam,2057,73.69,Namibia,Africa
nam,2058,73.84,Namibia,Africa
nam,2059,73.99,Namibia,Africa
nam,2060,74.14,Namibia,Africa
nam,2061,74.29,Namibia,Africa
nam,2062,74.44,Namibia,Africa
nam,2063,74.59,Namibia,Africa
nam,2064,74.74,Namibia,Africa
nam,2065,74.89,Namibia,Africa
nam,2066,75.03,Namibia,Africa
nam,2067,75.18,Namibia,Africa
nam,2068,75.33,Namibia,Africa
nam,2069,75.48,Namibia,Africa
nam,2070,75.62,Namibia,Africa
nam,2071,75.77,Namibia,Africa
nam,2072,75.92,Namibia,Africa
nam,2073,76.06,Namibia,Africa
nam,2074,76.21,Namibia,Africa
nam,2075,76.35,Namibia,Africa
nam,2076,76.5,Namibia,Africa
nam,2077,76.64,Namibia,Africa
nam,2078,76.79,Namibia,Africa
nam,2079,76.94,Namibia,Africa
nam,2080,77.08,Namibia,Africa
nam,2081,77.22,Namibia,Africa
nam,2082,77.37,Namibia,Africa
nam,2083,77.51,Namibia,Africa
nam,2084,77.65,Namibia,Africa
nam,2085,77.8,Namibia,Africa
nam,2086,77.94,Namibia,Africa
nam,2087,78.08,Namibia,Africa
nam,2088,78.23,Namibia,Africa
nam,2089,78.37,Namibia,Africa
nam,2090,78.52,Namibia,Africa
nam,2091,78.67,Namibia,Africa
nam,2092,78.81,Namibia,Africa
nam,2093,78.96,Namibia,Africa
nam,2094,79.11,Namibia,Africa
nam,2095,79.26,Namibia,Africa
nam,2096,79.41,Namibia,Africa
nam,2097,79.56,Namibia,Africa
nam,2098,79.71,Namibia,Africa
nam,2099,79.86,Namibia,Africa
nam,2100,80.01,Namibia,Africa
nru,1950,58.5,Nauru,Oceania
nru,1951,58.73,Nauru,Oceania
nru,1952,58.95,Nauru,Oceania
nru,1953,59.18,Nauru,Oceania
nru,1954,59.41,Nauru,Oceania
nru,1955,59.64,Nauru,Oceania
nru,1956,59.86,Nauru,Oceania
nru,1957,60.07,Nauru,Oceania
nru,1958,60.27,Nauru,Oceania
nru,1959,60.46,Nauru,Oceania
nru,1960,60.65,Nauru,Oceania
nru,1961,60.83,Nauru,Oceania
nru,1962,61,Nauru,Oceania
nru,1963,61.17,Nauru,Oceania
nru,1964,61.36,Nauru,Oceania
nru,1965,61.58,Nauru,Oceania
nru,1966,61.5,Nauru,Oceania
nru,1967,61.84,Nauru,Oceania
nru,1968,61.88,Nauru,Oceania
nru,1969,61.99,Nauru,Oceania
nru,1970,62.09,Nauru,Oceania
nru,1971,62.16,Nauru,Oceania
nru,1972,62.24,Nauru,Oceania
nru,1973,62.32,Nauru,Oceania
nru,1974,62.4,Nauru,Oceania
nru,1975,62.5,Nauru,Oceania
nru,1976,62.59,Nauru,Oceania
nru,1977,62.64,Nauru,Oceania
nru,1978,62.69,Nauru,Oceania
nru,1979,62.66,Nauru,Oceania
nru,1980,62.64,Nauru,Oceania
nru,1981,62.58,Nauru,Oceania
nru,1982,62.54,Nauru,Oceania
nru,1983,62.49,Nauru,Oceania
nru,1984,62.39,Nauru,Oceania
nru,1985,62.31,Nauru,Oceania
nru,1986,62.22,Nauru,Oceania
nru,1987,62.13,Nauru,Oceania
nru,1988,62.12,Nauru,Oceania
nru,1989,62.07,Nauru,Oceania
nru,1990,62.01,Nauru,Oceania
nru,1991,61.89,Nauru,Oceania
nru,1992,61.72,Nauru,Oceania
nru,1993,61.56,Nauru,Oceania
nru,1994,61.26,Nauru,Oceania
nru,1995,60.82,Nauru,Oceania
nru,1996,60.39,Nauru,Oceania
nru,1997,59.96,Nauru,Oceania
nru,1998,59.63,Nauru,Oceania
nru,1999,59.34,Nauru,Oceania
nru,2000,59.15,Nauru,Oceania
nru,2001,58.88,Nauru,Oceania
nru,2002,58.76,Nauru,Oceania
nru,2003,58.72,Nauru,Oceania
nru,2004,58.7,Nauru,Oceania
nru,2005,58.77,Nauru,Oceania
nru,2006,58.91,Nauru,Oceania
nru,2007,59.03,Nauru,Oceania
nru,2008,59.3,Nauru,Oceania
nru,2009,59.57,Nauru,Oceania
nru,2010,60.03,Nauru,Oceania
nru,2011,60.5,Nauru,Oceania
nru,2012,60.87,Nauru,Oceania
nru,2013,61.35,Nauru,Oceania
nru,2014,61.88,Nauru,Oceania
nru,2015,62.29,Nauru,Oceania
nru,2016,62.65,Nauru,Oceania
nru,2017,62.96,Nauru,Oceania
nru,2018,63.19,Nauru,Oceania
nru,2019,63.39,Nauru,Oceania
npl,1800,32.8,Nepal,Asia
npl,1801,32.8,Nepal,Asia
npl,1802,32.8,Nepal,Asia
npl,1803,32.8,Nepal,Asia
npl,1804,32.8,Nepal,Asia
npl,1805,32.8,Nepal,Asia
npl,1806,32.8,Nepal,Asia
npl,1807,32.8,Nepal,Asia
npl,1808,32.8,Nepal,Asia
npl,1809,32.8,Nepal,Asia
npl,1810,32.8,Nepal,Asia
npl,1811,32.8,Nepal,Asia
npl,1812,32.8,Nepal,Asia
npl,1813,32.8,Nepal,Asia
npl,1814,32.8,Nepal,Asia
npl,1815,32.8,Nepal,Asia
npl,1816,32.8,Nepal,Asia
npl,1817,32.8,Nepal,Asia
npl,1818,32.8,Nepal,Asia
npl,1819,32.8,Nepal,Asia
npl,1820,32.8,Nepal,Asia
npl,1821,32.8,Nepal,Asia
npl,1822,32.8,Nepal,Asia
npl,1823,32.8,Nepal,Asia
npl,1824,32.8,Nepal,Asia
npl,1825,32.8,Nepal,Asia
npl,1826,32.8,Nepal,Asia
npl,1827,32.8,Nepal,Asia
npl,1828,32.8,Nepal,Asia
npl,1829,32.8,Nepal,Asia
npl,1830,32.8,Nepal,Asia
npl,1831,32.8,Nepal,Asia
npl,1832,32.8,Nepal,Asia
npl,1833,32.8,Nepal,Asia
npl,1834,32.8,Nepal,Asia
npl,1835,32.8,Nepal,Asia
npl,1836,32.8,Nepal,Asia
npl,1837,32.8,Nepal,Asia
npl,1838,32.8,Nepal,Asia
npl,1839,32.8,Nepal,Asia
npl,1840,32.8,Nepal,Asia
npl,1841,32.8,Nepal,Asia
npl,1842,32.8,Nepal,Asia
npl,1843,32.8,Nepal,Asia
npl,1844,32.8,Nepal,Asia
npl,1845,32.8,Nepal,Asia
npl,1846,32.8,Nepal,Asia
npl,1847,32.8,Nepal,Asia
npl,1848,32.8,Nepal,Asia
npl,1849,32.8,Nepal,Asia
npl,1850,32.8,Nepal,Asia
npl,1851,32.8,Nepal,Asia
npl,1852,32.8,Nepal,Asia
npl,1853,32.8,Nepal,Asia
npl,1854,32.8,Nepal,Asia
npl,1855,32.8,Nepal,Asia
npl,1856,32.8,Nepal,Asia
npl,1857,32.8,Nepal,Asia
npl,1858,32.8,Nepal,Asia
npl,1859,32.8,Nepal,Asia
npl,1860,32.8,Nepal,Asia
npl,1861,32.8,Nepal,Asia
npl,1862,32.8,Nepal,Asia
npl,1863,32.8,Nepal,Asia
npl,1864,32.8,Nepal,Asia
npl,1865,32.8,Nepal,Asia
npl,1866,32.8,Nepal,Asia
npl,1867,32.8,Nepal,Asia
npl,1868,32.8,Nepal,Asia
npl,1869,32.8,Nepal,Asia
npl,1870,32.8,Nepal,Asia
npl,1871,32.87,Nepal,Asia
npl,1872,32.94,Nepal,Asia
npl,1873,33.01,Nepal,Asia
npl,1874,33.09,Nepal,Asia
npl,1875,33.16,Nepal,Asia
npl,1876,33.23,Nepal,Asia
npl,1877,33.3,Nepal,Asia
npl,1878,33.37,Nepal,Asia
npl,1879,33.44,Nepal,Asia
npl,1880,33.52,Nepal,Asia
npl,1881,33.59,Nepal,Asia
npl,1882,33.66,Nepal,Asia
npl,1883,33.73,Nepal,Asia
npl,1884,33.8,Nepal,Asia
npl,1885,33.87,Nepal,Asia
npl,1886,33.94,Nepal,Asia
npl,1887,34.02,Nepal,Asia
npl,1888,34.09,Nepal,Asia
npl,1889,34.16,Nepal,Asia
npl,1890,34.23,Nepal,Asia
npl,1891,34.3,Nepal,Asia
npl,1892,34.37,Nepal,Asia
npl,1893,34.44,Nepal,Asia
npl,1894,34.52,Nepal,Asia
npl,1895,34.59,Nepal,Asia
npl,1896,34.66,Nepal,Asia
npl,1897,34.73,Nepal,Asia
npl,1898,34.8,Nepal,Asia
npl,1899,34.87,Nepal,Asia
npl,1900,34.95,Nepal,Asia
npl,1901,35.02,Nepal,Asia
npl,1902,35.09,Nepal,Asia
npl,1903,35.16,Nepal,Asia
npl,1904,35.23,Nepal,Asia
npl,1905,35.3,Nepal,Asia
npl,1906,35.37,Nepal,Asia
npl,1907,35.45,Nepal,Asia
npl,1908,35.52,Nepal,Asia
npl,1909,35.59,Nepal,Asia
npl,1910,35.66,Nepal,Asia
npl,1911,35.73,Nepal,Asia
npl,1912,35.8,Nepal,Asia
npl,1913,35.87,Nepal,Asia
npl,1914,35.95,Nepal,Asia
npl,1915,36.02,Nepal,Asia
npl,1916,36.09,Nepal,Asia
npl,1917,36.16,Nepal,Asia
npl,1918,23.22,Nepal,Asia
npl,1919,36.3,Nepal,Asia
npl,1920,36.38,Nepal,Asia
npl,1921,36.45,Nepal,Asia
npl,1922,36.52,Nepal,Asia
npl,1923,36.59,Nepal,Asia
npl,1924,36.66,Nepal,Asia
npl,1925,36.73,Nepal,Asia
npl,1926,36.8,Nepal,Asia
npl,1927,36.88,Nepal,Asia
npl,1928,36.95,Nepal,Asia
npl,1929,37.02,Nepal,Asia
npl,1930,37.09,Nepal,Asia
npl,1931,37.16,Nepal,Asia
npl,1932,37.23,Nepal,Asia
npl,1933,37.31,Nepal,Asia
npl,1934,37.38,Nepal,Asia
npl,1935,37.45,Nepal,Asia
npl,1936,37.52,Nepal,Asia
npl,1937,37.59,Nepal,Asia
npl,1938,37.66,Nepal,Asia
npl,1939,37.73,Nepal,Asia
npl,1940,37.81,Nepal,Asia
npl,1941,37.88,Nepal,Asia
npl,1942,37.95,Nepal,Asia
npl,1943,38.02,Nepal,Asia
npl,1944,38.09,Nepal,Asia
npl,1945,38.16,Nepal,Asia
npl,1946,38.65,Nepal,Asia
npl,1947,39.14,Nepal,Asia
npl,1948,39.64,Nepal,Asia
npl,1949,40.13,Nepal,Asia
npl,1950,40.63,Nepal,Asia
npl,1951,40.87,Nepal,Asia
npl,1952,41.35,Nepal,Asia
npl,1953,41.81,Nepal,Asia
npl,1954,42.19,Nepal,Asia
npl,1955,42.61,Nepal,Asia
npl,1956,42.98,Nepal,Asia
npl,1957,43.32,Nepal,Asia
npl,1958,43.68,Nepal,Asia
npl,1959,44.1,Nepal,Asia
npl,1960,44.61,Nepal,Asia
npl,1961,45.1,Nepal,Asia
npl,1962,45.57,Nepal,Asia
npl,1963,45.9,Nepal,Asia
npl,1964,46.6,Nepal,Asia
npl,1965,47.16,Nepal,Asia
npl,1966,47.7,Nepal,Asia
npl,1967,48.16,Nepal,Asia
npl,1968,48.52,Nepal,Asia
npl,1969,48.91,Nepal,Asia
npl,1970,49.27,Nepal,Asia
npl,1971,49.58,Nepal,Asia
npl,1972,49.85,Nepal,Asia
npl,1973,50.04,Nepal,Asia
npl,1974,50.33,Nepal,Asia
npl,1975,50.51,Nepal,Asia
npl,1976,50.56,Nepal,Asia
npl,1977,50.81,Nepal,Asia
npl,1978,51.07,Nepal,Asia
npl,1979,51.49,Nepal,Asia
npl,1980,51.85,Nepal,Asia
npl,1981,52.26,Nepal,Asia
npl,1982,52.85,Nepal,Asia
npl,1983,53.37,Nepal,Asia
npl,1984,54.01,Nepal,Asia
npl,1985,54.73,Nepal,Asia
npl,1986,55.43,Nepal,Asia
npl,1987,56.11,Nepal,Asia
npl,1988,56.78,Nepal,Asia
npl,1989,57.62,Nepal,Asia
npl,1990,58.32,Nepal,Asia
npl,1991,58.86,Nepal,Asia
npl,1992,59.76,Nepal,Asia
npl,1993,60.31,Nepal,Asia
npl,1994,61.19,Nepal,Asia
npl,1995,61.83,Nepal,Asia
npl,1996,62.57,Nepal,Asia
npl,1997,63.37,Nepal,Asia
npl,1998,64.02,Nepal,Asia
npl,1999,64.75,Nepal,Asia
npl,2000,65.39,Nepal,Asia
npl,2001,66.06,Nepal,Asia
npl,2002,66.16,Nepal,Asia
npl,2003,67,Nepal,Asia
npl,2004,67.24,Nepal,Asia
npl,2005,67.69,Nepal,Asia
npl,2006,68.01,Nepal,Asia
npl,2007,68.26,Nepal,Asia
npl,2008,68.52,Nepal,Asia
npl,2009,68.76,Nepal,Asia
npl,2010,69.04,Nepal,Asia
npl,2011,69.22,Nepal,Asia
npl,2012,69.47,Nepal,Asia
npl,2013,69.68,Nepal,Asia
npl,2014,69.91,Nepal,Asia
npl,2015,69.35,Nepal,Asia
npl,2016,70.37,Nepal,Asia
npl,2017,70.6,Nepal,Asia
npl,2018,70.84,Nepal,Asia
npl,2019,71.07,Nepal,Asia
npl,2020,71.09,Nepal,Asia
npl,2021,71.64,Nepal,Asia
npl,2022,71.91,Nepal,Asia
npl,2023,72.16,Nepal,Asia
npl,2024,72.4,Nepal,Asia
npl,2025,72.64,Nepal,Asia
npl,2026,72.86,Nepal,Asia
npl,2027,73.07,Nepal,Asia
npl,2028,73.28,Nepal,Asia
npl,2029,73.49,Nepal,Asia
npl,2030,73.7,Nepal,Asia
npl,2031,73.9,Nepal,Asia
npl,2032,74.1,Nepal,Asia
npl,2033,74.3,Nepal,Asia
npl,2034,74.5,Nepal,Asia
npl,2035,74.69,Nepal,Asia
npl,2036,74.88,Nepal,Asia
npl,2037,75.07,Nepal,Asia
npl,2038,75.25,Nepal,Asia
npl,2039,75.44,Nepal,Asia
npl,2040,75.61,Nepal,Asia
npl,2041,75.79,Nepal,Asia
npl,2042,75.97,Nepal,Asia
npl,2043,76.14,Nepal,Asia
npl,2044,76.31,Nepal,Asia
npl,2045,76.48,Nepal,Asia
npl,2046,76.65,Nepal,Asia
npl,2047,76.82,Nepal,Asia
npl,2048,76.99,Nepal,Asia
npl,2049,77.16,Nepal,Asia
npl,2050,77.32,Nepal,Asia
npl,2051,77.48,Nepal,Asia
npl,2052,77.64,Nepal,Asia
npl,2053,77.8,Nepal,Asia
npl,2054,77.95,Nepal,Asia
npl,2055,78.11,Nepal,Asia
npl,2056,78.26,Nepal,Asia
npl,2057,78.41,Nepal,Asia
npl,2058,78.56,Nepal,Asia
npl,2059,78.71,Nepal,Asia
npl,2060,78.86,Nepal,Asia
npl,2061,79.02,Nepal,Asia
npl,2062,79.16,Nepal,Asia
npl,2063,79.31,Nepal,Asia
npl,2064,79.46,Nepal,Asia
npl,2065,79.6,Nepal,Asia
npl,2066,79.75,Nepal,Asia
npl,2067,79.89,Nepal,Asia
npl,2068,80.03,Nepal,Asia
npl,2069,80.17,Nepal,Asia
npl,2070,80.31,Nepal,Asia
npl,2071,80.45,Nepal,Asia
npl,2072,80.59,Nepal,Asia
npl,2073,80.73,Nepal,Asia
npl,2074,80.87,Nepal,Asia
npl,2075,81,Nepal,Asia
npl,2076,81.14,Nepal,Asia
npl,2077,81.28,Nepal,Asia
npl,2078,81.42,Nepal,Asia
npl,2079,81.56,Nepal,Asia
npl,2080,81.7,Nepal,Asia
npl,2081,81.84,Nepal,Asia
npl,2082,81.97,Nepal,Asia
npl,2083,82.11,Nepal,Asia
npl,2084,82.25,Nepal,Asia
npl,2085,82.39,Nepal,Asia
npl,2086,82.52,Nepal,Asia
npl,2087,82.66,Nepal,Asia
npl,2088,82.79,Nepal,Asia
npl,2089,82.93,Nepal,Asia
npl,2090,83.06,Nepal,Asia
npl,2091,83.19,Nepal,Asia
npl,2092,83.32,Nepal,Asia
npl,2093,83.45,Nepal,Asia
npl,2094,83.57,Nepal,Asia
npl,2095,83.7,Nepal,Asia
npl,2096,83.83,Nepal,Asia
npl,2097,83.95,Nepal,Asia
npl,2098,84.07,Nepal,Asia
npl,2099,84.2,Nepal,Asia
npl,2100,84.32,Nepal,Asia
nld,1800,39.86,Netherlands,Europe
nld,1801,39.86,Netherlands,Europe
nld,1802,39.86,Netherlands,Europe
nld,1803,39.86,Netherlands,Europe
nld,1804,39.86,Netherlands,Europe
nld,1805,39.86,Netherlands,Europe
nld,1806,39.86,Netherlands,Europe
nld,1807,39.86,Netherlands,Europe
nld,1808,39.86,Netherlands,Europe
nld,1809,39.86,Netherlands,Europe
nld,1810,39.86,Netherlands,Europe
nld,1811,39.86,Netherlands,Europe
nld,1812,39.86,Netherlands,Europe
nld,1813,39.86,Netherlands,Europe
nld,1814,39.86,Netherlands,Europe
nld,1815,39.86,Netherlands,Europe
nld,1816,39.86,Netherlands,Europe
nld,1817,39.86,Netherlands,Europe
nld,1818,39.86,Netherlands,Europe
nld,1819,39.86,Netherlands,Europe
nld,1820,39.86,Netherlands,Europe
nld,1821,39.86,Netherlands,Europe
nld,1822,39.86,Netherlands,Europe
nld,1823,39.86,Netherlands,Europe
nld,1824,39.86,Netherlands,Europe
nld,1825,39.86,Netherlands,Europe
nld,1826,39.86,Netherlands,Europe
nld,1827,39.86,Netherlands,Europe
nld,1828,39.86,Netherlands,Europe
nld,1829,39.86,Netherlands,Europe
nld,1830,39.86,Netherlands,Europe
nld,1831,39.86,Netherlands,Europe
nld,1832,39.86,Netherlands,Europe
nld,1833,39.86,Netherlands,Europe
nld,1834,39.86,Netherlands,Europe
nld,1835,39.86,Netherlands,Europe
nld,1836,39.86,Netherlands,Europe
nld,1837,39.86,Netherlands,Europe
nld,1838,39.86,Netherlands,Europe
nld,1839,39.86,Netherlands,Europe
nld,1840,39.86,Netherlands,Europe
nld,1841,39.86,Netherlands,Europe
nld,1842,39.86,Netherlands,Europe
nld,1843,39.86,Netherlands,Europe
nld,1844,39.86,Netherlands,Europe
nld,1845,39.86,Netherlands,Europe
nld,1846,39.86,Netherlands,Europe
nld,1847,39.86,Netherlands,Europe
nld,1848,39.86,Netherlands,Europe
nld,1849,39.86,Netherlands,Europe
nld,1850,39.86,Netherlands,Europe
nld,1851,40,Netherlands,Europe
nld,1852,38.66,Netherlands,Europe
nld,1853,38.63,Netherlands,Europe
nld,1854,38.63,Netherlands,Europe
nld,1855,34.53,Netherlands,Europe
nld,1856,38.39,Netherlands,Europe
nld,1857,35.46,Netherlands,Europe
nld,1858,34.66,Netherlands,Europe
nld,1859,30.86,Netherlands,Europe
nld,1860,36.91,Netherlands,Europe
nld,1861,36.44,Netherlands,Europe
nld,1862,38.28,Netherlands,Europe
nld,1863,38.33,Netherlands,Europe
nld,1864,37.56,Netherlands,Europe
nld,1865,36.37,Netherlands,Europe
nld,1866,33.64,Netherlands,Europe
nld,1867,39.31,Netherlands,Europe
nld,1868,37.75,Netherlands,Europe
nld,1869,40.47,Netherlands,Europe
nld,1870,37.34,Netherlands,Europe
nld,1871,32.94,Netherlands,Europe
nld,1872,36.49,Netherlands,Europe
nld,1873,39.2,Netherlands,Europe
nld,1874,41.3,Netherlands,Europe
nld,1875,38.24,Netherlands,Europe
nld,1876,40.36,Netherlands,Europe
nld,1877,42.04,Netherlands,Europe
nld,1878,41.11,Netherlands,Europe
nld,1879,41.97,Netherlands,Europe
nld,1880,40.4,Netherlands,Europe
nld,1881,42.88,Netherlands,Europe
nld,1882,43.8,Netherlands,Europe
nld,1883,42.36,Netherlands,Europe
nld,1884,41.35,Netherlands,Europe
nld,1885,43.32,Netherlands,Europe
nld,1886,42,Netherlands,Europe
nld,1887,45.01,Netherlands,Europe
nld,1888,44.24,Netherlands,Europe
nld,1889,44.37,Netherlands,Europe
nld,1890,44.42,Netherlands,Europe
nld,1891,44.27,Netherlands,Europe
nld,1892,43.97,Netherlands,Europe
nld,1893,45.82,Netherlands,Europe
nld,1894,46.96,Netherlands,Europe
nld,1895,46.67,Netherlands,Europe
nld,1896,48.59,Netherlands,Europe
nld,1897,49.39,Netherlands,Europe
nld,1898,49.06,Netherlands,Europe
nld,1899,49.38,Netherlands,Europe
nld,1900,48.43,Netherlands,Europe
nld,1901,48.76,Netherlands,Europe
nld,1902,50.65,Netherlands,Europe
nld,1903,51.55,Netherlands,Europe
nld,1904,50.94,Netherlands,Europe
nld,1905,52.15,Netherlands,Europe
nld,1906,52.82,Netherlands,Europe
nld,1907,53.59,Netherlands,Europe
nld,1908,52.81,Netherlands,Europe
nld,1909,55.01,Netherlands,Europe
nld,1910,55.19,Netherlands,Europe
nld,1911,53.22,Netherlands,Europe
nld,1912,57.27,Netherlands,Europe
nld,1913,57.43,Netherlands,Europe
nld,1914,57.26,Netherlands,Europe
nld,1915,57.28,Netherlands,Europe
nld,1916,56.22,Netherlands,Europe
nld,1917,55.73,Netherlands,Europe
nld,1918,47.66,Netherlands,Europe
nld,1919,55.04,Netherlands,Europe
nld,1920,57.91,Netherlands,Europe
nld,1921,59.84,Netherlands,Europe
nld,1922,59.91,Netherlands,Europe
nld,1923,62.14,Netherlands,Europe
nld,1924,63.05,Netherlands,Europe
nld,1925,63.26,Netherlands,Europe
nld,1926,63.12,Netherlands,Europe
nld,1927,62.73,Netherlands,Europe
nld,1928,63.83,Netherlands,Europe
nld,1929,62.28,Netherlands,Europe
nld,1930,64.82,Netherlands,Europe
nld,1931,64.44,Netherlands,Europe
nld,1932,65.53,Netherlands,Europe
nld,1933,66.18,Netherlands,Europe
nld,1934,66.72,Netherlands,Europe
nld,1935,66.64,Netherlands,Europe
nld,1936,66.86,Netherlands,Europe
nld,1937,67.08,Netherlands,Europe
nld,1938,67.51,Netherlands,Europe
nld,1939,67.84,Netherlands,Europe
nld,1940,65.51,Netherlands,Europe
nld,1941,65.44,Netherlands,Europe
nld,1942,65.95,Netherlands,Europe
nld,1943,64.54,Netherlands,Europe
nld,1944,61.37,Netherlands,Europe
nld,1945,55.55,Netherlands,Europe
nld,1946,67.7,Netherlands,Europe
nld,1947,69.65,Netherlands,Europe
nld,1948,71.18,Netherlands,Europe
nld,1949,70.41,Netherlands,Europe
nld,1950,71.58,Netherlands,Europe
nld,1951,71.67,Netherlands,Europe
nld,1952,72.06,Netherlands,Europe
nld,1953,71.52,Netherlands,Europe
nld,1954,72.41,Netherlands,Europe
nld,1955,72.62,Netherlands,Europe
nld,1956,72.77,Netherlands,Europe
nld,1957,73.07,Netherlands,Europe
nld,1958,73.26,Netherlands,Europe
nld,1959,73.34,Netherlands,Europe
nld,1960,73.5,Netherlands,Europe
nld,1961,73.62,Netherlands,Europe
nld,1962,73.07,Netherlands,Europe
nld,1963,73.52,Netherlands,Europe
nld,1964,73.68,Netherlands,Europe
nld,1965,73.69,Netherlands,Europe
nld,1966,73.68,Netherlands,Europe
nld,1967,73.81,Netherlands,Europe
nld,1968,73.76,Netherlands,Europe
nld,1969,73.69,Netherlands,Europe
nld,1970,73.73,Netherlands,Europe
nld,1971,73.89,Netherlands,Europe
nld,1972,73.97,Netherlands,Europe
nld,1973,74.3,Netherlands,Europe
nld,1974,74.61,Netherlands,Europe
nld,1975,74.68,Netherlands,Europe
nld,1976,74.87,Netherlands,Europe
nld,1977,75.22,Netherlands,Europe
nld,1978,75.4,Netherlands,Europe
nld,1979,75.7,Netherlands,Europe
nld,1980,75.88,Netherlands,Europe
nld,1981,76.05,Netherlands,Europe
nld,1982,76.17,Netherlands,Europe
nld,1983,76.33,Netherlands,Europe
nld,1984,76.43,Netherlands,Europe
nld,1985,76.49,Netherlands,Europe
nld,1986,76.56,Netherlands,Europe
nld,1987,76.84,Netherlands,Europe
nld,1988,77.06,Netherlands,Europe
nld,1989,77,Netherlands,Europe
nld,1990,77.16,Netherlands,Europe
nld,1991,77.3,Netherlands,Europe
nld,1992,77.4,Netherlands,Europe
nld,1993,77.34,Netherlands,Europe
nld,1994,77.59,Netherlands,Europe
nld,1995,77.69,Netherlands,Europe
nld,1996,77.76,Netherlands,Europe
nld,1997,78.01,Netherlands,Europe
nld,1998,78.12,Netherlands,Europe
nld,1999,78.14,Netherlands,Europe
nld,2000,78.28,Netherlands,Europe
nld,2001,78.43,Netherlands,Europe
nld,2002,78.6,Netherlands,Europe
nld,2003,78.86,Netherlands,Europe
nld,2004,79.3,Netherlands,Europe
nld,2005,79.63,Netherlands,Europe
nld,2006,79.97,Netherlands,Europe
nld,2007,80.32,Netherlands,Europe
nld,2008,80.54,Netherlands,Europe
nld,2009,80.76,Netherlands,Europe
nld,2010,80.95,Netherlands,Europe
nld,2011,81.13,Netherlands,Europe
nld,2012,81.22,Netherlands,Europe
nld,2013,81.43,Netherlands,Europe
nld,2014,81.62,Netherlands,Europe
nld,2015,81.66,Netherlands,Europe
nld,2016,81.66,Netherlands,Europe
nld,2017,81.71,Netherlands,Europe
nld,2018,81.72,Netherlands,Europe
nld,2019,81.74,Netherlands,Europe
nld,2020,81.04,Netherlands,Europe
nld,2021,82.03,Netherlands,Europe
nld,2022,82.17,Netherlands,Europe
nld,2023,82.31,Netherlands,Europe
nld,2024,82.46,Netherlands,Europe
nld,2025,82.6,Netherlands,Europe
nld,2026,82.75,Netherlands,Europe
nld,2027,82.89,Netherlands,Europe
nld,2028,83.04,Netherlands,Europe
nld,2029,83.18,Netherlands,Europe
nld,2030,83.31,Netherlands,Europe
nld,2031,83.45,Netherlands,Europe
nld,2032,83.58,Netherlands,Europe
nld,2033,83.71,Netherlands,Europe
nld,2034,83.83,Netherlands,Europe
nld,2035,83.96,Netherlands,Europe
nld,2036,84.08,Netherlands,Europe
nld,2037,84.2,Netherlands,Europe
nld,2038,84.31,Netherlands,Europe
nld,2039,84.43,Netherlands,Europe
nld,2040,84.55,Netherlands,Europe
nld,2041,84.66,Netherlands,Europe
nld,2042,84.77,Netherlands,Europe
nld,2043,84.89,Netherlands,Europe
nld,2044,85,Netherlands,Europe
nld,2045,85.11,Netherlands,Europe
nld,2046,85.22,Netherlands,Europe
nld,2047,85.33,Netherlands,Europe
nld,2048,85.44,Netherlands,Europe
nld,2049,85.55,Netherlands,Europe
nld,2050,85.65,Netherlands,Europe
nld,2051,85.76,Netherlands,Europe
nld,2052,85.87,Netherlands,Europe
nld,2053,85.97,Netherlands,Europe
nld,2054,86.08,Netherlands,Europe
nld,2055,86.19,Netherlands,Europe
nld,2056,86.3,Netherlands,Europe
nld,2057,86.41,Netherlands,Europe
nld,2058,86.51,Netherlands,Europe
nld,2059,86.62,Netherlands,Europe
nld,2060,86.73,Netherlands,Europe
nld,2061,86.83,Netherlands,Europe
nld,2062,86.94,Netherlands,Europe
nld,2063,87.05,Netherlands,Europe
nld,2064,87.15,Netherlands,Europe
nld,2065,87.26,Netherlands,Europe
nld,2066,87.37,Netherlands,Europe
nld,2067,87.47,Netherlands,Europe
nld,2068,87.58,Netherlands,Europe
nld,2069,87.68,Netherlands,Europe
nld,2070,87.79,Netherlands,Europe
nld,2071,87.89,Netherlands,Europe
nld,2072,88,Netherlands,Europe
nld,2073,88.11,Netherlands,Europe
nld,2074,88.21,Netherlands,Europe
nld,2075,88.32,Netherlands,Europe
nld,2076,88.42,Netherlands,Europe
nld,2077,88.53,Netherlands,Europe
nld,2078,88.63,Netherlands,Europe
nld,2079,88.74,Netherlands,Europe
nld,2080,88.84,Netherlands,Europe
nld,2081,88.95,Netherlands,Europe
nld,2082,89.05,Netherlands,Europe
nld,2083,89.16,Netherlands,Europe
nld,2084,89.26,Netherlands,Europe
nld,2085,89.37,Netherlands,Europe
nld,2086,89.48,Netherlands,Europe
nld,2087,89.58,Netherlands,Europe
nld,2088,89.69,Netherlands,Europe
nld,2089,89.79,Netherlands,Europe
nld,2090,89.9,Netherlands,Europe
nld,2091,90.01,Netherlands,Europe
nld,2092,90.11,Netherlands,Europe
nld,2093,90.21,Netherlands,Europe
nld,2094,90.32,Netherlands,Europe
nld,2095,90.42,Netherlands,Europe
nld,2096,90.53,Netherlands,Europe
nld,2097,90.63,Netherlands,Europe
nld,2098,90.74,Netherlands,Europe
nld,2099,90.84,Netherlands,Europe
nld,2100,90.95,Netherlands,Europe
nzl,1800,34.05,New Zealand,Oceania
nzl,1801,34.05,New Zealand,Oceania
nzl,1802,34.05,New Zealand,Oceania
nzl,1803,34.05,New Zealand,Oceania
nzl,1804,34.05,New Zealand,Oceania
nzl,1805,34.05,New Zealand,Oceania
nzl,1806,34.05,New Zealand,Oceania
nzl,1807,34.05,New Zealand,Oceania
nzl,1808,34.05,New Zealand,Oceania
nzl,1809,34.05,New Zealand,Oceania
nzl,1810,34.05,New Zealand,Oceania
nzl,1811,34.05,New Zealand,Oceania
nzl,1812,34.05,New Zealand,Oceania
nzl,1813,34.05,New Zealand,Oceania
nzl,1814,34.05,New Zealand,Oceania
nzl,1815,34.05,New Zealand,Oceania
nzl,1816,34.05,New Zealand,Oceania
nzl,1817,34.05,New Zealand,Oceania
nzl,1818,34.05,New Zealand,Oceania
nzl,1819,34.05,New Zealand,Oceania
nzl,1820,34.05,New Zealand,Oceania
nzl,1821,34.05,New Zealand,Oceania
nzl,1822,34.05,New Zealand,Oceania
nzl,1823,34.05,New Zealand,Oceania
nzl,1824,34.05,New Zealand,Oceania
nzl,1825,34.05,New Zealand,Oceania
nzl,1826,34.05,New Zealand,Oceania
nzl,1827,34.05,New Zealand,Oceania
nzl,1828,34.05,New Zealand,Oceania
nzl,1829,34.05,New Zealand,Oceania
nzl,1830,34.05,New Zealand,Oceania
nzl,1831,34.05,New Zealand,Oceania
nzl,1832,34.05,New Zealand,Oceania
nzl,1833,34.05,New Zealand,Oceania
nzl,1834,34.05,New Zealand,Oceania
nzl,1835,34.05,New Zealand,Oceania
nzl,1836,34.05,New Zealand,Oceania
nzl,1837,34.05,New Zealand,Oceania
nzl,1838,34.05,New Zealand,Oceania
nzl,1839,34.05,New Zealand,Oceania
nzl,1840,34.05,New Zealand,Oceania
nzl,1841,34.05,New Zealand,Oceania
nzl,1842,34.05,New Zealand,Oceania
nzl,1843,34.05,New Zealand,Oceania
nzl,1844,34.05,New Zealand,Oceania
nzl,1845,34.05,New Zealand,Oceania
nzl,1846,34.05,New Zealand,Oceania
nzl,1847,34.05,New Zealand,Oceania
nzl,1848,34.05,New Zealand,Oceania
nzl,1849,34.05,New Zealand,Oceania
nzl,1850,34.05,New Zealand,Oceania
nzl,1851,34.05,New Zealand,Oceania
nzl,1852,34.05,New Zealand,Oceania
nzl,1853,34.05,New Zealand,Oceania
nzl,1854,34.05,New Zealand,Oceania
nzl,1855,34.05,New Zealand,Oceania
nzl,1856,34.05,New Zealand,Oceania
nzl,1857,34.05,New Zealand,Oceania
nzl,1858,34.05,New Zealand,Oceania
nzl,1859,34.05,New Zealand,Oceania
nzl,1860,34.05,New Zealand,Oceania
nzl,1861,34.05,New Zealand,Oceania
nzl,1862,34.05,New Zealand,Oceania
nzl,1863,34.05,New Zealand,Oceania
nzl,1864,34.05,New Zealand,Oceania
nzl,1865,34.05,New Zealand,Oceania
nzl,1866,34.05,New Zealand,Oceania
nzl,1867,34.05,New Zealand,Oceania
nzl,1868,34.05,New Zealand,Oceania
nzl,1869,34.05,New Zealand,Oceania
nzl,1870,34.05,New Zealand,Oceania
nzl,1871,34.5,New Zealand,Oceania
nzl,1872,34.95,New Zealand,Oceania
nzl,1873,35.39,New Zealand,Oceania
nzl,1874,35.84,New Zealand,Oceania
nzl,1875,36.29,New Zealand,Oceania
nzl,1876,36.74,New Zealand,Oceania
nzl,1877,37.18,New Zealand,Oceania
nzl,1878,37.63,New Zealand,Oceania
nzl,1879,38.08,New Zealand,Oceania
nzl,1880,38.53,New Zealand,Oceania
nzl,1881,38.98,New Zealand,Oceania
nzl,1882,39.42,New Zealand,Oceania
nzl,1883,39.87,New Zealand,Oceania
nzl,1884,40.32,New Zealand,Oceania
nzl,1885,40.77,New Zealand,Oceania
nzl,1886,41.22,New Zealand,Oceania
nzl,1887,41.67,New Zealand,Oceania
nzl,1888,42.11,New Zealand,Oceania
nzl,1889,42.56,New Zealand,Oceania
nzl,1890,43.01,New Zealand,Oceania
nzl,1891,43.46,New Zealand,Oceania
nzl,1892,43.91,New Zealand,Oceania
nzl,1893,44.36,New Zealand,Oceania
nzl,1894,44.8,New Zealand,Oceania
nzl,1895,45.25,New Zealand,Oceania
nzl,1896,45.7,New Zealand,Oceania
nzl,1897,46.15,New Zealand,Oceania
nzl,1898,46.6,New Zealand,Oceania
nzl,1899,47.05,New Zealand,Oceania
nzl,1900,47.5,New Zealand,Oceania
nzl,1901,47.95,New Zealand,Oceania
nzl,1902,48.39,New Zealand,Oceania
nzl,1903,48.84,New Zealand,Oceania
nzl,1904,49.29,New Zealand,Oceania
nzl,1905,49.74,New Zealand,Oceania
nzl,1906,50.19,New Zealand,Oceania
nzl,1907,50.64,New Zealand,Oceania
nzl,1908,51.09,New Zealand,Oceania
nzl,1909,51.54,New Zealand,Oceania
nzl,1910,51.99,New Zealand,Oceania
nzl,1911,52.44,New Zealand,Oceania
nzl,1912,52.89,New Zealand,Oceania
nzl,1913,53.33,New Zealand,Oceania
nzl,1914,53.78,New Zealand,Oceania
nzl,1915,54.23,New Zealand,Oceania
nzl,1916,54.68,New Zealand,Oceania
nzl,1917,55.13,New Zealand,Oceania
nzl,1918,47.1,New Zealand,Oceania
nzl,1919,56.03,New Zealand,Oceania
nzl,1920,56.48,New Zealand,Oceania
nzl,1921,56.93,New Zealand,Oceania
nzl,1922,57.38,New Zealand,Oceania
nzl,1923,57.83,New Zealand,Oceania
nzl,1924,58.28,New Zealand,Oceania
nzl,1925,58.73,New Zealand,Oceania
nzl,1926,59.18,New Zealand,Oceania
nzl,1927,59.63,New Zealand,Oceania
nzl,1928,60.08,New Zealand,Oceania
nzl,1929,60.53,New Zealand,Oceania
nzl,1930,60.98,New Zealand,Oceania
nzl,1931,61.43,New Zealand,Oceania
nzl,1932,61.88,New Zealand,Oceania
nzl,1933,62.33,New Zealand,Oceania
nzl,1934,62.78,New Zealand,Oceania
nzl,1935,63.23,New Zealand,Oceania
nzl,1936,63.68,New Zealand,Oceania
nzl,1937,64.13,New Zealand,Oceania
nzl,1938,64.58,New Zealand,Oceania
nzl,1939,65.03,New Zealand,Oceania
nzl,1940,65.48,New Zealand,Oceania
nzl,1941,65.93,New Zealand,Oceania
nzl,1942,66.38,New Zealand,Oceania
nzl,1943,66.83,New Zealand,Oceania
nzl,1944,67.28,New Zealand,Oceania
nzl,1945,67.73,New Zealand,Oceania
nzl,1946,68.18,New Zealand,Oceania
nzl,1947,68.63,New Zealand,Oceania
nzl,1948,69.08,New Zealand,Oceania
nzl,1949,69.2,New Zealand,Oceania
nzl,1950,69.52,New Zealand,Oceania
nzl,1951,69.51,New Zealand,Oceania
nzl,1952,69.75,New Zealand,Oceania
nzl,1953,69.87,New Zealand,Oceania
nzl,1954,70.53,New Zealand,Oceania
nzl,1955,70.62,New Zealand,Oceania
nzl,1956,70.79,New Zealand,Oceania
nzl,1957,70.68,New Zealand,Oceania
nzl,1958,70.88,New Zealand,Oceania
nzl,1959,70.97,New Zealand,Oceania
nzl,1960,71.22,New Zealand,Oceania
nzl,1961,71.19,New Zealand,Oceania
nzl,1962,71.37,New Zealand,Oceania
nzl,1963,71.41,New Zealand,Oceania
nzl,1964,71.47,New Zealand,Oceania
nzl,1965,71.46,New Zealand,Oceania
nzl,1966,71.64,New Zealand,Oceania
nzl,1967,71.6,New Zealand,Oceania
nzl,1968,71.44,New Zealand,Oceania
nzl,1969,71.61,New Zealand,Oceania
nzl,1970,71.64,New Zealand,Oceania
nzl,1971,71.84,New Zealand,Oceania
nzl,1972,72.03,New Zealand,Oceania
nzl,1973,72,New Zealand,Oceania
nzl,1974,72.19,New Zealand,Oceania
nzl,1975,72.39,New Zealand,Oceania
nzl,1976,72.63,New Zealand,Oceania
nzl,1977,72.72,New Zealand,Oceania
nzl,1978,73.2,New Zealand,Oceania
nzl,1979,73.12,New Zealand,Oceania
nzl,1980,73.37,New Zealand,Oceania
nzl,1981,73.83,New Zealand,Oceania
nzl,1982,74.05,New Zealand,Oceania
nzl,1983,74.28,New Zealand,Oceania
nzl,1984,74.37,New Zealand,Oceania
nzl,1985,74.22,New Zealand,Oceania
nzl,1986,74.36,New Zealand,Oceania
nzl,1987,74.48,New Zealand,Oceania
nzl,1988,74.77,New Zealand,Oceania
nzl,1989,75.11,New Zealand,Oceania
nzl,1990,75.55,New Zealand,Oceania
nzl,1991,75.93,New Zealand,Oceania
nzl,1992,76.12,New Zealand,Oceania
nzl,1993,76.28,New Zealand,Oceania
nzl,1994,76.66,New Zealand,Oceania
nzl,1995,76.75,New Zealand,Oceania
nzl,1996,77.01,New Zealand,Oceania
nzl,1997,77.39,New Zealand,Oceania
nzl,1998,77.92,New Zealand,Oceania
nzl,1999,78.05,New Zealand,Oceania
nzl,2000,78.39,New Zealand,Oceania
nzl,2001,78.59,New Zealand,Oceania
nzl,2002,78.81,New Zealand,Oceania
nzl,2003,79.13,New Zealand,Oceania
nzl,2004,79.39,New Zealand,Oceania
nzl,2005,79.8,New Zealand,Oceania
nzl,2006,80.05,New Zealand,Oceania
nzl,2007,80.19,New Zealand,Oceania
nzl,2008,80.37,New Zealand,Oceania
nzl,2009,80.64,New Zealand,Oceania
nzl,2010,80.92,New Zealand,Oceania
nzl,2011,80.92,New Zealand,Oceania
nzl,2012,81.24,New Zealand,Oceania
nzl,2013,81.51,New Zealand,Oceania
nzl,2014,81.53,New Zealand,Oceania
nzl,2015,81.72,New Zealand,Oceania
nzl,2016,81.91,New Zealand,Oceania
nzl,2017,81.99,New Zealand,Oceania
nzl,2018,81.78,New Zealand,Oceania
nzl,2019,81.78,New Zealand,Oceania
nzl,2020,81.82,New Zealand,Oceania
nzl,2021,82.07,New Zealand,Oceania
nzl,2022,82.22,New Zealand,Oceania
nzl,2023,82.37,New Zealand,Oceania
nzl,2024,82.52,New Zealand,Oceania
nzl,2025,82.67,New Zealand,Oceania
nzl,2026,82.82,New Zealand,Oceania
nzl,2027,82.96,New Zealand,Oceania
nzl,2028,83.11,New Zealand,Oceania
nzl,2029,83.25,New Zealand,Oceania
nzl,2030,83.39,New Zealand,Oceania
nzl,2031,83.53,New Zealand,Oceania
nzl,2032,83.67,New Zealand,Oceania
nzl,2033,83.8,New Zealand,Oceania
nzl,2034,83.93,New Zealand,Oceania
nzl,2035,84.05,New Zealand,Oceania
nzl,2036,84.18,New Zealand,Oceania
nzl,2037,84.3,New Zealand,Oceania
nzl,2038,84.42,New Zealand,Oceania
nzl,2039,84.54,New Zealand,Oceania
nzl,2040,84.66,New Zealand,Oceania
nzl,2041,84.77,New Zealand,Oceania
nzl,2042,84.89,New Zealand,Oceania
nzl,2043,85.01,New Zealand,Oceania
nzl,2044,85.12,New Zealand,Oceania
nzl,2045,85.24,New Zealand,Oceania
nzl,2046,85.35,New Zealand,Oceania
nzl,2047,85.46,New Zealand,Oceania
nzl,2048,85.58,New Zealand,Oceania
nzl,2049,85.69,New Zealand,Oceania
nzl,2050,85.8,New Zealand,Oceania
nzl,2051,85.91,New Zealand,Oceania
nzl,2052,86.02,New Zealand,Oceania
nzl,2053,86.13,New Zealand,Oceania
nzl,2054,86.24,New Zealand,Oceania
nzl,2055,86.34,New Zealand,Oceania
nzl,2056,86.45,New Zealand,Oceania
nzl,2057,86.56,New Zealand,Oceania
nzl,2058,86.67,New Zealand,Oceania
nzl,2059,86.78,New Zealand,Oceania
nzl,2060,86.89,New Zealand,Oceania
nzl,2061,87,New Zealand,Oceania
nzl,2062,87.11,New Zealand,Oceania
nzl,2063,87.22,New Zealand,Oceania
nzl,2064,87.33,New Zealand,Oceania
nzl,2065,87.44,New Zealand,Oceania
nzl,2066,87.55,New Zealand,Oceania
nzl,2067,87.66,New Zealand,Oceania
nzl,2068,87.77,New Zealand,Oceania
nzl,2069,87.88,New Zealand,Oceania
nzl,2070,87.99,New Zealand,Oceania
nzl,2071,88.1,New Zealand,Oceania
nzl,2072,88.21,New Zealand,Oceania
nzl,2073,88.32,New Zealand,Oceania
nzl,2074,88.43,New Zealand,Oceania
nzl,2075,88.53,New Zealand,Oceania
nzl,2076,88.64,New Zealand,Oceania
nzl,2077,88.75,New Zealand,Oceania
nzl,2078,88.86,New Zealand,Oceania
nzl,2079,88.97,New Zealand,Oceania
nzl,2080,89.08,New Zealand,Oceania
nzl,2081,89.19,New Zealand,Oceania
nzl,2082,89.3,New Zealand,Oceania
nzl,2083,89.41,New Zealand,Oceania
nzl,2084,89.52,New Zealand,Oceania
nzl,2085,89.63,New Zealand,Oceania
nzl,2086,89.74,New Zealand,Oceania
nzl,2087,89.85,New Zealand,Oceania
nzl,2088,89.96,New Zealand,Oceania
nzl,2089,90.07,New Zealand,Oceania
nzl,2090,90.18,New Zealand,Oceania
nzl,2091,90.29,New Zealand,Oceania
nzl,2092,90.4,New Zealand,Oceania
nzl,2093,90.51,New Zealand,Oceania
nzl,2094,90.61,New Zealand,Oceania
nzl,2095,90.73,New Zealand,Oceania
nzl,2096,90.84,New Zealand,Oceania
nzl,2097,90.95,New Zealand,Oceania
nzl,2098,91.06,New Zealand,Oceania
nzl,2099,91.18,New Zealand,Oceania
nzl,2100,91.29,New Zealand,Oceania
nic,1800,25.4,Nicaragua,North America
nic,1801,25.4,Nicaragua,North America
nic,1802,25.4,Nicaragua,North America
nic,1803,25.4,Nicaragua,North America
nic,1804,25.4,Nicaragua,North America
nic,1805,25.4,Nicaragua,North America
nic,1806,25.4,Nicaragua,North America
nic,1807,25.4,Nicaragua,North America
nic,1808,25.4,Nicaragua,North America
nic,1809,25.4,Nicaragua,North America
nic,1810,25.4,Nicaragua,North America
nic,1811,25.4,Nicaragua,North America
nic,1812,25.4,Nicaragua,North America
nic,1813,25.4,Nicaragua,North America
nic,1814,25.4,Nicaragua,North America
nic,1815,25.4,Nicaragua,North America
nic,1816,25.4,Nicaragua,North America
nic,1817,25.4,Nicaragua,North America
nic,1818,25.4,Nicaragua,North America
nic,1819,25.4,Nicaragua,North America
nic,1820,25.4,Nicaragua,North America
nic,1821,25.4,Nicaragua,North America
nic,1822,25.4,Nicaragua,North America
nic,1823,25.4,Nicaragua,North America
nic,1824,25.4,Nicaragua,North America
nic,1825,25.4,Nicaragua,North America
nic,1826,25.4,Nicaragua,North America
nic,1827,25.4,Nicaragua,North America
nic,1828,25.4,Nicaragua,North America
nic,1829,25.4,Nicaragua,North America
nic,1830,25.4,Nicaragua,North America
nic,1831,25.4,Nicaragua,North America
nic,1832,25.4,Nicaragua,North America
nic,1833,25.4,Nicaragua,North America
nic,1834,25.4,Nicaragua,North America
nic,1835,25.4,Nicaragua,North America
nic,1836,25.4,Nicaragua,North America
nic,1837,25.4,Nicaragua,North America
nic,1838,25.4,Nicaragua,North America
nic,1839,25.4,Nicaragua,North America
nic,1840,25.4,Nicaragua,North America
nic,1841,25.4,Nicaragua,North America
nic,1842,25.4,Nicaragua,North America
nic,1843,25.4,Nicaragua,North America
nic,1844,25.4,Nicaragua,North America
nic,1845,25.4,Nicaragua,North America
nic,1846,25.4,Nicaragua,North America
nic,1847,25.4,Nicaragua,North America
nic,1848,25.4,Nicaragua,North America
nic,1849,25.4,Nicaragua,North America
nic,1850,25.4,Nicaragua,North America
nic,1851,25.4,Nicaragua,North America
nic,1852,25.4,Nicaragua,North America
nic,1853,25.4,Nicaragua,North America
nic,1854,25.4,Nicaragua,North America
nic,1855,25.4,Nicaragua,North America
nic,1856,25.4,Nicaragua,North America
nic,1857,25.4,Nicaragua,North America
nic,1858,25.4,Nicaragua,North America
nic,1859,25.4,Nicaragua,North America
nic,1860,25.4,Nicaragua,North America
nic,1861,25.4,Nicaragua,North America
nic,1862,25.4,Nicaragua,North America
nic,1863,25.4,Nicaragua,North America
nic,1864,25.4,Nicaragua,North America
nic,1865,25.4,Nicaragua,North America
nic,1866,25.4,Nicaragua,North America
nic,1867,25.4,Nicaragua,North America
nic,1868,25.4,Nicaragua,North America
nic,1869,25.4,Nicaragua,North America
nic,1870,25.4,Nicaragua,North America
nic,1871,25.45,Nicaragua,North America
nic,1872,25.5,Nicaragua,North America
nic,1873,25.55,Nicaragua,North America
nic,1874,25.6,Nicaragua,North America
nic,1875,25.66,Nicaragua,North America
nic,1876,25.71,Nicaragua,North America
nic,1877,25.76,Nicaragua,North America
nic,1878,25.81,Nicaragua,North America
nic,1879,25.86,Nicaragua,North America
nic,1880,25.91,Nicaragua,North America
nic,1881,25.96,Nicaragua,North America
nic,1882,26.01,Nicaragua,North America
nic,1883,26.07,Nicaragua,North America
nic,1884,26.12,Nicaragua,North America
nic,1885,26.17,Nicaragua,North America
nic,1886,26.22,Nicaragua,North America
nic,1887,26.27,Nicaragua,North America
nic,1888,26.32,Nicaragua,North America
nic,1889,26.37,Nicaragua,North America
nic,1890,26.42,Nicaragua,North America
nic,1891,26.48,Nicaragua,North America
nic,1892,26.53,Nicaragua,North America
nic,1893,26.58,Nicaragua,North America
nic,1894,26.63,Nicaragua,North America
nic,1895,26.68,Nicaragua,North America
nic,1896,26.73,Nicaragua,North America
nic,1897,26.78,Nicaragua,North America
nic,1898,26.83,Nicaragua,North America
nic,1899,26.89,Nicaragua,North America
nic,1900,26.94,Nicaragua,North America
nic,1901,26.99,Nicaragua,North America
nic,1902,27.04,Nicaragua,North America
nic,1903,27.09,Nicaragua,North America
nic,1904,27.14,Nicaragua,North America
nic,1905,27.19,Nicaragua,North America
nic,1906,27.24,Nicaragua,North America
nic,1907,27.29,Nicaragua,North America
nic,1908,27.35,Nicaragua,North America
nic,1909,27.4,Nicaragua,North America
nic,1910,27.45,Nicaragua,North America
nic,1911,27.5,Nicaragua,North America
nic,1912,27.55,Nicaragua,North America
nic,1913,27.6,Nicaragua,North America
nic,1914,27.65,Nicaragua,North America
nic,1915,27.7,Nicaragua,North America
nic,1916,27.76,Nicaragua,North America
nic,1917,27.58,Nicaragua,North America
nic,1918,24.42,Nicaragua,North America
nic,1919,27.22,Nicaragua,North America
nic,1920,27.04,Nicaragua,North America
nic,1921,26.85,Nicaragua,North America
nic,1922,27.49,Nicaragua,North America
nic,1923,28.13,Nicaragua,North America
nic,1924,28.77,Nicaragua,North America
nic,1925,29.42,Nicaragua,North America
nic,1926,30.06,Nicaragua,North America
nic,1927,30.71,Nicaragua,North America
nic,1928,31.36,Nicaragua,North America
nic,1929,32.01,Nicaragua,North America
nic,1930,32.67,Nicaragua,North America
nic,1931,33.33,Nicaragua,North America
nic,1932,33.99,Nicaragua,North America
nic,1933,34.65,Nicaragua,North America
nic,1934,35.31,Nicaragua,North America
nic,1935,35.98,Nicaragua,North America
nic,1936,36.64,Nicaragua,North America
nic,1937,37.31,Nicaragua,North America
nic,1938,37.98,Nicaragua,North America
nic,1939,38.66,Nicaragua,North America
nic,1940,39.34,Nicaragua,North America
nic,1941,40.16,Nicaragua,North America
nic,1942,40.98,Nicaragua,North America
nic,1943,41.81,Nicaragua,North America
nic,1944,42.64,Nicaragua,North America
nic,1945,43.47,Nicaragua,North America
nic,1946,44.3,Nicaragua,North America
nic,1947,45.14,Nicaragua,North America
nic,1948,45.98,Nicaragua,North America
nic,1949,46.83,Nicaragua,North America
nic,1950,47.67,Nicaragua,North America
nic,1951,48.44,Nicaragua,North America
nic,1952,49.69,Nicaragua,North America
nic,1953,50.66,Nicaragua,North America
nic,1954,51.61,Nicaragua,North America
nic,1955,52.29,Nicaragua,North America
nic,1956,53.12,Nicaragua,North America
nic,1957,53.21,Nicaragua,North America
nic,1958,53.58,Nicaragua,North America
nic,1959,53.28,Nicaragua,North America
nic,1960,53.6,Nicaragua,North America
nic,1961,55.38,Nicaragua,North America
nic,1962,56.08,Nicaragua,North America
nic,1963,56.47,Nicaragua,North America
nic,1964,56.79,Nicaragua,North America
nic,1965,57.19,Nicaragua,North America
nic,1966,57.34,Nicaragua,North America
nic,1967,57.27,Nicaragua,North America
nic,1968,56.49,Nicaragua,North America
nic,1969,55.97,Nicaragua,North America
nic,1970,58.08,Nicaragua,North America
nic,1971,59.23,Nicaragua,North America
nic,1972,50.47,Nicaragua,North America
nic,1973,61.15,Nicaragua,North America
nic,1974,61.97,Nicaragua,North America
nic,1975,62.65,Nicaragua,North America
nic,1976,62.93,Nicaragua,North America
nic,1977,63.75,Nicaragua,North America
nic,1978,63.14,Nicaragua,North America
nic,1979,58.88,Nicaragua,North America
nic,1980,66.37,Nicaragua,North America
nic,1981,66.51,Nicaragua,North America
nic,1982,66.77,Nicaragua,North America
nic,1983,62.51,Nicaragua,North America
nic,1984,61.57,Nicaragua,North America
nic,1985,63.31,Nicaragua,North America
nic,1986,65.35,Nicaragua,North America
nic,1987,64.19,Nicaragua,North America
nic,1988,68.22,Nicaragua,North America
nic,1989,71.68,Nicaragua,North America
nic,1990,72.72,Nicaragua,North America
nic,1991,72.06,Nicaragua,North America
nic,1992,72.44,Nicaragua,North America
nic,1993,72.64,Nicaragua,North America
nic,1994,73,Nicaragua,North America
nic,1995,71.46,Nicaragua,North America
nic,1996,71.52,Nicaragua,North America
nic,1997,72.44,Nicaragua,North America
nic,1998,70.42,Nicaragua,North America
nic,1999,73.26,Nicaragua,North America
nic,2000,73.73,Nicaragua,North America
nic,2001,73.73,Nicaragua,North America
nic,2002,73.61,Nicaragua,North America
nic,2003,73.6,Nicaragua,North America
nic,2004,73.65,Nicaragua,North America
nic,2005,73.46,Nicaragua,North America
nic,2006,74.25,Nicaragua,North America
nic,2007,73.92,Nicaragua,North America
nic,2008,73.96,Nicaragua,North America
nic,2009,74.11,Nicaragua,North America
nic,2010,74.37,Nicaragua,North America
nic,2011,74.33,Nicaragua,North America
nic,2012,74.39,Nicaragua,North America
nic,2013,74.46,Nicaragua,North America
nic,2014,74.5,Nicaragua,North America
nic,2015,74.91,Nicaragua,North America
nic,2016,74.77,Nicaragua,North America
nic,2017,75.04,Nicaragua,North America
nic,2018,75.18,Nicaragua,North America
nic,2019,75.38,Nicaragua,North America
nic,2020,75.4,Nicaragua,North America
nic,2021,75.81,Nicaragua,North America
nic,2022,76.03,Nicaragua,North America
nic,2023,76.24,Nicaragua,North America
nic,2024,76.45,Nicaragua,North America
nic,2025,76.66,Nicaragua,North America
nic,2026,76.86,Nicaragua,North America
nic,2027,77.07,Nicaragua,North America
nic,2028,77.27,Nicaragua,North America
nic,2029,77.47,Nicaragua,North America
nic,2030,77.67,Nicaragua,North America
nic,2031,77.86,Nicaragua,North America
nic,2032,78.06,Nicaragua,North America
nic,2033,78.25,Nicaragua,North America
nic,2034,78.44,Nicaragua,North America
nic,2035,78.63,Nicaragua,North America
nic,2036,78.82,Nicaragua,North America
nic,2037,79.01,Nicaragua,North America
nic,2038,79.19,Nicaragua,North America
nic,2039,79.38,Nicaragua,North America
nic,2040,79.56,Nicaragua,North America
nic,2041,79.74,Nicaragua,North America
nic,2042,79.93,Nicaragua,North America
nic,2043,80.11,Nicaragua,North America
nic,2044,80.29,Nicaragua,North America
nic,2045,80.47,Nicaragua,North America
nic,2046,80.65,Nicaragua,North America
nic,2047,80.82,Nicaragua,North America
nic,2048,81,Nicaragua,North America
nic,2049,81.17,Nicaragua,North America
nic,2050,81.35,Nicaragua,North America
nic,2051,81.52,Nicaragua,North America
nic,2052,81.7,Nicaragua,North America
nic,2053,81.87,Nicaragua,North America
nic,2054,82.04,Nicaragua,North America
nic,2055,82.21,Nicaragua,North America
nic,2056,82.38,Nicaragua,North America
nic,2057,82.55,Nicaragua,North America
nic,2058,82.72,Nicaragua,North America
nic,2059,82.88,Nicaragua,North America
nic,2060,83.05,Nicaragua,North America
nic,2061,83.21,Nicaragua,North America
nic,2062,83.37,Nicaragua,North America
nic,2063,83.52,Nicaragua,North America
nic,2064,83.68,Nicaragua,North America
nic,2065,83.83,Nicaragua,North America
nic,2066,83.98,Nicaragua,North America
nic,2067,84.13,Nicaragua,North America
nic,2068,84.27,Nicaragua,North America
nic,2069,84.41,Nicaragua,North America
nic,2070,84.55,Nicaragua,North America
nic,2071,84.68,Nicaragua,North America
nic,2072,84.82,Nicaragua,North America
nic,2073,84.95,Nicaragua,North America
nic,2074,85.08,Nicaragua,North America
nic,2075,85.21,Nicaragua,North America
nic,2076,85.34,Nicaragua,North America
nic,2077,85.46,Nicaragua,North America
nic,2078,85.59,Nicaragua,North America
nic,2079,85.71,Nicaragua,North America
nic,2080,85.83,Nicaragua,North America
nic,2081,85.96,Nicaragua,North America
nic,2082,86.08,Nicaragua,North America
nic,2083,86.2,Nicaragua,North America
nic,2084,86.32,Nicaragua,North America
nic,2085,86.44,Nicaragua,North America
nic,2086,86.55,Nicaragua,North America
nic,2087,86.67,Nicaragua,North America
nic,2088,86.79,Nicaragua,North America
nic,2089,86.9,Nicaragua,North America
nic,2090,87.02,Nicaragua,North America
nic,2091,87.13,Nicaragua,North America
nic,2092,87.24,Nicaragua,North America
nic,2093,87.35,Nicaragua,North America
nic,2094,87.46,Nicaragua,North America
nic,2095,87.57,Nicaragua,North America
nic,2096,87.68,Nicaragua,North America
nic,2097,87.79,Nicaragua,North America
nic,2098,87.9,Nicaragua,North America
nic,2099,88,Nicaragua,North America
nic,2100,88.11,Nicaragua,North America
ner,1800,30.8,Niger,Africa
ner,1801,30.8,Niger,Africa
ner,1802,30.8,Niger,Africa
ner,1803,30.8,Niger,Africa
ner,1804,30.8,Niger,Africa
ner,1805,30.8,Niger,Africa
ner,1806,30.8,Niger,Africa
ner,1807,30.8,Niger,Africa
ner,1808,30.8,Niger,Africa
ner,1809,30.8,Niger,Africa
ner,1810,30.8,Niger,Africa
ner,1811,30.8,Niger,Africa
ner,1812,30.8,Niger,Africa
ner,1813,30.8,Niger,Africa
ner,1814,30.8,Niger,Africa
ner,1815,30.8,Niger,Africa
ner,1816,30.8,Niger,Africa
ner,1817,30.8,Niger,Africa
ner,1818,30.8,Niger,Africa
ner,1819,30.8,Niger,Africa
ner,1820,30.8,Niger,Africa
ner,1821,30.8,Niger,Africa
ner,1822,30.8,Niger,Africa
ner,1823,30.8,Niger,Africa
ner,1824,30.8,Niger,Africa
ner,1825,30.8,Niger,Africa
ner,1826,30.8,Niger,Africa
ner,1827,30.8,Niger,Africa
ner,1828,30.8,Niger,Africa
ner,1829,30.8,Niger,Africa
ner,1830,30.8,Niger,Africa
ner,1831,30.8,Niger,Africa
ner,1832,30.8,Niger,Africa
ner,1833,30.8,Niger,Africa
ner,1834,30.8,Niger,Africa
ner,1835,30.8,Niger,Africa
ner,1836,30.8,Niger,Africa
ner,1837,30.8,Niger,Africa
ner,1838,30.8,Niger,Africa
ner,1839,30.8,Niger,Africa
ner,1840,30.8,Niger,Africa
ner,1841,30.8,Niger,Africa
ner,1842,30.8,Niger,Africa
ner,1843,30.8,Niger,Africa
ner,1844,30.8,Niger,Africa
ner,1845,30.8,Niger,Africa
ner,1846,30.8,Niger,Africa
ner,1847,30.8,Niger,Africa
ner,1848,30.8,Niger,Africa
ner,1849,30.8,Niger,Africa
ner,1850,30.8,Niger,Africa
ner,1851,30.8,Niger,Africa
ner,1852,30.8,Niger,Africa
ner,1853,30.8,Niger,Africa
ner,1854,30.8,Niger,Africa
ner,1855,30.8,Niger,Africa
ner,1856,30.8,Niger,Africa
ner,1857,30.8,Niger,Africa
ner,1858,30.8,Niger,Africa
ner,1859,30.8,Niger,Africa
ner,1860,30.8,Niger,Africa
ner,1861,30.8,Niger,Africa
ner,1862,30.8,Niger,Africa
ner,1863,30.8,Niger,Africa
ner,1864,30.8,Niger,Africa
ner,1865,30.8,Niger,Africa
ner,1866,30.8,Niger,Africa
ner,1867,30.8,Niger,Africa
ner,1868,30.8,Niger,Africa
ner,1869,30.8,Niger,Africa
ner,1870,30.8,Niger,Africa
ner,1871,30.83,Niger,Africa
ner,1872,30.86,Niger,Africa
ner,1873,30.9,Niger,Africa
ner,1874,30.93,Niger,Africa
ner,1875,30.96,Niger,Africa
ner,1876,30.99,Niger,Africa
ner,1877,31.03,Niger,Africa
ner,1878,31.06,Niger,Africa
ner,1879,31.09,Niger,Africa
ner,1880,31.12,Niger,Africa
ner,1881,31.15,Niger,Africa
ner,1882,31.19,Niger,Africa
ner,1883,31.22,Niger,Africa
ner,1884,31.25,Niger,Africa
ner,1885,31.28,Niger,Africa
ner,1886,31.31,Niger,Africa
ner,1887,31.35,Niger,Africa
ner,1888,31.38,Niger,Africa
ner,1889,31.41,Niger,Africa
ner,1890,31.44,Niger,Africa
ner,1891,31.48,Niger,Africa
ner,1892,31.51,Niger,Africa
ner,1893,31.54,Niger,Africa
ner,1894,31.57,Niger,Africa
ner,1895,31.6,Niger,Africa
ner,1896,31.64,Niger,Africa
ner,1897,31.67,Niger,Africa
ner,1898,31.7,Niger,Africa
ner,1899,31.73,Niger,Africa
ner,1900,31.77,Niger,Africa
ner,1901,31.8,Niger,Africa
ner,1902,31.83,Niger,Africa
ner,1903,31.86,Niger,Africa
ner,1904,31.89,Niger,Africa
ner,1905,31.93,Niger,Africa
ner,1906,31.96,Niger,Africa
ner,1907,31.99,Niger,Africa
ner,1908,32.02,Niger,Africa
ner,1909,32.05,Niger,Africa
ner,1910,32.09,Niger,Africa
ner,1911,32.12,Niger,Africa
ner,1912,32.15,Niger,Africa
ner,1913,32.18,Niger,Africa
ner,1914,32.22,Niger,Africa
ner,1915,32.25,Niger,Africa
ner,1916,32.28,Niger,Africa
ner,1917,32.31,Niger,Africa
ner,1918,12.51,Niger,Africa
ner,1919,32.38,Niger,Africa
ner,1920,32.41,Niger,Africa
ner,1921,32.44,Niger,Africa
ner,1922,32.47,Niger,Africa
ner,1923,32.5,Niger,Africa
ner,1924,32.54,Niger,Africa
ner,1925,32.57,Niger,Africa
ner,1926,32.6,Niger,Africa
ner,1927,32.63,Niger,Africa
ner,1928,32.67,Niger,Africa
ner,1929,32.7,Niger,Africa
ner,1930,32.73,Niger,Africa
ner,1931,32.76,Niger,Africa
ner,1932,32.79,Niger,Africa
ner,1933,32.83,Niger,Africa
ner,1934,32.86,Niger,Africa
ner,1935,32.89,Niger,Africa
ner,1936,32.92,Niger,Africa
ner,1937,32.96,Niger,Africa
ner,1938,32.99,Niger,Africa
ner,1939,33.02,Niger,Africa
ner,1940,33.05,Niger,Africa
ner,1941,33.08,Niger,Africa
ner,1942,33.12,Niger,Africa
ner,1943,33.15,Niger,Africa
ner,1944,33.18,Niger,Africa
ner,1945,33.21,Niger,Africa
ner,1946,34.13,Niger,Africa
ner,1947,35.04,Niger,Africa
ner,1948,35.96,Niger,Africa
ner,1949,36.87,Niger,Africa
ner,1950,37.79,Niger,Africa
ner,1951,37.74,Niger,Africa
ner,1952,38.03,Niger,Africa
ner,1953,38.54,Niger,Africa
ner,1954,38.79,Niger,Africa
ner,1955,38.95,Niger,Africa
ner,1956,39.24,Niger,Africa
ner,1957,39.44,Niger,Africa
ner,1958,39.69,Niger,Africa
ner,1959,40.02,Niger,Africa
ner,1960,40.33,Niger,Africa
ner,1961,40.63,Niger,Africa
ner,1962,41.02,Niger,Africa
ner,1963,41.48,Niger,Africa
ner,1964,41.89,Niger,Africa
ner,1965,42.32,Niger,Africa
ner,1966,43.08,Niger,Africa
ner,1967,42.37,Niger,Africa
ner,1968,42.66,Niger,Africa
ner,1969,42.79,Niger,Africa
ner,1970,43.05,Niger,Africa
ner,1971,42.79,Niger,Africa
ner,1972,42.98,Niger,Africa
ner,1973,43.04,Niger,Africa
ner,1974,43.04,Niger,Africa
ner,1975,43.14,Niger,Africa
ner,1976,43.2,Niger,Africa
ner,1977,43.41,Niger,Africa
ner,1978,44.01,Niger,Africa
ner,1979,44.38,Niger,Africa
ner,1980,44.94,Niger,Africa
ner,1981,45.07,Niger,Africa
ner,1982,45.11,Niger,Africa
ner,1983,45.29,Niger,Africa
ner,1984,45.22,Niger,Africa
ner,1985,45.46,Niger,Africa
ner,1986,45.43,Niger,Africa
ner,1987,45.83,Niger,Africa
ner,1988,46.56,Niger,Africa
ner,1989,46.91,Niger,Africa
ner,1990,47.41,Niger,Africa
ner,1991,47.37,Niger,Africa
ner,1992,47.98,Niger,Africa
ner,1993,48.22,Niger,Africa
ner,1994,48.84,Niger,Africa
ner,1995,48.57,Niger,Africa
ner,1996,49.98,Niger,Africa
ner,1997,50.53,Niger,Africa
ner,1998,51.08,Niger,Africa
ner,1999,51.49,Niger,Africa
ner,2000,51.85,Niger,Africa
ner,2001,52.31,Niger,Africa
ner,2002,53.25,Niger,Africa
ner,2003,53.74,Niger,Africa
ner,2004,55.01,Niger,Africa
ner,2005,55.62,Niger,Africa
ner,2006,56.66,Niger,Africa
ner,2007,57.2,Niger,Africa
ner,2008,58.26,Niger,Africa
ner,2009,58.72,Niger,Africa
ner,2010,59.05,Niger,Africa
ner,2011,59.32,Niger,Africa
ner,2012,59.57,Niger,Africa
ner,2013,59.97,Niger,Africa
ner,2014,60.36,Niger,Africa
ner,2015,60.64,Niger,Africa
ner,2016,61.08,Niger,Africa
ner,2017,61.53,Niger,Africa
ner,2018,62.01,Niger,Africa
ner,2019,62.51,Niger,Africa
ner,2020,62.65,Niger,Africa
ner,2021,63.24,Niger,Africa
ner,2022,63.58,Niger,Africa
ner,2023,63.92,Niger,Africa
ner,2024,64.24,Niger,Africa
ner,2025,64.57,Niger,Africa
ner,2026,64.89,Niger,Africa
ner,2027,65.2,Niger,Africa
ner,2028,65.51,Niger,Africa
ner,2029,65.81,Niger,Africa
ner,2030,66.1,Niger,Africa
ner,2031,66.38,Niger,Africa
ner,2032,66.65,Niger,Africa
ner,2033,66.91,Niger,Africa
ner,2034,67.16,Niger,Africa
ner,2035,67.4,Niger,Africa
ner,2036,67.64,Niger,Africa
ner,2037,67.87,Niger,Africa
ner,2038,68.09,Niger,Africa
ner,2039,68.31,Niger,Africa
ner,2040,68.52,Niger,Africa
ner,2041,68.72,Niger,Africa
ner,2042,68.92,Niger,Africa
ner,2043,69.12,Niger,Africa
ner,2044,69.31,Niger,Africa
ner,2045,69.49,Niger,Africa
ner,2046,69.67,Niger,Africa
ner,2047,69.84,Niger,Africa
ner,2048,70.01,Niger,Africa
ner,2049,70.18,Niger,Africa
ner,2050,70.34,Niger,Africa
ner,2051,70.49,Niger,Africa
ner,2052,70.65,Niger,Africa
ner,2053,70.79,Niger,Africa
ner,2054,70.94,Niger,Africa
ner,2055,71.08,Niger,Africa
ner,2056,71.22,Niger,Africa
ner,2057,71.36,Niger,Africa
ner,2058,71.5,Niger,Africa
ner,2059,71.63,Niger,Africa
ner,2060,71.77,Niger,Africa
ner,2061,71.9,Niger,Africa
ner,2062,72.02,Niger,Africa
ner,2063,72.15,Niger,Africa
ner,2064,72.27,Niger,Africa
ner,2065,72.39,Niger,Africa
ner,2066,72.52,Niger,Africa
ner,2067,72.64,Niger,Africa
ner,2068,72.76,Niger,Africa
ner,2069,72.87,Niger,Africa
ner,2070,72.99,Niger,Africa
ner,2071,73.11,Niger,Africa
ner,2072,73.23,Niger,Africa
ner,2073,73.35,Niger,Africa
ner,2074,73.47,Niger,Africa
ner,2075,73.58,Niger,Africa
ner,2076,73.7,Niger,Africa
ner,2077,73.82,Niger,Africa
ner,2078,73.94,Niger,Africa
ner,2079,74.06,Niger,Africa
ner,2080,74.17,Niger,Africa
ner,2081,74.29,Niger,Africa
ner,2082,74.41,Niger,Africa
ner,2083,74.53,Niger,Africa
ner,2084,74.64,Niger,Africa
ner,2085,74.76,Niger,Africa
ner,2086,74.88,Niger,Africa
ner,2087,74.99,Niger,Africa
ner,2088,75.11,Niger,Africa
ner,2089,75.22,Niger,Africa
ner,2090,75.34,Niger,Africa
ner,2091,75.45,Niger,Africa
ner,2092,75.57,Niger,Africa
ner,2093,75.68,Niger,Africa
ner,2094,75.8,Niger,Africa
ner,2095,75.91,Niger,Africa
ner,2096,76.03,Niger,Africa
ner,2097,76.15,Niger,Africa
ner,2098,76.26,Niger,Africa
ner,2099,76.38,Niger,Africa
ner,2100,76.5,Niger,Africa
nga,1800,30.4,Nigeria,Africa
nga,1801,30.4,Nigeria,Africa
nga,1802,30.4,Nigeria,Africa
nga,1803,30.4,Nigeria,Africa
nga,1804,30.4,Nigeria,Africa
nga,1805,30.4,Nigeria,Africa
nga,1806,30.4,Nigeria,Africa
nga,1807,30.4,Nigeria,Africa
nga,1808,30.4,Nigeria,Africa
nga,1809,30.4,Nigeria,Africa
nga,1810,30.4,Nigeria,Africa
nga,1811,30.4,Nigeria,Africa
nga,1812,30.4,Nigeria,Africa
nga,1813,30.4,Nigeria,Africa
nga,1814,30.4,Nigeria,Africa
nga,1815,30.4,Nigeria,Africa
nga,1816,30.4,Nigeria,Africa
nga,1817,30.4,Nigeria,Africa
nga,1818,30.4,Nigeria,Africa
nga,1819,30.4,Nigeria,Africa
nga,1820,30.4,Nigeria,Africa
nga,1821,30.4,Nigeria,Africa
nga,1822,30.4,Nigeria,Africa
nga,1823,30.4,Nigeria,Africa
nga,1824,30.4,Nigeria,Africa
nga,1825,30.4,Nigeria,Africa
nga,1826,30.4,Nigeria,Africa
nga,1827,30.4,Nigeria,Africa
nga,1828,30.4,Nigeria,Africa
nga,1829,30.4,Nigeria,Africa
nga,1830,30.4,Nigeria,Africa
nga,1831,30.4,Nigeria,Africa
nga,1832,30.4,Nigeria,Africa
nga,1833,30.4,Nigeria,Africa
nga,1834,30.4,Nigeria,Africa
nga,1835,30.4,Nigeria,Africa
nga,1836,30.4,Nigeria,Africa
nga,1837,30.4,Nigeria,Africa
nga,1838,30.4,Nigeria,Africa
nga,1839,30.4,Nigeria,Africa
nga,1840,30.4,Nigeria,Africa
nga,1841,30.4,Nigeria,Africa
nga,1842,30.4,Nigeria,Africa
nga,1843,30.4,Nigeria,Africa
nga,1844,30.4,Nigeria,Africa
nga,1845,30.4,Nigeria,Africa
nga,1846,30.4,Nigeria,Africa
nga,1847,30.4,Nigeria,Africa
nga,1848,30.4,Nigeria,Africa
nga,1849,30.4,Nigeria,Africa
nga,1850,30.4,Nigeria,Africa
nga,1851,30.4,Nigeria,Africa
nga,1852,30.4,Nigeria,Africa
nga,1853,30.4,Nigeria,Africa
nga,1854,30.4,Nigeria,Africa
nga,1855,30.4,Nigeria,Africa
nga,1856,30.4,Nigeria,Africa
nga,1857,30.4,Nigeria,Africa
nga,1858,30.4,Nigeria,Africa
nga,1859,30.4,Nigeria,Africa
nga,1860,30.4,Nigeria,Africa
nga,1861,30.4,Nigeria,Africa
nga,1862,30.4,Nigeria,Africa
nga,1863,30.4,Nigeria,Africa
nga,1864,30.4,Nigeria,Africa
nga,1865,30.4,Nigeria,Africa
nga,1866,30.4,Nigeria,Africa
nga,1867,30.4,Nigeria,Africa
nga,1868,30.4,Nigeria,Africa
nga,1869,30.4,Nigeria,Africa
nga,1870,30.4,Nigeria,Africa
nga,1871,30.53,Nigeria,Africa
nga,1872,30.66,Nigeria,Africa
nga,1873,30.79,Nigeria,Africa
nga,1874,30.92,Nigeria,Africa
nga,1875,31.05,Nigeria,Africa
nga,1876,31.18,Nigeria,Africa
nga,1877,31.31,Nigeria,Africa
nga,1878,31.44,Nigeria,Africa
nga,1879,31.57,Nigeria,Africa
nga,1880,31.7,Nigeria,Africa
nga,1881,31.83,Nigeria,Africa
nga,1882,31.96,Nigeria,Africa
nga,1883,32.09,Nigeria,Africa
nga,1884,32.22,Nigeria,Africa
nga,1885,32.35,Nigeria,Africa
nga,1886,32.48,Nigeria,Africa
nga,1887,32.61,Nigeria,Africa
nga,1888,32.75,Nigeria,Africa
nga,1889,32.88,Nigeria,Africa
nga,1890,33.01,Nigeria,Africa
nga,1891,33.14,Nigeria,Africa
nga,1892,33.27,Nigeria,Africa
nga,1893,33.4,Nigeria,Africa
nga,1894,33.53,Nigeria,Africa
nga,1895,33.66,Nigeria,Africa
nga,1896,33.79,Nigeria,Africa
nga,1897,33.92,Nigeria,Africa
nga,1898,34.05,Nigeria,Africa
nga,1899,34.18,Nigeria,Africa
nga,1900,34.31,Nigeria,Africa
nga,1901,34.44,Nigeria,Africa
nga,1902,34.57,Nigeria,Africa
nga,1903,34.7,Nigeria,Africa
nga,1904,34.83,Nigeria,Africa
nga,1905,34.96,Nigeria,Africa
nga,1906,35.09,Nigeria,Africa
nga,1907,35.22,Nigeria,Africa
nga,1908,35.35,Nigeria,Africa
nga,1909,35.48,Nigeria,Africa
nga,1910,35.61,Nigeria,Africa
nga,1911,35.74,Nigeria,Africa
nga,1912,35.87,Nigeria,Africa
nga,1913,36,Nigeria,Africa
nga,1914,36.13,Nigeria,Africa
nga,1915,36.26,Nigeria,Africa
nga,1916,36.39,Nigeria,Africa
nga,1917,36.52,Nigeria,Africa
nga,1918,17.31,Nigeria,Africa
nga,1919,36.78,Nigeria,Africa
nga,1920,36.91,Nigeria,Africa
nga,1921,37.04,Nigeria,Africa
nga,1922,37.18,Nigeria,Africa
nga,1923,37.31,Nigeria,Africa
nga,1924,37.44,Nigeria,Africa
nga,1925,37.57,Nigeria,Africa
nga,1926,37.7,Nigeria,Africa
nga,1927,37.83,Nigeria,Africa
nga,1928,37.96,Nigeria,Africa
nga,1929,38.09,Nigeria,Africa
nga,1930,38.22,Nigeria,Africa
nga,1931,38.35,Nigeria,Africa
nga,1932,38.48,Nigeria,Africa
nga,1933,38.61,Nigeria,Africa
nga,1934,38.74,Nigeria,Africa
nga,1935,38.87,Nigeria,Africa
nga,1936,39,Nigeria,Africa
nga,1937,39.13,Nigeria,Africa
nga,1938,39.26,Nigeria,Africa
nga,1939,39.39,Nigeria,Africa
nga,1940,39.52,Nigeria,Africa
nga,1941,39.65,Nigeria,Africa
nga,1942,39.78,Nigeria,Africa
nga,1943,39.91,Nigeria,Africa
nga,1944,40.04,Nigeria,Africa
nga,1945,40.17,Nigeria,Africa
nga,1946,41.08,Nigeria,Africa
nga,1947,41.99,Nigeria,Africa
nga,1948,42.91,Nigeria,Africa
nga,1949,43.83,Nigeria,Africa
nga,1950,44.75,Nigeria,Africa
nga,1951,44.91,Nigeria,Africa
nga,1952,45.21,Nigeria,Africa
nga,1953,45.41,Nigeria,Africa
nga,1954,45.65,Nigeria,Africa
nga,1955,45.86,Nigeria,Africa
nga,1956,46.01,Nigeria,Africa
nga,1957,46.15,Nigeria,Africa
nga,1958,46.31,Nigeria,Africa
nga,1959,46.56,Nigeria,Africa
nga,1960,46.81,Nigeria,Africa
nga,1961,47.06,Nigeria,Africa
nga,1962,47.31,Nigeria,Africa
nga,1963,47.71,Nigeria,Africa
nga,1964,47.94,Nigeria,Africa
nga,1965,48.15,Nigeria,Africa
nga,1966,48.38,Nigeria,Africa
nga,1967,47.94,Nigeria,Africa
nga,1968,47.51,Nigeria,Africa
nga,1969,47.71,Nigeria,Africa
nga,1970,49.05,Nigeria,Africa
nga,1971,49.61,Nigeria,Africa
nga,1972,50.22,Nigeria,Africa
nga,1973,50.85,Nigeria,Africa
nga,1974,51.5,Nigeria,Africa
nga,1975,52.01,Nigeria,Africa
nga,1976,52.43,Nigeria,Africa
nga,1977,52.91,Nigeria,Africa
nga,1978,53.31,Nigeria,Africa
nga,1979,53.74,Nigeria,Africa
nga,1980,54.06,Nigeria,Africa
nga,1981,54.26,Nigeria,Africa
nga,1982,54.51,Nigeria,Africa
nga,1983,54.68,Nigeria,Africa
nga,1984,54.79,Nigeria,Africa
nga,1985,54.91,Nigeria,Africa
nga,1986,54.76,Nigeria,Africa
nga,1987,54.63,Nigeria,Africa
nga,1988,54.59,Nigeria,Africa
nga,1989,54.62,Nigeria,Africa
nga,1990,54.69,Nigeria,Africa
nga,1991,54.52,Nigeria,Africa
nga,1992,54.7,Nigeria,Africa
nga,1993,54.71,Nigeria,Africa
nga,1994,54.68,Nigeria,Africa
nga,1995,54.63,Nigeria,Africa
nga,1996,54.37,Nigeria,Africa
nga,1997,54.64,Nigeria,Africa
nga,1998,54.61,Nigeria,Africa
nga,1999,54.58,Nigeria,Africa
nga,2000,54.63,Nigeria,Africa
nga,2001,54.82,Nigeria,Africa
nga,2002,55.09,Nigeria,Africa
nga,2003,55.5,Nigeria,Africa
nga,2004,55.98,Nigeria,Africa
nga,2005,56.63,Nigeria,Africa
nga,2006,57.24,Nigeria,Africa
nga,2007,57.9,Nigeria,Africa
nga,2008,58.49,Nigeria,Africa
nga,2009,59.05,Nigeria,Africa
nga,2010,59.64,Nigeria,Africa
nga,2011,60.18,Nigeria,Africa
nga,2012,60.7,Nigeria,Africa
nga,2013,61.17,Nigeria,Africa
nga,2014,61.58,Nigeria,Africa
nga,2015,62.11,Nigeria,Africa
nga,2016,62.7,Nigeria,Africa
nga,2017,63.26,Nigeria,Africa
nga,2018,63.77,Nigeria,Africa
nga,2019,64.34,Nigeria,Africa
nga,2020,64.52,Nigeria,Africa
nga,2021,65.09,Nigeria,Africa
nga,2022,65.45,Nigeria,Africa
nga,2023,65.8,Nigeria,Africa
nga,2024,66.15,Nigeria,Africa
nga,2025,66.5,Nigeria,Africa
nga,2026,66.85,Nigeria,Africa
nga,2027,67.21,Nigeria,Africa
nga,2028,67.56,Nigeria,Africa
nga,2029,67.91,Nigeria,Africa
nga,2030,68.25,Nigeria,Africa
nga,2031,68.59,Nigeria,Africa
nga,2032,68.92,Nigeria,Africa
nga,2033,69.26,Nigeria,Africa
nga,2034,69.58,Nigeria,Africa
nga,2035,69.91,Nigeria,Africa
nga,2036,70.22,Nigeria,Africa
nga,2037,70.54,Nigeria,Africa
nga,2038,70.85,Nigeria,Africa
nga,2039,71.15,Nigeria,Africa
nga,2040,71.45,Nigeria,Africa
nga,2041,71.74,Nigeria,Africa
nga,2042,72.03,Nigeria,Africa
nga,2043,72.32,Nigeria,Africa
nga,2044,72.6,Nigeria,Africa
nga,2045,72.87,Nigeria,Africa
nga,2046,73.14,Nigeria,Africa
nga,2047,73.41,Nigeria,Africa
nga,2048,73.67,Nigeria,Africa
nga,2049,73.92,Nigeria,Africa
nga,2050,74.17,Nigeria,Africa
nga,2051,74.41,Nigeria,Africa
nga,2052,74.65,Nigeria,Africa
nga,2053,74.89,Nigeria,Africa
nga,2054,75.12,Nigeria,Africa
nga,2055,75.35,Nigeria,Africa
nga,2056,75.57,Nigeria,Africa
nga,2057,75.79,Nigeria,Africa
nga,2058,76,Nigeria,Africa
nga,2059,76.21,Nigeria,Africa
nga,2060,76.42,Nigeria,Africa
nga,2061,76.62,Nigeria,Africa
nga,2062,76.82,Nigeria,Africa
nga,2063,77.01,Nigeria,Africa
nga,2064,77.2,Nigeria,Africa
nga,2065,77.39,Nigeria,Africa
nga,2066,77.58,Nigeria,Africa
nga,2067,77.76,Nigeria,Africa
nga,2068,77.94,Nigeria,Africa
nga,2069,78.12,Nigeria,Africa
nga,2070,78.29,Nigeria,Africa
nga,2071,78.46,Nigeria,Africa
nga,2072,78.63,Nigeria,Africa
nga,2073,78.79,Nigeria,Africa
nga,2074,78.96,Nigeria,Africa
nga,2075,79.12,Nigeria,Africa
nga,2076,79.27,Nigeria,Africa
nga,2077,79.43,Nigeria,Africa
nga,2078,79.58,Nigeria,Africa
nga,2079,79.73,Nigeria,Africa
nga,2080,79.87,Nigeria,Africa
nga,2081,80.02,Nigeria,Africa
nga,2082,80.16,Nigeria,Africa
nga,2083,80.3,Nigeria,Africa
nga,2084,80.44,Nigeria,Africa
nga,2085,80.58,Nigeria,Africa
nga,2086,80.72,Nigeria,Africa
nga,2087,80.86,Nigeria,Africa
nga,2088,80.99,Nigeria,Africa
nga,2089,81.13,Nigeria,Africa
nga,2090,81.26,Nigeria,Africa
nga,2091,81.39,Nigeria,Africa
nga,2092,81.53,Nigeria,Africa
nga,2093,81.65,Nigeria,Africa
nga,2094,81.79,Nigeria,Africa
nga,2095,81.91,Nigeria,Africa
nga,2096,82.04,Nigeria,Africa
nga,2097,82.17,Nigeria,Africa
nga,2098,82.3,Nigeria,Africa
nga,2099,82.42,Nigeria,Africa
nga,2100,82.55,Nigeria,Africa
prk,1800,26,North Korea,Asia
prk,1801,26,North Korea,Asia
prk,1802,26,North Korea,Asia
prk,1803,26,North Korea,Asia
prk,1804,26,North Korea,Asia
prk,1805,26,North Korea,Asia
prk,1806,26,North Korea,Asia
prk,1807,26,North Korea,Asia
prk,1808,26,North Korea,Asia
prk,1809,26,North Korea,Asia
prk,1810,26,North Korea,Asia
prk,1811,26,North Korea,Asia
prk,1812,26,North Korea,Asia
prk,1813,26,North Korea,Asia
prk,1814,26,North Korea,Asia
prk,1815,26,North Korea,Asia
prk,1816,26,North Korea,Asia
prk,1817,26,North Korea,Asia
prk,1818,26,North Korea,Asia
prk,1819,26,North Korea,Asia
prk,1820,26,North Korea,Asia
prk,1821,26,North Korea,Asia
prk,1822,26,North Korea,Asia
prk,1823,26,North Korea,Asia
prk,1824,26,North Korea,Asia
prk,1825,26,North Korea,Asia
prk,1826,26,North Korea,Asia
prk,1827,26,North Korea,Asia
prk,1828,26,North Korea,Asia
prk,1829,26,North Korea,Asia
prk,1830,26,North Korea,Asia
prk,1831,26,North Korea,Asia
prk,1832,26,North Korea,Asia
prk,1833,26,North Korea,Asia
prk,1834,26,North Korea,Asia
prk,1835,26,North Korea,Asia
prk,1836,26,North Korea,Asia
prk,1837,26,North Korea,Asia
prk,1838,26,North Korea,Asia
prk,1839,26,North Korea,Asia
prk,1840,26,North Korea,Asia
prk,1841,26,North Korea,Asia
prk,1842,26,North Korea,Asia
prk,1843,26,North Korea,Asia
prk,1844,26,North Korea,Asia
prk,1845,26,North Korea,Asia
prk,1846,26,North Korea,Asia
prk,1847,26,North Korea,Asia
prk,1848,26,North Korea,Asia
prk,1849,26,North Korea,Asia
prk,1850,26,North Korea,Asia
prk,1851,26,North Korea,Asia
prk,1852,26,North Korea,Asia
prk,1853,26,North Korea,Asia
prk,1854,26,North Korea,Asia
prk,1855,26,North Korea,Asia
prk,1856,26,North Korea,Asia
prk,1857,26,North Korea,Asia
prk,1858,26,North Korea,Asia
prk,1859,26,North Korea,Asia
prk,1860,26,North Korea,Asia
prk,1861,26,North Korea,Asia
prk,1862,26,North Korea,Asia
prk,1863,26,North Korea,Asia
prk,1864,26,North Korea,Asia
prk,1865,26,North Korea,Asia
prk,1866,26,North Korea,Asia
prk,1867,26,North Korea,Asia
prk,1868,26,North Korea,Asia
prk,1869,26,North Korea,Asia
prk,1870,26,North Korea,Asia
prk,1871,26,North Korea,Asia
prk,1872,26,North Korea,Asia
prk,1873,26,North Korea,Asia
prk,1874,26,North Korea,Asia
prk,1875,26,North Korea,Asia
prk,1876,26,North Korea,Asia
prk,1877,26,North Korea,Asia
prk,1878,26,North Korea,Asia
prk,1879,26,North Korea,Asia
prk,1880,26,North Korea,Asia
prk,1881,26,North Korea,Asia
prk,1882,26,North Korea,Asia
prk,1883,26,North Korea,Asia
prk,1884,26,North Korea,Asia
prk,1885,26,North Korea,Asia
prk,1886,26,North Korea,Asia
prk,1887,26,North Korea,Asia
prk,1888,26,North Korea,Asia
prk,1889,26,North Korea,Asia
prk,1890,26,North Korea,Asia
prk,1891,26,North Korea,Asia
prk,1892,26,North Korea,Asia
prk,1893,26,North Korea,Asia
prk,1894,26,North Korea,Asia
prk,1895,26,North Korea,Asia
prk,1896,26,North Korea,Asia
prk,1897,26,North Korea,Asia
prk,1898,26,North Korea,Asia
prk,1899,26,North Korea,Asia
prk,1900,26,North Korea,Asia
prk,1901,26,North Korea,Asia
prk,1902,26,North Korea,Asia
prk,1903,26,North Korea,Asia
prk,1904,25.5,North Korea,Asia
prk,1905,25,North Korea,Asia
prk,1906,24.5,North Korea,Asia
prk,1907,24.01,North Korea,Asia
prk,1908,23.51,North Korea,Asia
prk,1909,23.8,North Korea,Asia
prk,1910,24.1,North Korea,Asia
prk,1911,24.39,North Korea,Asia
prk,1912,24.69,North Korea,Asia
prk,1913,24.98,North Korea,Asia
prk,1914,25.48,North Korea,Asia
prk,1915,25.98,North Korea,Asia
prk,1916,26.48,North Korea,Asia
prk,1917,26.98,North Korea,Asia
prk,1918,17.03,North Korea,Asia
prk,1919,27.49,North Korea,Asia
prk,1920,28,North Korea,Asia
prk,1921,28.51,North Korea,Asia
prk,1922,29.02,North Korea,Asia
prk,1923,29.53,North Korea,Asia
prk,1924,30.35,North Korea,Asia
prk,1925,31.16,North Korea,Asia
prk,1926,31.98,North Korea,Asia
prk,1927,32.79,North Korea,Asia
prk,1928,33.61,North Korea,Asia
prk,1929,34.36,North Korea,Asia
prk,1930,35.12,North Korea,Asia
prk,1931,35.87,North Korea,Asia
prk,1932,36.63,North Korea,Asia
prk,1933,37.39,North Korea,Asia
prk,1934,38.42,North Korea,Asia
prk,1935,39.46,North Korea,Asia
prk,1936,40.5,North Korea,Asia
prk,1937,41.53,North Korea,Asia
prk,1938,42.57,North Korea,Asia
prk,1939,43.15,North Korea,Asia
prk,1940,43.73,North Korea,Asia
prk,1941,44.31,North Korea,Asia
prk,1942,44.89,North Korea,Asia
prk,1943,43,North Korea,Asia
prk,1944,42,North Korea,Asia
prk,1945,42.5,North Korea,Asia
prk,1946,45,North Korea,Asia
prk,1947,47,North Korea,Asia
prk,1948,47.59,North Korea,Asia
prk,1949,48.04,North Korea,Asia
prk,1950,36,North Korea,Asia
prk,1951,26.47,North Korea,Asia
prk,1952,29.54,North Korea,Asia
prk,1953,37.24,North Korea,Asia
prk,1954,42.67,North Korea,Asia
prk,1955,43.46,North Korea,Asia
prk,1956,44.24,North Korea,Asia
prk,1957,45.08,North Korea,Asia
prk,1958,45.94,North Korea,Asia
prk,1959,46.79,North Korea,Asia
prk,1960,47.62,North Korea,Asia
prk,1961,48.5,North Korea,Asia
prk,1962,49.37,North Korea,Asia
prk,1963,50.32,North Korea,Asia
prk,1964,51.3,North Korea,Asia
prk,1965,52.29,North Korea,Asia
prk,1966,53.23,North Korea,Asia
prk,1967,54.16,North Korea,Asia
prk,1968,55.1,North Korea,Asia
prk,1969,56.15,North Korea,Asia
prk,1970,57.11,North Korea,Asia
prk,1971,58.07,North Korea,Asia
prk,1972,58.9,North Korea,Asia
prk,1973,59.71,North Korea,Asia
prk,1974,60.41,North Korea,Asia
prk,1975,61.11,North Korea,Asia
prk,1976,61.81,North Korea,Asia
prk,1977,62.45,North Korea,Asia
prk,1978,63.03,North Korea,Asia
prk,1979,63.56,North Korea,Asia
prk,1980,64.05,North Korea,Asia
prk,1981,64.49,North Korea,Asia
prk,1982,64.92,North Korea,Asia
prk,1983,65.34,North Korea,Asia
prk,1984,65.76,North Korea,Asia
prk,1985,66.17,North Korea,Asia
prk,1986,66.55,North Korea,Asia
prk,1987,66.89,North Korea,Asia
prk,1988,67.31,North Korea,Asia
prk,1989,67.67,North Korea,Asia
prk,1990,67.97,North Korea,Asia
prk,1991,68.22,North Korea,Asia
prk,1992,68.44,North Korea,Asia
prk,1993,68.57,North Korea,Asia
prk,1994,68.74,North Korea,Asia
prk,1995,61.83,North Korea,Asia
prk,1996,62.6,North Korea,Asia
prk,1997,62.58,North Korea,Asia
prk,1998,62.55,North Korea,Asia
prk,1999,62.55,North Korea,Asia
prk,2000,63.9,North Korea,Asia
prk,2001,64.04,North Korea,Asia
prk,2002,64.2,North Korea,Asia
prk,2003,69.72,North Korea,Asia
prk,2004,69.85,North Korea,Asia
prk,2005,70.01,North Korea,Asia
prk,2006,70.16,North Korea,Asia
prk,2007,70.28,North Korea,Asia
prk,2008,70.53,North Korea,Asia
prk,2009,70.72,North Korea,Asia
prk,2010,70.93,North Korea,Asia
prk,2011,71.15,North Korea,Asia
prk,2012,71.4,North Korea,Asia
prk,2013,71.67,North Korea,Asia
prk,2014,71.94,North Korea,Asia
prk,2015,72.2,North Korea,Asia
prk,2016,72.4,North Korea,Asia
prk,2017,72.67,North Korea,Asia
prk,2018,72.9,North Korea,Asia
prk,2019,73.15,North Korea,Asia
prk,2020,73.24,North Korea,Asia
prk,2021,73.51,North Korea,Asia
prk,2022,73.7,North Korea,Asia
prk,2023,73.88,North Korea,Asia
prk,2024,74.06,North Korea,Asia
prk,2025,74.24,North Korea,Asia
prk,2026,74.42,North Korea,Asia
prk,2027,74.6,North Korea,Asia
prk,2028,74.78,North Korea,Asia
prk,2029,74.96,North Korea,Asia
prk,2030,75.13,North Korea,Asia
prk,2031,75.3,North Korea,Asia
prk,2032,75.48,North Korea,Asia
prk,2033,75.65,North Korea,Asia
prk,2034,75.82,North Korea,Asia
prk,2035,75.99,North Korea,Asia
prk,2036,76.16,North Korea,Asia
prk,2037,76.32,North Korea,Asia
prk,2038,76.49,North Korea,Asia
prk,2039,76.66,North Korea,Asia
prk,2040,76.82,North Korea,Asia
prk,2041,76.99,North Korea,Asia
prk,2042,77.15,North Korea,Asia
prk,2043,77.32,North Korea,Asia
prk,2044,77.48,North Korea,Asia
prk,2045,77.65,North Korea,Asia
prk,2046,77.81,North Korea,Asia
prk,2047,77.97,North Korea,Asia
prk,2048,78.14,North Korea,Asia
prk,2049,78.3,North Korea,Asia
prk,2050,78.46,North Korea,Asia
prk,2051,78.62,North Korea,Asia
prk,2052,78.78,North Korea,Asia
prk,2053,78.94,North Korea,Asia
prk,2054,79.1,North Korea,Asia
prk,2055,79.26,North Korea,Asia
prk,2056,79.42,North Korea,Asia
prk,2057,79.58,North Korea,Asia
prk,2058,79.75,North Korea,Asia
prk,2059,79.91,North Korea,Asia
prk,2060,80.07,North Korea,Asia
prk,2061,80.23,North Korea,Asia
prk,2062,80.39,North Korea,Asia
prk,2063,80.55,North Korea,Asia
prk,2064,80.71,North Korea,Asia
prk,2065,80.87,North Korea,Asia
prk,2066,81.03,North Korea,Asia
prk,2067,81.19,North Korea,Asia
prk,2068,81.34,North Korea,Asia
prk,2069,81.5,North Korea,Asia
prk,2070,81.66,North Korea,Asia
prk,2071,81.82,North Korea,Asia
prk,2072,81.98,North Korea,Asia
prk,2073,82.14,North Korea,Asia
prk,2074,82.29,North Korea,Asia
prk,2075,82.45,North Korea,Asia
prk,2076,82.6,North Korea,Asia
prk,2077,82.76,North Korea,Asia
prk,2078,82.91,North Korea,Asia
prk,2079,83.06,North Korea,Asia
prk,2080,83.21,North Korea,Asia
prk,2081,83.36,North Korea,Asia
prk,2082,83.51,North Korea,Asia
prk,2083,83.66,North Korea,Asia
prk,2084,83.8,North Korea,Asia
prk,2085,83.95,North Korea,Asia
prk,2086,84.09,North Korea,Asia
prk,2087,84.22,North Korea,Asia
prk,2088,84.36,North Korea,Asia
prk,2089,84.49,North Korea,Asia
prk,2090,84.62,North Korea,Asia
prk,2091,84.75,North Korea,Asia
prk,2092,84.88,North Korea,Asia
prk,2093,85,North Korea,Asia
prk,2094,85.13,North Korea,Asia
prk,2095,85.25,North Korea,Asia
prk,2096,85.37,North Korea,Asia
prk,2097,85.49,North Korea,Asia
prk,2098,85.62,North Korea,Asia
prk,2099,85.74,North Korea,Asia
prk,2100,85.86,North Korea,Asia
nor,1800,37.92,Norway,Europe
nor,1801,35.82,Norway,Europe
nor,1802,38.37,Norway,Europe
nor,1803,38.72,Norway,Europe
nor,1804,40.52,Norway,Europe
nor,1805,44.27,Norway,Europe
nor,1806,43.76,Norway,Europe
nor,1807,41.77,Norway,Europe
nor,1808,37.26,Norway,Europe
nor,1809,27.22,Norway,Europe
nor,1810,36.48,Norway,Europe
nor,1811,38.05,Norway,Europe
nor,1812,43.46,Norway,Europe
nor,1813,33.46,Norway,Europe
nor,1814,41.74,Norway,Europe
nor,1815,45.58,Norway,Europe
nor,1816,46.33,Norway,Europe
nor,1817,48.87,Norway,Europe
nor,1818,46.75,Norway,Europe
nor,1819,45.78,Norway,Europe
nor,1820,46.96,Norway,Europe
nor,1821,44.69,Norway,Europe
nor,1822,46.13,Norway,Europe
nor,1823,48.76,Norway,Europe
nor,1824,47.64,Norway,Europe
nor,1825,49.23,Norway,Europe
nor,1826,47.63,Norway,Europe
nor,1827,48.38,Norway,Europe
nor,1828,46.22,Norway,Europe
nor,1829,46.29,Norway,Europe
nor,1830,45.75,Norway,Europe
nor,1831,45.66,Norway,Europe
nor,1832,47.62,Norway,Europe
nor,1833,44.86,Norway,Europe
nor,1834,41.95,Norway,Europe
nor,1835,46.1,Norway,Europe
nor,1836,46.46,Norway,Europe
nor,1837,44.24,Norway,Europe
nor,1838,42.93,Norway,Europe
nor,1839,43.05,Norway,Europe
nor,1840,45.62,Norway,Europe
nor,1841,49.51,Norway,Europe
nor,1842,48.37,Norway,Europe
nor,1843,48.44,Norway,Europe
nor,1844,49.71,Norway,Europe
nor,1845,50.07,Norway,Europe
nor,1846,48.05,Norway,Europe
nor,1847,44.77,Norway,Europe
nor,1848,45.02,Norway,Europe
nor,1849,48.05,Norway,Europe
nor,1850,49.53,Norway,Europe
nor,1851,49.74,Norway,Europe
nor,1852,48.46,Norway,Europe
nor,1853,47.92,Norway,Europe
nor,1854,51.65,Norway,Europe
nor,1855,50.44,Norway,Europe
nor,1856,50.37,Norway,Europe
nor,1857,50.22,Norway,Europe
nor,1858,51.59,Norway,Europe
nor,1859,49.93,Norway,Europe
nor,1860,50,Norway,Europe
nor,1861,45.81,Norway,Europe
nor,1862,44.7,Norway,Europe
nor,1863,46.71,Norway,Europe
nor,1864,48.78,Norway,Europe
nor,1865,50.42,Norway,Europe
nor,1866,49.92,Norway,Europe
nor,1867,47.87,Norway,Europe
nor,1868,47.16,Norway,Europe
nor,1869,49.25,Norway,Europe
nor,1870,50.86,Norway,Europe
nor,1871,49.69,Norway,Europe
nor,1872,50.03,Norway,Europe
nor,1873,49.68,Norway,Europe
nor,1874,47.78,Norway,Europe
nor,1875,47.65,Norway,Europe
nor,1876,46.85,Norway,Europe
nor,1877,49.79,Norway,Europe
nor,1878,51.81,Norway,Europe
nor,1879,53.21,Norway,Europe
nor,1880,51.94,Norway,Europe
nor,1881,50.5,Norway,Europe
nor,1882,47.43,Norway,Europe
nor,1883,49.68,Norway,Europe
nor,1884,50.84,Norway,Europe
nor,1885,51.1,Norway,Europe
nor,1886,51.77,Norway,Europe
nor,1887,51.74,Norway,Europe
nor,1888,50.43,Norway,Europe
nor,1889,49.11,Norway,Europe
nor,1890,48.65,Norway,Europe
nor,1891,49.85,Norway,Europe
nor,1892,49.74,Norway,Europe
nor,1893,51.47,Norway,Europe
nor,1894,50.69,Norway,Europe
nor,1895,52.87,Norway,Europe
nor,1896,53.92,Norway,Europe
nor,1897,53.81,Norway,Europe
nor,1898,54.04,Norway,Europe
nor,1899,51.7,Norway,Europe
nor,1900,53.56,Norway,Europe
nor,1901,54.68,Norway,Europe
nor,1902,56.59,Norway,Europe
nor,1903,55.08,Norway,Europe
nor,1904,56.19,Norway,Europe
nor,1905,55.21,Norway,Europe
nor,1906,57.02,Norway,Europe
nor,1907,56.6,Norway,Europe
nor,1908,56.43,Norway,Europe
nor,1909,57.59,Norway,Europe
nor,1910,58.12,Norway,Europe
nor,1911,58.17,Norway,Europe
nor,1912,57.88,Norway,Europe
nor,1913,58.46,Norway,Europe
nor,1914,57.96,Norway,Europe
nor,1915,58.31,Norway,Europe
nor,1916,57.39,Norway,Europe
nor,1917,57.9,Norway,Europe
nor,1918,50.43,Norway,Europe
nor,1919,56.97,Norway,Europe
nor,1920,59.05,Norway,Europe
nor,1921,61.78,Norway,Europe
nor,1922,60.96,Norway,Europe
nor,1923,61.99,Norway,Europe
nor,1924,62.3,Norway,Europe
nor,1925,62.71,Norway,Europe
nor,1926,63.45,Norway,Europe
nor,1927,63.07,Norway,Europe
nor,1928,63.6,Norway,Europe
nor,1929,62.67,Norway,Europe
nor,1930,64.32,Norway,Europe
nor,1931,64.35,Norway,Europe
nor,1932,64.83,Norway,Europe
nor,1933,65.72,Norway,Europe
nor,1934,66.45,Norway,Europe
nor,1935,66.07,Norway,Europe
nor,1936,66.08,Norway,Europe
nor,1937,66.28,Norway,Europe
nor,1938,67.34,Norway,Europe
nor,1939,67.62,Norway,Europe
nor,1940,66.14,Norway,Europe
nor,1941,66.03,Norway,Europe
nor,1942,65.94,Norway,Europe
nor,1943,66.38,Norway,Europe
nor,1944,66.07,Norway,Europe
nor,1945,68.47,Norway,Europe
nor,1946,69.8,Norway,Europe
nor,1947,70.31,Norway,Europe
nor,1948,71.43,Norway,Europe
nor,1949,71.84,Norway,Europe
nor,1950,71.91,Norway,Europe
nor,1951,72.19,Norway,Europe
nor,1952,72.56,Norway,Europe
nor,1953,72.89,Norway,Europe
nor,1954,73.08,Norway,Europe
nor,1955,73.21,Norway,Europe
nor,1956,73.26,Norway,Europe
nor,1957,73.31,Norway,Europe
nor,1958,73.32,Norway,Europe
nor,1959,73.39,Norway,Europe
nor,1960,73.4,Norway,Europe
nor,1961,73.41,Norway,Europe
nor,1962,73.33,Norway,Europe
nor,1963,73.24,Norway,Europe
nor,1964,73.47,Norway,Europe
nor,1965,73.64,Norway,Europe
nor,1966,73.87,Norway,Europe
nor,1967,73.91,Norway,Europe
nor,1968,73.97,Norway,Europe
nor,1969,73.99,Norway,Europe
nor,1970,74.25,Norway,Europe
nor,1971,74.4,Norway,Europe
nor,1972,74.54,Norway,Europe
nor,1973,74.72,Norway,Europe
nor,1974,74.97,Norway,Europe
nor,1975,75.12,Norway,Europe
nor,1976,75.35,Norway,Europe
nor,1977,75.59,Norway,Europe
nor,1978,75.73,Norway,Europe
nor,1979,75.74,Norway,Europe
nor,1980,75.96,Norway,Europe
nor,1981,76.16,Norway,Europe
nor,1982,76.32,Norway,Europe
nor,1983,76.39,Norway,Europe
nor,1984,76.48,Norway,Europe
nor,1985,76.35,Norway,Europe
nor,1986,76.37,Norway,Europe
nor,1987,76.35,Norway,Europe
nor,1988,76.45,Norway,Europe
nor,1989,76.65,Norway,Europe
nor,1990,76.86,Norway,Europe
nor,1991,77.2,Norway,Europe
nor,1992,77.35,Norway,Europe
nor,1993,77.53,Norway,Europe
nor,1994,77.77,Norway,Europe
nor,1995,78.04,Norway,Europe
nor,1996,78.28,Norway,Europe
nor,1997,78.46,Norway,Europe
nor,1998,78.54,Norway,Europe
nor,1999,78.7,Norway,Europe
nor,2000,78.9,Norway,Europe
nor,2001,79.13,Norway,Europe
nor,2002,79.32,Norway,Europe
nor,2003,79.72,Norway,Europe
nor,2004,80.08,Norway,Europe
nor,2005,80.37,Norway,Europe
nor,2006,80.55,Norway,Europe
nor,2007,80.67,Norway,Europe
nor,2008,80.86,Norway,Europe
nor,2009,81.06,Norway,Europe
nor,2010,81.3,Norway,Europe
nor,2011,81.29,Norway,Europe
nor,2012,81.62,Norway,Europe
nor,2013,81.81,Norway,Europe
nor,2014,82.15,Norway,Europe
nor,2015,82.41,Norway,Europe
nor,2016,82.53,Norway,Europe
nor,2017,82.81,Norway,Europe
nor,2018,82.83,Norway,Europe
nor,2019,82.9,Norway,Europe
nor,2020,83.21,Norway,Europe
nor,2021,83.2,Norway,Europe
nor,2022,83.36,Norway,Europe
nor,2023,83.51,Norway,Europe
nor,2024,83.67,Norway,Europe
nor,2025,83.82,Norway,Europe
nor,2026,83.96,Norway,Europe
nor,2027,84.11,Norway,Europe
nor,2028,84.25,Norway,Europe
nor,2029,84.38,Norway,Europe
nor,2030,84.51,Norway,Europe
nor,2031,84.64,Norway,Europe
nor,2032,84.77,Norway,Europe
nor,2033,84.9,Norway,Europe
nor,2034,85.02,Norway,Europe
nor,2035,85.14,Norway,Europe
nor,2036,85.26,Norway,Europe
nor,2037,85.38,Norway,Europe
nor,2038,85.49,Norway,Europe
nor,2039,85.61,Norway,Europe
nor,2040,85.72,Norway,Europe
nor,2041,85.84,Norway,Europe
nor,2042,85.95,Norway,Europe
nor,2043,86.06,Norway,Europe
nor,2044,86.18,Norway,Europe
nor,2045,86.29,Norway,Europe
nor,2046,86.4,Norway,Europe
nor,2047,86.52,Norway,Europe
nor,2048,86.63,Norway,Europe
nor,2049,86.74,Norway,Europe
nor,2050,86.85,Norway,Europe
nor,2051,86.96,Norway,Europe
nor,2052,87.07,Norway,Europe
nor,2053,87.18,Norway,Europe
nor,2054,87.29,Norway,Europe
nor,2055,87.4,Norway,Europe
nor,2056,87.51,Norway,Europe
nor,2057,87.62,Norway,Europe
nor,2058,87.73,Norway,Europe
nor,2059,87.84,Norway,Europe
nor,2060,87.95,Norway,Europe
nor,2061,88.06,Norway,Europe
nor,2062,88.17,Norway,Europe
nor,2063,88.28,Norway,Europe
nor,2064,88.38,Norway,Europe
nor,2065,88.49,Norway,Europe
nor,2066,88.6,Norway,Europe
nor,2067,88.71,Norway,Europe
nor,2068,88.81,Norway,Europe
nor,2069,88.92,Norway,Europe
nor,2070,89.03,Norway,Europe
nor,2071,89.14,Norway,Europe
nor,2072,89.25,Norway,Europe
nor,2073,89.36,Norway,Europe
nor,2074,89.47,Norway,Europe
nor,2075,89.58,Norway,Europe
nor,2076,89.69,Norway,Europe
nor,2077,89.8,Norway,Europe
nor,2078,89.91,Norway,Europe
nor,2079,90.02,Norway,Europe
nor,2080,90.12,Norway,Europe
nor,2081,90.23,Norway,Europe
nor,2082,90.34,Norway,Europe
nor,2083,90.44,Norway,Europe
nor,2084,90.55,Norway,Europe
nor,2085,90.65,Norway,Europe
nor,2086,90.76,Norway,Europe
nor,2087,90.86,Norway,Europe
nor,2088,90.97,Norway,Europe
nor,2089,91.08,Norway,Europe
nor,2090,91.18,Norway,Europe
nor,2091,91.29,Norway,Europe
nor,2092,91.4,Norway,Europe
nor,2093,91.51,Norway,Europe
nor,2094,91.62,Norway,Europe
nor,2095,91.72,Norway,Europe
nor,2096,91.83,Norway,Europe
nor,2097,91.94,Norway,Europe
nor,2098,92.05,Norway,Europe
nor,2099,92.16,Norway,Europe
nor,2100,92.26,Norway,Europe
omn,1800,32.3,Oman,Asia
omn,1801,32.3,Oman,Asia
omn,1802,32.3,Oman,Asia
omn,1803,32.3,Oman,Asia
omn,1804,32.3,Oman,Asia
omn,1805,32.3,Oman,Asia
omn,1806,32.3,Oman,Asia
omn,1807,32.3,Oman,Asia
omn,1808,32.3,Oman,Asia
omn,1809,32.3,Oman,Asia
omn,1810,32.3,Oman,Asia
omn,1811,32.3,Oman,Asia
omn,1812,32.3,Oman,Asia
omn,1813,32.3,Oman,Asia
omn,1814,32.3,Oman,Asia
omn,1815,32.3,Oman,Asia
omn,1816,32.3,Oman,Asia
omn,1817,32.3,Oman,Asia
omn,1818,32.3,Oman,Asia
omn,1819,32.3,Oman,Asia
omn,1820,32.3,Oman,Asia
omn,1821,32.3,Oman,Asia
omn,1822,32.3,Oman,Asia
omn,1823,32.3,Oman,Asia
omn,1824,32.3,Oman,Asia
omn,1825,32.3,Oman,Asia
omn,1826,32.3,Oman,Asia
omn,1827,32.3,Oman,Asia
omn,1828,32.3,Oman,Asia
omn,1829,32.3,Oman,Asia
omn,1830,32.3,Oman,Asia
omn,1831,32.3,Oman,Asia
omn,1832,32.3,Oman,Asia
omn,1833,32.3,Oman,Asia
omn,1834,32.3,Oman,Asia
omn,1835,32.3,Oman,Asia
omn,1836,32.3,Oman,Asia
omn,1837,32.3,Oman,Asia
omn,1838,32.3,Oman,Asia
omn,1839,32.3,Oman,Asia
omn,1840,32.3,Oman,Asia
omn,1841,32.3,Oman,Asia
omn,1842,32.3,Oman,Asia
omn,1843,32.3,Oman,Asia
omn,1844,32.3,Oman,Asia
omn,1845,32.3,Oman,Asia
omn,1846,32.3,Oman,Asia
omn,1847,32.3,Oman,Asia
omn,1848,32.3,Oman,Asia
omn,1849,32.3,Oman,Asia
omn,1850,32.3,Oman,Asia
omn,1851,32.3,Oman,Asia
omn,1852,32.3,Oman,Asia
omn,1853,32.3,Oman,Asia
omn,1854,32.3,Oman,Asia
omn,1855,32.3,Oman,Asia
omn,1856,32.3,Oman,Asia
omn,1857,32.3,Oman,Asia
omn,1858,32.3,Oman,Asia
omn,1859,32.3,Oman,Asia
omn,1860,32.3,Oman,Asia
omn,1861,32.3,Oman,Asia
omn,1862,32.3,Oman,Asia
omn,1863,32.3,Oman,Asia
omn,1864,32.3,Oman,Asia
omn,1865,32.3,Oman,Asia
omn,1866,32.3,Oman,Asia
omn,1867,32.3,Oman,Asia
omn,1868,32.3,Oman,Asia
omn,1869,32.3,Oman,Asia
omn,1870,32.3,Oman,Asia
omn,1871,32.38,Oman,Asia
omn,1872,32.46,Oman,Asia
omn,1873,32.54,Oman,Asia
omn,1874,32.61,Oman,Asia
omn,1875,32.69,Oman,Asia
omn,1876,32.77,Oman,Asia
omn,1877,32.85,Oman,Asia
omn,1878,32.93,Oman,Asia
omn,1879,33.01,Oman,Asia
omn,1880,33.08,Oman,Asia
omn,1881,33.16,Oman,Asia
omn,1882,33.24,Oman,Asia
omn,1883,33.32,Oman,Asia
omn,1884,33.4,Oman,Asia
omn,1885,33.48,Oman,Asia
omn,1886,33.55,Oman,Asia
omn,1887,33.63,Oman,Asia
omn,1888,33.71,Oman,Asia
omn,1889,33.79,Oman,Asia
omn,1890,33.87,Oman,Asia
omn,1891,33.95,Oman,Asia
omn,1892,34.03,Oman,Asia
omn,1893,34.1,Oman,Asia
omn,1894,34.18,Oman,Asia
omn,1895,34.26,Oman,Asia
omn,1896,34.34,Oman,Asia
omn,1897,34.42,Oman,Asia
omn,1898,34.5,Oman,Asia
omn,1899,34.57,Oman,Asia
omn,1900,34.65,Oman,Asia
omn,1901,34.73,Oman,Asia
omn,1902,34.81,Oman,Asia
omn,1903,34.89,Oman,Asia
omn,1904,34.97,Oman,Asia
omn,1905,35.05,Oman,Asia
omn,1906,35.12,Oman,Asia
omn,1907,35.2,Oman,Asia
omn,1908,35.28,Oman,Asia
omn,1909,35.36,Oman,Asia
omn,1910,35.44,Oman,Asia
omn,1911,35.52,Oman,Asia
omn,1912,35.59,Oman,Asia
omn,1913,35.67,Oman,Asia
omn,1914,35.75,Oman,Asia
omn,1915,35.83,Oman,Asia
omn,1916,35.91,Oman,Asia
omn,1917,35.99,Oman,Asia
omn,1918,29.9,Oman,Asia
omn,1919,36.14,Oman,Asia
omn,1920,36.22,Oman,Asia
omn,1921,36.3,Oman,Asia
omn,1922,36.38,Oman,Asia
omn,1923,36.46,Oman,Asia
omn,1924,36.54,Oman,Asia
omn,1925,36.61,Oman,Asia
omn,1926,36.69,Oman,Asia
omn,1927,36.77,Oman,Asia
omn,1928,36.85,Oman,Asia
omn,1929,36.93,Oman,Asia
omn,1930,37.01,Oman,Asia
omn,1931,37.08,Oman,Asia
omn,1932,37.16,Oman,Asia
omn,1933,37.24,Oman,Asia
omn,1934,37.32,Oman,Asia
omn,1935,37.4,Oman,Asia
omn,1936,37.48,Oman,Asia
omn,1937,37.56,Oman,Asia
omn,1938,37.63,Oman,Asia
omn,1939,37.71,Oman,Asia
omn,1940,37.79,Oman,Asia
omn,1941,37.87,Oman,Asia
omn,1942,37.95,Oman,Asia
omn,1943,38.03,Oman,Asia
omn,1944,38.1,Oman,Asia
omn,1945,38.18,Oman,Asia
omn,1946,38.71,Oman,Asia
omn,1947,39.24,Oman,Asia
omn,1948,39.77,Oman,Asia
omn,1949,40.3,Oman,Asia
omn,1950,40.83,Oman,Asia
omn,1951,41.19,Oman,Asia
omn,1952,41.62,Oman,Asia
omn,1953,42.08,Oman,Asia
omn,1954,42.47,Oman,Asia
omn,1955,42.88,Oman,Asia
omn,1956,43.28,Oman,Asia
omn,1957,43.65,Oman,Asia
omn,1958,44.24,Oman,Asia
omn,1959,44.73,Oman,Asia
omn,1960,45.1,Oman,Asia
omn,1961,46.01,Oman,Asia
omn,1962,46.88,Oman,Asia
omn,1963,47.56,Oman,Asia
omn,1964,48.48,Oman,Asia
omn,1965,48.86,Oman,Asia
omn,1966,49.31,Oman,Asia
omn,1967,50.39,Oman,Asia
omn,1968,52.25,Oman,Asia
omn,1969,53.96,Oman,Asia
omn,1970,55.47,Oman,Asia
omn,1971,56.28,Oman,Asia
omn,1972,56.79,Oman,Asia
omn,1973,57.49,Oman,Asia
omn,1974,58.32,Oman,Asia
omn,1975,58.95,Oman,Asia
omn,1976,60.12,Oman,Asia
omn,1977,60.35,Oman,Asia
omn,1978,60.91,Oman,Asia
omn,1979,61.3,Oman,Asia
omn,1980,61.99,Oman,Asia
omn,1981,62.58,Oman,Asia
omn,1982,63,Oman,Asia
omn,1983,63.69,Oman,Asia
omn,1984,64.34,Oman,Asia
omn,1985,64.85,Oman,Asia
omn,1986,65.38,Oman,Asia
omn,1987,65.7,Oman,Asia
omn,1988,66.02,Oman,Asia
omn,1989,66.35,Oman,Asia
omn,1990,66.75,Oman,Asia
omn,1991,66.97,Oman,Asia
omn,1992,67.29,Oman,Asia
omn,1993,67.51,Oman,Asia
omn,1994,67.73,Oman,Asia
omn,1995,67.94,Oman,Asia
omn,1996,68.14,Oman,Asia
omn,1997,68.37,Oman,Asia
omn,1998,68.6,Oman,Asia
omn,1999,68.84,Oman,Asia
omn,2000,69.06,Oman,Asia
omn,2001,69.46,Oman,Asia
omn,2002,69.59,Oman,Asia
omn,2003,69.82,Oman,Asia
omn,2004,70.24,Oman,Asia
omn,2005,70.28,Oman,Asia
omn,2006,70.08,Oman,Asia
omn,2007,69.86,Oman,Asia
omn,2008,69.95,Oman,Asia
omn,2009,70.22,Oman,Asia
omn,2010,70.43,Oman,Asia
omn,2011,70.84,Oman,Asia
omn,2012,71.48,Oman,Asia
omn,2013,71.93,Oman,Asia
omn,2014,72.27,Oman,Asia
omn,2015,72.41,Oman,Asia
omn,2016,72.61,Oman,Asia
omn,2017,72.91,Oman,Asia
omn,2018,73.57,Oman,Asia
omn,2019,73.96,Oman,Asia
omn,2020,72.7,Oman,Asia
omn,2021,74.36,Oman,Asia
omn,2022,74.56,Oman,Asia
omn,2023,74.74,Oman,Asia
omn,2024,74.93,Oman,Asia
omn,2025,75.12,Oman,Asia
omn,2026,75.31,Oman,Asia
omn,2027,75.5,Oman,Asia
omn,2028,75.69,Oman,Asia
omn,2029,75.87,Oman,Asia
omn,2030,76.06,Oman,Asia
omn,2031,76.24,Oman,Asia
omn,2032,76.42,Oman,Asia
omn,2033,76.6,Oman,Asia
omn,2034,76.78,Oman,Asia
omn,2035,76.95,Oman,Asia
omn,2036,77.13,Oman,Asia
omn,2037,77.3,Oman,Asia
omn,2038,77.47,Oman,Asia
omn,2039,77.64,Oman,Asia
omn,2040,77.8,Oman,Asia
omn,2041,77.97,Oman,Asia
omn,2042,78.13,Oman,Asia
omn,2043,78.3,Oman,Asia
omn,2044,78.46,Oman,Asia
omn,2045,78.62,Oman,Asia
omn,2046,78.77,Oman,Asia
omn,2047,78.93,Oman,Asia
omn,2048,79.08,Oman,Asia
omn,2049,79.22,Oman,Asia
omn,2050,79.37,Oman,Asia
omn,2051,79.51,Oman,Asia
omn,2052,79.65,Oman,Asia
omn,2053,79.79,Oman,Asia
omn,2054,79.92,Oman,Asia
omn,2055,80.05,Oman,Asia
omn,2056,80.19,Oman,Asia
omn,2057,80.32,Oman,Asia
omn,2058,80.44,Oman,Asia
omn,2059,80.57,Oman,Asia
omn,2060,80.69,Oman,Asia
omn,2061,80.81,Oman,Asia
omn,2062,80.93,Oman,Asia
omn,2063,81.04,Oman,Asia
omn,2064,81.16,Oman,Asia
omn,2065,81.27,Oman,Asia
omn,2066,81.38,Oman,Asia
omn,2067,81.49,Oman,Asia
omn,2068,81.6,Oman,Asia
omn,2069,81.71,Oman,Asia
omn,2070,81.82,Oman,Asia
omn,2071,81.92,Oman,Asia
omn,2072,82.03,Oman,Asia
omn,2073,82.13,Oman,Asia
omn,2074,82.24,Oman,Asia
omn,2075,82.35,Oman,Asia
omn,2076,82.45,Oman,Asia
omn,2077,82.56,Oman,Asia
omn,2078,82.66,Oman,Asia
omn,2079,82.76,Oman,Asia
omn,2080,82.87,Oman,Asia
omn,2081,82.97,Oman,Asia
omn,2082,83.07,Oman,Asia
omn,2083,83.17,Oman,Asia
omn,2084,83.28,Oman,Asia
omn,2085,83.38,Oman,Asia
omn,2086,83.48,Oman,Asia
omn,2087,83.59,Oman,Asia
omn,2088,83.69,Oman,Asia
omn,2089,83.8,Oman,Asia
omn,2090,83.9,Oman,Asia
omn,2091,84.01,Oman,Asia
omn,2092,84.12,Oman,Asia
omn,2093,84.23,Oman,Asia
omn,2094,84.34,Oman,Asia
omn,2095,84.45,Oman,Asia
omn,2096,84.56,Oman,Asia
omn,2097,84.67,Oman,Asia
omn,2098,84.78,Oman,Asia
omn,2099,84.89,Oman,Asia
omn,2100,85,Oman,Asia
pak,1800,25.8,Pakistan,Asia
pak,1801,25.8,Pakistan,Asia
pak,1802,25.8,Pakistan,Asia
pak,1803,25.8,Pakistan,Asia
pak,1804,25.8,Pakistan,Asia
pak,1805,25.8,Pakistan,Asia
pak,1806,25.8,Pakistan,Asia
pak,1807,25.8,Pakistan,Asia
pak,1808,25.8,Pakistan,Asia
pak,1809,25.8,Pakistan,Asia
pak,1810,25.8,Pakistan,Asia
pak,1811,25.8,Pakistan,Asia
pak,1812,23.3,Pakistan,Asia
pak,1813,25.8,Pakistan,Asia
pak,1814,25.8,Pakistan,Asia
pak,1815,25.8,Pakistan,Asia
pak,1816,25.8,Pakistan,Asia
pak,1817,25.8,Pakistan,Asia
pak,1818,25.8,Pakistan,Asia
pak,1819,25.8,Pakistan,Asia
pak,1820,25.8,Pakistan,Asia
pak,1821,25.8,Pakistan,Asia
pak,1822,25.8,Pakistan,Asia
pak,1823,25.8,Pakistan,Asia
pak,1824,25.8,Pakistan,Asia
pak,1825,25.8,Pakistan,Asia
pak,1826,25.8,Pakistan,Asia
pak,1827,25.8,Pakistan,Asia
pak,1828,25.8,Pakistan,Asia
pak,1829,25.8,Pakistan,Asia
pak,1830,25.8,Pakistan,Asia
pak,1831,25.8,Pakistan,Asia
pak,1832,25.8,Pakistan,Asia
pak,1833,25.8,Pakistan,Asia
pak,1834,25.8,Pakistan,Asia
pak,1835,25.8,Pakistan,Asia
pak,1836,25.8,Pakistan,Asia
pak,1837,25.8,Pakistan,Asia
pak,1838,25.8,Pakistan,Asia
pak,1839,25.8,Pakistan,Asia
pak,1840,25.8,Pakistan,Asia
pak,1841,25.8,Pakistan,Asia
pak,1842,25.8,Pakistan,Asia
pak,1843,25.8,Pakistan,Asia
pak,1844,25.8,Pakistan,Asia
pak,1845,25.8,Pakistan,Asia
pak,1846,25.8,Pakistan,Asia
pak,1847,25.8,Pakistan,Asia
pak,1848,25.8,Pakistan,Asia
pak,1849,25.8,Pakistan,Asia
pak,1850,25.8,Pakistan,Asia
pak,1851,25.8,Pakistan,Asia
pak,1852,25.8,Pakistan,Asia
pak,1853,25.8,Pakistan,Asia
pak,1854,25.8,Pakistan,Asia
pak,1855,25.8,Pakistan,Asia
pak,1856,25.8,Pakistan,Asia
pak,1857,25.8,Pakistan,Asia
pak,1858,25.8,Pakistan,Asia
pak,1859,25.8,Pakistan,Asia
pak,1860,25.8,Pakistan,Asia
pak,1861,25.8,Pakistan,Asia
pak,1862,25.8,Pakistan,Asia
pak,1863,25.8,Pakistan,Asia
pak,1864,25.8,Pakistan,Asia
pak,1865,25.8,Pakistan,Asia
pak,1866,25.8,Pakistan,Asia
pak,1867,25.8,Pakistan,Asia
pak,1868,25.8,Pakistan,Asia
pak,1869,25.8,Pakistan,Asia
pak,1870,25.8,Pakistan,Asia
pak,1871,25.89,Pakistan,Asia
pak,1872,25.98,Pakistan,Asia
pak,1873,26.07,Pakistan,Asia
pak,1874,26.16,Pakistan,Asia
pak,1875,26.25,Pakistan,Asia
pak,1876,26.34,Pakistan,Asia
pak,1877,26.56,Pakistan,Asia
pak,1878,26.78,Pakistan,Asia
pak,1879,27.01,Pakistan,Asia
pak,1880,27.23,Pakistan,Asia
pak,1881,27.46,Pakistan,Asia
pak,1882,27.68,Pakistan,Asia
pak,1883,27.91,Pakistan,Asia
pak,1884,28.14,Pakistan,Asia
pak,1885,28.37,Pakistan,Asia
pak,1886,28.6,Pakistan,Asia
pak,1887,28.28,Pakistan,Asia
pak,1888,27.96,Pakistan,Asia
pak,1889,27.63,Pakistan,Asia
pak,1890,27.31,Pakistan,Asia
pak,1891,26.98,Pakistan,Asia
pak,1892,25.35,Pakistan,Asia
pak,1893,26.31,Pakistan,Asia
pak,1894,25.97,Pakistan,Asia
pak,1895,25.63,Pakistan,Asia
pak,1896,25.29,Pakistan,Asia
pak,1897,25.15,Pakistan,Asia
pak,1898,25.01,Pakistan,Asia
pak,1899,24.87,Pakistan,Asia
pak,1900,23.25,Pakistan,Asia
pak,1901,24.58,Pakistan,Asia
pak,1902,24.44,Pakistan,Asia
pak,1903,24.29,Pakistan,Asia
pak,1904,22.66,Pakistan,Asia
pak,1905,22.52,Pakistan,Asia
pak,1906,22.38,Pakistan,Asia
pak,1907,20.05,Pakistan,Asia
pak,1908,24.69,Pakistan,Asia
pak,1909,25.12,Pakistan,Asia
pak,1910,25.55,Pakistan,Asia
pak,1911,25.98,Pakistan,Asia
pak,1912,26.41,Pakistan,Asia
pak,1913,26.85,Pakistan,Asia
pak,1914,27.28,Pakistan,Asia
pak,1915,27.72,Pakistan,Asia
pak,1916,28.17,Pakistan,Asia
pak,1917,28.61,Pakistan,Asia
pak,1918,9.58,Pakistan,Asia
pak,1919,29.51,Pakistan,Asia
pak,1920,29.96,Pakistan,Asia
pak,1921,30.41,Pakistan,Asia
pak,1922,30.87,Pakistan,Asia
pak,1923,31.32,Pakistan,Asia
pak,1924,31.78,Pakistan,Asia
pak,1925,32.24,Pakistan,Asia
pak,1926,32.71,Pakistan,Asia
pak,1927,33.23,Pakistan,Asia
pak,1928,33.76,Pakistan,Asia
pak,1929,34.29,Pakistan,Asia
pak,1930,34.83,Pakistan,Asia
pak,1931,35.36,Pakistan,Asia
pak,1932,35.9,Pakistan,Asia
pak,1933,36.44,Pakistan,Asia
pak,1934,36.98,Pakistan,Asia
pak,1935,37.53,Pakistan,Asia
pak,1936,38.08,Pakistan,Asia
pak,1937,38.63,Pakistan,Asia
pak,1938,39.18,Pakistan,Asia
pak,1939,39.74,Pakistan,Asia
pak,1940,40.29,Pakistan,Asia
pak,1941,40.86,Pakistan,Asia
pak,1942,41.42,Pakistan,Asia
pak,1943,41.98,Pakistan,Asia
pak,1944,42.55,Pakistan,Asia
pak,1945,43.12,Pakistan,Asia
pak,1946,43.7,Pakistan,Asia
pak,1947,13.57,Pakistan,Asia
pak,1948,40.01,Pakistan,Asia
pak,1949,45.43,Pakistan,Asia
pak,1950,46.01,Pakistan,Asia
pak,1951,46.44,Pakistan,Asia
pak,1952,47.19,Pakistan,Asia
pak,1953,47.73,Pakistan,Asia
pak,1954,48.12,Pakistan,Asia
pak,1955,48.64,Pakistan,Asia
pak,1956,49.31,Pakistan,Asia
pak,1957,49.83,Pakistan,Asia
pak,1958,50.45,Pakistan,Asia
pak,1959,50.9,Pakistan,Asia
pak,1960,51.32,Pakistan,Asia
pak,1961,51.96,Pakistan,Asia
pak,1962,52.8,Pakistan,Asia
pak,1963,53.57,Pakistan,Asia
pak,1964,54.42,Pakistan,Asia
pak,1965,54.62,Pakistan,Asia
pak,1966,55.44,Pakistan,Asia
pak,1967,55.81,Pakistan,Asia
pak,1968,56.29,Pakistan,Asia
pak,1969,56.66,Pakistan,Asia
pak,1970,57.08,Pakistan,Asia
pak,1971,53.89,Pakistan,Asia
pak,1972,57.86,Pakistan,Asia
pak,1973,58.29,Pakistan,Asia
pak,1974,58.52,Pakistan,Asia
pak,1975,59.03,Pakistan,Asia
pak,1976,59.39,Pakistan,Asia
pak,1977,59.72,Pakistan,Asia
pak,1978,60.1,Pakistan,Asia
pak,1979,60.2,Pakistan,Asia
pak,1980,60.24,Pakistan,Asia
pak,1981,60.47,Pakistan,Asia
pak,1982,60.71,Pakistan,Asia
pak,1983,60.79,Pakistan,Asia
pak,1984,60.81,Pakistan,Asia
pak,1985,60.88,Pakistan,Asia
pak,1986,60.95,Pakistan,Asia
pak,1987,60.93,Pakistan,Asia
pak,1988,60.97,Pakistan,Asia
pak,1989,61.05,Pakistan,Asia
pak,1990,61.05,Pakistan,Asia
pak,1991,61.01,Pakistan,Asia
pak,1992,60.88,Pakistan,Asia
pak,1993,60.74,Pakistan,Asia
pak,1994,60.56,Pakistan,Asia
pak,1995,60.34,Pakistan,Asia
pak,1996,60.44,Pakistan,Asia
pak,1997,60.47,Pakistan,Asia
pak,1998,60.69,Pakistan,Asia
pak,1999,60.85,Pakistan,Asia
pak,2000,61.04,Pakistan,Asia
pak,2001,61.21,Pakistan,Asia
pak,2002,61.35,Pakistan,Asia
pak,2003,61.52,Pakistan,Asia
pak,2004,61.77,Pakistan,Asia
pak,2005,61.05,Pakistan,Asia
pak,2006,62.32,Pakistan,Asia
pak,2007,62.69,Pakistan,Asia
pak,2008,62.92,Pakistan,Asia
pak,2009,63.15,Pakistan,Asia
pak,2010,63.27,Pakistan,Asia
pak,2011,63.62,Pakistan,Asia
pak,2012,63.82,Pakistan,Asia
pak,2013,64,Pakistan,Asia
pak,2014,64.17,Pakistan,Asia
pak,2015,64.42,Pakistan,Asia
pak,2016,64.66,Pakistan,Asia
pak,2017,64.93,Pakistan,Asia
pak,2018,65.45,Pakistan,Asia
pak,2019,65.86,Pakistan,Asia
pak,2020,65.88,Pakistan,Asia
pak,2021,66.16,Pakistan,Asia
pak,2022,66.3,Pakistan,Asia
pak,2023,66.45,Pakistan,Asia
pak,2024,66.59,Pakistan,Asia
pak,2025,66.73,Pakistan,Asia
pak,2026,66.87,Pakistan,Asia
pak,2027,67.01,Pakistan,Asia
pak,2028,67.15,Pakistan,Asia
pak,2029,67.29,Pakistan,Asia
pak,2030,67.42,Pakistan,Asia
pak,2031,67.56,Pakistan,Asia
pak,2032,67.69,Pakistan,Asia
pak,2033,67.82,Pakistan,Asia
pak,2034,67.95,Pakistan,Asia
pak,2035,68.08,Pakistan,Asia
pak,2036,68.21,Pakistan,Asia
pak,2037,68.33,Pakistan,Asia
pak,2038,68.46,Pakistan,Asia
pak,2039,68.58,Pakistan,Asia
pak,2040,68.71,Pakistan,Asia
pak,2041,68.83,Pakistan,Asia
pak,2042,68.95,Pakistan,Asia
pak,2043,69.07,Pakistan,Asia
pak,2044,69.2,Pakistan,Asia
pak,2045,69.32,Pakistan,Asia
pak,2046,69.44,Pakistan,Asia
pak,2047,69.56,Pakistan,Asia
pak,2048,69.68,Pakistan,Asia
pak,2049,69.8,Pakistan,Asia
pak,2050,69.92,Pakistan,Asia
pak,2051,70.04,Pakistan,Asia
pak,2052,70.15,Pakistan,Asia
pak,2053,70.27,Pakistan,Asia
pak,2054,70.39,Pakistan,Asia
pak,2055,70.51,Pakistan,Asia
pak,2056,70.62,Pakistan,Asia
pak,2057,70.74,Pakistan,Asia
pak,2058,70.85,Pakistan,Asia
pak,2059,70.96,Pakistan,Asia
pak,2060,71.08,Pakistan,Asia
pak,2061,71.19,Pakistan,Asia
pak,2062,71.31,Pakistan,Asia
pak,2063,71.42,Pakistan,Asia
pak,2064,71.54,Pakistan,Asia
pak,2065,71.66,Pakistan,Asia
pak,2066,71.78,Pakistan,Asia
pak,2067,71.9,Pakistan,Asia
pak,2068,72.02,Pakistan,Asia
pak,2069,72.14,Pakistan,Asia
pak,2070,72.26,Pakistan,Asia
pak,2071,72.37,Pakistan,Asia
pak,2072,72.49,Pakistan,Asia
pak,2073,72.61,Pakistan,Asia
pak,2074,72.74,Pakistan,Asia
pak,2075,72.86,Pakistan,Asia
pak,2076,72.98,Pakistan,Asia
pak,2077,73.1,Pakistan,Asia
pak,2078,73.23,Pakistan,Asia
pak,2079,73.35,Pakistan,Asia
pak,2080,73.48,Pakistan,Asia
pak,2081,73.6,Pakistan,Asia
pak,2082,73.73,Pakistan,Asia
pak,2083,73.86,Pakistan,Asia
pak,2084,73.99,Pakistan,Asia
pak,2085,74.11,Pakistan,Asia
pak,2086,74.24,Pakistan,Asia
pak,2087,74.37,Pakistan,Asia
pak,2088,74.5,Pakistan,Asia
pak,2089,74.63,Pakistan,Asia
pak,2090,74.76,Pakistan,Asia
pak,2091,74.89,Pakistan,Asia
pak,2092,75.03,Pakistan,Asia
pak,2093,75.16,Pakistan,Asia
pak,2094,75.29,Pakistan,Asia
pak,2095,75.42,Pakistan,Asia
pak,2096,75.56,Pakistan,Asia
pak,2097,75.69,Pakistan,Asia
pak,2098,75.82,Pakistan,Asia
pak,2099,75.96,Pakistan,Asia
pak,2100,76.09,Pakistan,Asia
plw,1950,49.03,Palau,Oceania
plw,1951,49.46,Palau,Oceania
plw,1952,49.91,Palau,Oceania
plw,1953,50.37,Palau,Oceania
plw,1954,50.87,Palau,Oceania
plw,1955,51.37,Palau,Oceania
plw,1956,51.87,Palau,Oceania
plw,1957,52.36,Palau,Oceania
plw,1958,52.86,Palau,Oceania
plw,1959,53.34,Palau,Oceania
plw,1960,53.86,Palau,Oceania
plw,1961,54.41,Palau,Oceania
plw,1962,54.95,Palau,Oceania
plw,1963,55.51,Palau,Oceania
plw,1964,55.95,Palau,Oceania
plw,1965,56.46,Palau,Oceania
plw,1966,56.96,Palau,Oceania
plw,1967,57.42,Palau,Oceania
plw,1968,57.85,Palau,Oceania
plw,1969,58.32,Palau,Oceania
plw,1970,58.75,Palau,Oceania
plw,1971,59.1,Palau,Oceania
plw,1972,59.4,Palau,Oceania
plw,1973,59.65,Palau,Oceania
plw,1974,60.09,Palau,Oceania
plw,1975,60.41,Palau,Oceania
plw,1976,60.76,Palau,Oceania
plw,1977,61.12,Palau,Oceania
plw,1978,61.51,Palau,Oceania
plw,1979,61.88,Palau,Oceania
plw,1980,62.17,Palau,Oceania
plw,1981,62.44,Palau,Oceania
plw,1982,62.69,Palau,Oceania
plw,1983,62.94,Palau,Oceania
plw,1984,63.18,Palau,Oceania
plw,1985,63.41,Palau,Oceania
plw,1986,63.66,Palau,Oceania
plw,1987,64,Palau,Oceania
plw,1988,64.32,Palau,Oceania
plw,1989,64.62,Palau,Oceania
plw,1990,64.91,Palau,Oceania
plw,1991,65.23,Palau,Oceania
plw,1992,65.51,Palau,Oceania
plw,1993,65.66,Palau,Oceania
plw,1994,65.88,Palau,Oceania
plw,1995,66.02,Palau,Oceania
plw,1996,65.98,Palau,Oceania
plw,1997,66.18,Palau,Oceania
plw,1998,66.23,Palau,Oceania
plw,1999,66.23,Palau,Oceania
plw,2000,66.37,Palau,Oceania
plw,2001,66.51,Palau,Oceania
plw,2002,66.66,Palau,Oceania
plw,2003,66.83,Palau,Oceania
plw,2004,66.84,Palau,Oceania
plw,2005,66.83,Palau,Oceania
plw,2006,66.89,Palau,Oceania
plw,2007,66.95,Palau,Oceania
plw,2008,66.98,Palau,Oceania
plw,2009,66.96,Palau,Oceania
plw,2010,66.99,Palau,Oceania
plw,2011,66.99,Palau,Oceania
plw,2012,67.05,Palau,Oceania
plw,2013,67.05,Palau,Oceania
plw,2014,67.13,Palau,Oceania
plw,2015,67.24,Palau,Oceania
plw,2016,67.32,Palau,Oceania
plw,2017,67.39,Palau,Oceania
plw,2018,67.44,Palau,Oceania
plw,2019,67.5,Palau,Oceania
pse,1800,32.1,Palestine,Asia
pse,1801,32.1,Palestine,Asia
pse,1802,32.1,Palestine,Asia
pse,1803,32.1,Palestine,Asia
pse,1804,32.1,Palestine,Asia
pse,1805,32.1,Palestine,Asia
pse,1806,32.1,Palestine,Asia
pse,1807,32.1,Palestine,Asia
pse,1808,32.1,Palestine,Asia
pse,1809,32.1,Palestine,Asia
pse,1810,32.1,Palestine,Asia
pse,1811,32.1,Palestine,Asia
pse,1812,32.1,Palestine,Asia
pse,1813,32.1,Palestine,Asia
pse,1814,32.1,Palestine,Asia
pse,1815,32.1,Palestine,Asia
pse,1816,32.1,Palestine,Asia
pse,1817,32.1,Palestine,Asia
pse,1818,32.1,Palestine,Asia
pse,1819,32.1,Palestine,Asia
pse,1820,32.1,Palestine,Asia
pse,1821,32.1,Palestine,Asia
pse,1822,32.1,Palestine,Asia
pse,1823,32.1,Palestine,Asia
pse,1824,32.1,Palestine,Asia
pse,1825,32.1,Palestine,Asia
pse,1826,32.1,Palestine,Asia
pse,1827,32.1,Palestine,Asia
pse,1828,32.1,Palestine,Asia
pse,1829,32.1,Palestine,Asia
pse,1830,32.1,Palestine,Asia
pse,1831,32.1,Palestine,Asia
pse,1832,32.1,Palestine,Asia
pse,1833,32.1,Palestine,Asia
pse,1834,32.1,Palestine,Asia
pse,1835,32.1,Palestine,Asia
pse,1836,32.1,Palestine,Asia
pse,1837,32.1,Palestine,Asia
pse,1838,32.1,Palestine,Asia
pse,1839,32.1,Palestine,Asia
pse,1840,32.1,Palestine,Asia
pse,1841,32.1,Palestine,Asia
pse,1842,32.1,Palestine,Asia
pse,1843,32.1,Palestine,Asia
pse,1844,32.1,Palestine,Asia
pse,1845,32.1,Palestine,Asia
pse,1846,32.1,Palestine,Asia
pse,1847,32.1,Palestine,Asia
pse,1848,32.1,Palestine,Asia
pse,1849,32.1,Palestine,Asia
pse,1850,32.1,Palestine,Asia
pse,1851,32.1,Palestine,Asia
pse,1852,32.1,Palestine,Asia
pse,1853,32.1,Palestine,Asia
pse,1854,32.1,Palestine,Asia
pse,1855,32.1,Palestine,Asia
pse,1856,32.1,Palestine,Asia
pse,1857,32.1,Palestine,Asia
pse,1858,32.1,Palestine,Asia
pse,1859,32.1,Palestine,Asia
pse,1860,32.1,Palestine,Asia
pse,1861,32.1,Palestine,Asia
pse,1862,32.1,Palestine,Asia
pse,1863,32.1,Palestine,Asia
pse,1864,32.1,Palestine,Asia
pse,1865,32.1,Palestine,Asia
pse,1866,32.1,Palestine,Asia
pse,1867,32.1,Palestine,Asia
pse,1868,32.1,Palestine,Asia
pse,1869,32.1,Palestine,Asia
pse,1870,32.1,Palestine,Asia
pse,1871,32.17,Palestine,Asia
pse,1872,32.24,Palestine,Asia
pse,1873,32.31,Palestine,Asia
pse,1874,32.39,Palestine,Asia
pse,1875,32.46,Palestine,Asia
pse,1876,32.53,Palestine,Asia
pse,1877,32.6,Palestine,Asia
pse,1878,32.67,Palestine,Asia
pse,1879,32.74,Palestine,Asia
pse,1880,32.82,Palestine,Asia
pse,1881,32.89,Palestine,Asia
pse,1882,32.96,Palestine,Asia
pse,1883,33.03,Palestine,Asia
pse,1884,33.1,Palestine,Asia
pse,1885,33.17,Palestine,Asia
pse,1886,33.25,Palestine,Asia
pse,1887,33.32,Palestine,Asia
pse,1888,33.39,Palestine,Asia
pse,1889,33.46,Palestine,Asia
pse,1890,33.53,Palestine,Asia
pse,1891,33.6,Palestine,Asia
pse,1892,33.68,Palestine,Asia
pse,1893,33.75,Palestine,Asia
pse,1894,33.82,Palestine,Asia
pse,1895,33.89,Palestine,Asia
pse,1896,33.96,Palestine,Asia
pse,1897,34.03,Palestine,Asia
pse,1898,34.11,Palestine,Asia
pse,1899,34.18,Palestine,Asia
pse,1900,34.25,Palestine,Asia
pse,1901,34.32,Palestine,Asia
pse,1902,34.39,Palestine,Asia
pse,1903,34.46,Palestine,Asia
pse,1904,34.54,Palestine,Asia
pse,1905,34.61,Palestine,Asia
pse,1906,34.68,Palestine,Asia
pse,1907,34.75,Palestine,Asia
pse,1908,34.82,Palestine,Asia
pse,1909,34.89,Palestine,Asia
pse,1910,34.97,Palestine,Asia
pse,1911,35.04,Palestine,Asia
pse,1912,35.11,Palestine,Asia
pse,1913,35.18,Palestine,Asia
pse,1914,35.25,Palestine,Asia
pse,1915,35.32,Palestine,Asia
pse,1916,35.4,Palestine,Asia
pse,1917,35.47,Palestine,Asia
pse,1918,29.46,Palestine,Asia
pse,1919,35.61,Palestine,Asia
pse,1920,35.68,Palestine,Asia
pse,1921,35.75,Palestine,Asia
pse,1922,35.82,Palestine,Asia
pse,1923,35.9,Palestine,Asia
pse,1924,35.97,Palestine,Asia
pse,1925,36.04,Palestine,Asia
pse,1926,36.11,Palestine,Asia
pse,1927,36.18,Palestine,Asia
pse,1928,36.25,Palestine,Asia
pse,1929,36.33,Palestine,Asia
pse,1930,36.4,Palestine,Asia
pse,1931,36.47,Palestine,Asia
pse,1932,36.54,Palestine,Asia
pse,1933,36.61,Palestine,Asia
pse,1934,36.68,Palestine,Asia
pse,1935,36.76,Palestine,Asia
pse,1936,37.9,Palestine,Asia
pse,1937,39.05,Palestine,Asia
pse,1938,40.2,Palestine,Asia
pse,1939,41.36,Palestine,Asia
pse,1940,42.52,Palestine,Asia
pse,1941,43.68,Palestine,Asia
pse,1942,44.85,Palestine,Asia
pse,1943,46.03,Palestine,Asia
pse,1944,47.2,Palestine,Asia
pse,1945,48.38,Palestine,Asia
pse,1946,49.57,Palestine,Asia
pse,1947,50.76,Palestine,Asia
pse,1948,51.95,Palestine,Asia
pse,1949,53.15,Palestine,Asia
pse,1950,54.35,Palestine,Asia
pse,1951,54.53,Palestine,Asia
pse,1952,54.71,Palestine,Asia
pse,1953,54.72,Palestine,Asia
pse,1954,55.46,Palestine,Asia
pse,1955,55.96,Palestine,Asia
pse,1956,49.71,Palestine,Asia
pse,1957,57.04,Palestine,Asia
pse,1958,57.65,Palestine,Asia
pse,1959,58.25,Palestine,Asia
pse,1960,58.75,Palestine,Asia
pse,1961,59.61,Palestine,Asia
pse,1962,60.46,Palestine,Asia
pse,1963,60.91,Palestine,Asia
pse,1964,61.51,Palestine,Asia
pse,1965,62.31,Palestine,Asia
pse,1966,62.47,Palestine,Asia
pse,1967,35.1,Palestine,Asia
pse,1968,59.45,Palestine,Asia
pse,1969,59.89,Palestine,Asia
pse,1970,57.8,Palestine,Asia
pse,1971,64.42,Palestine,Asia
pse,1972,64.81,Palestine,Asia
pse,1973,37.62,Palestine,Asia
pse,1974,64.98,Palestine,Asia
pse,1975,65.21,Palestine,Asia
pse,1976,65.58,Palestine,Asia
pse,1977,65.97,Palestine,Asia
pse,1978,66.26,Palestine,Asia
pse,1979,66.48,Palestine,Asia
pse,1980,66.73,Palestine,Asia
pse,1981,66.98,Palestine,Asia
pse,1982,42.26,Palestine,Asia
pse,1983,67.56,Palestine,Asia
pse,1984,67.88,Palestine,Asia
pse,1985,68.13,Palestine,Asia
pse,1986,68.42,Palestine,Asia
pse,1987,68.1,Palestine,Asia
pse,1988,68.22,Palestine,Asia
pse,1989,68.83,Palestine,Asia
pse,1990,69.12,Palestine,Asia
pse,1991,69.38,Palestine,Asia
pse,1992,69.63,Palestine,Asia
pse,1993,70.03,Palestine,Asia
pse,1994,70.56,Palestine,Asia
pse,1995,70.92,Palestine,Asia
pse,1996,71.18,Palestine,Asia
pse,1997,71.43,Palestine,Asia
pse,1998,71.68,Palestine,Asia
pse,1999,71.89,Palestine,Asia
pse,2000,70.17,Palestine,Asia
pse,2001,69.56,Palestine,Asia
pse,2002,68.8,Palestine,Asia
pse,2003,69.96,Palestine,Asia
pse,2004,69.85,Palestine,Asia
pse,2005,71.14,Palestine,Asia
pse,2006,69.59,Palestine,Asia
pse,2007,71.58,Palestine,Asia
pse,2008,69.32,Palestine,Asia
pse,2009,69.81,Palestine,Asia
pse,2010,73.67,Palestine,Asia
pse,2011,73.74,Palestine,Asia
pse,2012,73.9,Palestine,Asia
pse,2013,74.81,Palestine,Asia
pse,2014,74.5,Palestine,Asia
pse,2015,74.33,Palestine,Asia
pse,2016,74.49,Palestine,Asia
pse,2017,74.68,Palestine,Asia
pse,2018,74.66,Palestine,Asia
pse,2019,74.8,Palestine,Asia
pse,2020,73.64,Palestine,Asia
pse,2021,75.13,Palestine,Asia
pse,2022,75.29,Palestine,Asia
pse,2023,75.46,Palestine,Asia
pse,2024,75.62,Palestine,Asia
pse,2025,75.78,Palestine,Asia
pse,2026,75.94,Palestine,Asia
pse,2027,76.09,Palestine,Asia
pse,2028,76.25,Palestine,Asia
pse,2029,76.4,Palestine,Asia
pse,2030,76.56,Palestine,Asia
pse,2031,76.71,Palestine,Asia
pse,2032,76.86,Palestine,Asia
pse,2033,77.01,Palestine,Asia
pse,2034,77.15,Palestine,Asia
pse,2035,77.3,Palestine,Asia
pse,2036,77.45,Palestine,Asia
pse,2037,77.59,Palestine,Asia
pse,2038,77.74,Palestine,Asia
pse,2039,77.88,Palestine,Asia
pse,2040,78.03,Palestine,Asia
pse,2041,78.17,Palestine,Asia
pse,2042,78.32,Palestine,Asia
pse,2043,78.46,Palestine,Asia
pse,2044,78.6,Palestine,Asia
pse,2045,78.75,Palestine,Asia
pse,2046,78.89,Palestine,Asia
pse,2047,79.04,Palestine,Asia
pse,2048,79.18,Palestine,Asia
pse,2049,79.32,Palestine,Asia
pse,2050,79.46,Palestine,Asia
pse,2051,79.61,Palestine,Asia
pse,2052,79.75,Palestine,Asia
pse,2053,79.89,Palestine,Asia
pse,2054,80.03,Palestine,Asia
pse,2055,80.17,Palestine,Asia
pse,2056,80.31,Palestine,Asia
pse,2057,80.46,Palestine,Asia
pse,2058,80.6,Palestine,Asia
pse,2059,80.74,Palestine,Asia
pse,2060,80.88,Palestine,Asia
pse,2061,81.02,Palestine,Asia
pse,2062,81.16,Palestine,Asia
pse,2063,81.3,Palestine,Asia
pse,2064,81.44,Palestine,Asia
pse,2065,81.58,Palestine,Asia
pse,2066,81.72,Palestine,Asia
pse,2067,81.86,Palestine,Asia
pse,2068,82,Palestine,Asia
pse,2069,82.14,Palestine,Asia
pse,2070,82.28,Palestine,Asia
pse,2071,82.42,Palestine,Asia
pse,2072,82.56,Palestine,Asia
pse,2073,82.7,Palestine,Asia
pse,2074,82.84,Palestine,Asia
pse,2075,82.97,Palestine,Asia
pse,2076,83.11,Palestine,Asia
pse,2077,83.25,Palestine,Asia
pse,2078,83.38,Palestine,Asia
pse,2079,83.51,Palestine,Asia
pse,2080,83.64,Palestine,Asia
pse,2081,83.77,Palestine,Asia
pse,2082,83.9,Palestine,Asia
pse,2083,84.03,Palestine,Asia
pse,2084,84.16,Palestine,Asia
pse,2085,84.29,Palestine,Asia
pse,2086,84.42,Palestine,Asia
pse,2087,84.54,Palestine,Asia
pse,2088,84.67,Palestine,Asia
pse,2089,84.79,Palestine,Asia
pse,2090,84.91,Palestine,Asia
pse,2091,85.03,Palestine,Asia
pse,2092,85.14,Palestine,Asia
pse,2093,85.26,Palestine,Asia
pse,2094,85.37,Palestine,Asia
pse,2095,85.49,Palestine,Asia
pse,2096,85.59,Palestine,Asia
pse,2097,85.7,Palestine,Asia
pse,2098,85.81,Palestine,Asia
pse,2099,85.91,Palestine,Asia
pse,2100,86.02,Palestine,Asia
pan,1800,32.9,Panama,North America
pan,1801,32.9,Panama,North America
pan,1802,32.9,Panama,North America
pan,1803,32.9,Panama,North America
pan,1804,32.9,Panama,North America
pan,1805,32.9,Panama,North America
pan,1806,32.9,Panama,North America
pan,1807,32.9,Panama,North America
pan,1808,32.9,Panama,North America
pan,1809,32.9,Panama,North America
pan,1810,32.9,Panama,North America
pan,1811,32.9,Panama,North America
pan,1812,32.9,Panama,North America
pan,1813,32.9,Panama,North America
pan,1814,32.9,Panama,North America
pan,1815,32.9,Panama,North America
pan,1816,32.9,Panama,North America
pan,1817,32.9,Panama,North America
pan,1818,32.9,Panama,North America
pan,1819,32.9,Panama,North America
pan,1820,32.9,Panama,North America
pan,1821,32.9,Panama,North America
pan,1822,32.9,Panama,North America
pan,1823,32.9,Panama,North America
pan,1824,32.9,Panama,North America
pan,1825,32.9,Panama,North America
pan,1826,32.9,Panama,North America
pan,1827,32.9,Panama,North America
pan,1828,32.9,Panama,North America
pan,1829,32.9,Panama,North America
pan,1830,32.9,Panama,North America
pan,1831,32.9,Panama,North America
pan,1832,32.9,Panama,North America
pan,1833,32.9,Panama,North America
pan,1834,32.9,Panama,North America
pan,1835,32.9,Panama,North America
pan,1836,32.9,Panama,North America
pan,1837,32.9,Panama,North America
pan,1838,32.9,Panama,North America
pan,1839,32.9,Panama,North America
pan,1840,32.9,Panama,North America
pan,1841,32.9,Panama,North America
pan,1842,32.9,Panama,North America
pan,1843,32.9,Panama,North America
pan,1844,32.9,Panama,North America
pan,1845,32.9,Panama,North America
pan,1846,32.9,Panama,North America
pan,1847,32.9,Panama,North America
pan,1848,32.9,Panama,North America
pan,1849,32.9,Panama,North America
pan,1850,32.9,Panama,North America
pan,1851,32.9,Panama,North America
pan,1852,32.9,Panama,North America
pan,1853,32.9,Panama,North America
pan,1854,32.9,Panama,North America
pan,1855,32.9,Panama,North America
pan,1856,32.9,Panama,North America
pan,1857,32.9,Panama,North America
pan,1858,32.9,Panama,North America
pan,1859,32.9,Panama,North America
pan,1860,32.9,Panama,North America
pan,1861,32.9,Panama,North America
pan,1862,32.9,Panama,North America
pan,1863,32.9,Panama,North America
pan,1864,32.9,Panama,North America
pan,1865,32.9,Panama,North America
pan,1866,32.9,Panama,North America
pan,1867,32.9,Panama,North America
pan,1868,32.9,Panama,North America
pan,1869,32.9,Panama,North America
pan,1870,32.9,Panama,North America
pan,1871,32.94,Panama,North America
pan,1872,32.98,Panama,North America
pan,1873,33.01,Panama,North America
pan,1874,33.05,Panama,North America
pan,1875,33.09,Panama,North America
pan,1876,33.13,Panama,North America
pan,1877,33.16,Panama,North America
pan,1878,33.2,Panama,North America
pan,1879,33.24,Panama,North America
pan,1880,33.28,Panama,North America
pan,1881,33.31,Panama,North America
pan,1882,33.35,Panama,North America
pan,1883,33.39,Panama,North America
pan,1884,33.43,Panama,North America
pan,1885,33.46,Panama,North America
pan,1886,33.5,Panama,North America
pan,1887,33.54,Panama,North America
pan,1888,33.58,Panama,North America
pan,1889,33.61,Panama,North America
pan,1890,33.65,Panama,North America
pan,1891,33.69,Panama,North America
pan,1892,33.73,Panama,North America
pan,1893,33.76,Panama,North America
pan,1894,33.8,Panama,North America
pan,1895,33.84,Panama,North America
pan,1896,33.88,Panama,North America
pan,1897,33.91,Panama,North America
pan,1898,33.95,Panama,North America
pan,1899,33.99,Panama,North America
pan,1900,34.03,Panama,North America
pan,1901,34.06,Panama,North America
pan,1902,34.1,Panama,North America
pan,1903,34.14,Panama,North America
pan,1904,34.18,Panama,North America
pan,1905,34.21,Panama,North America
pan,1906,34.25,Panama,North America
pan,1907,34.29,Panama,North America
pan,1908,34.33,Panama,North America
pan,1909,34.36,Panama,North America
pan,1910,34.4,Panama,North America
pan,1911,34.44,Panama,North America
pan,1912,34.48,Panama,North America
pan,1913,34.51,Panama,North America
pan,1914,34.55,Panama,North America
pan,1915,34.59,Panama,North America
pan,1916,34.84,Panama,North America
pan,1917,35.09,Panama,North America
pan,1918,31.05,Panama,North America
pan,1919,35.58,Panama,North America
pan,1920,35.83,Panama,North America
pan,1921,36.09,Panama,North America
pan,1922,36.34,Panama,North America
pan,1923,36.59,Panama,North America
pan,1924,36.84,Panama,North America
pan,1925,37.09,Panama,North America
pan,1926,37.34,Panama,North America
pan,1927,37.6,Panama,North America
pan,1928,37.85,Panama,North America
pan,1929,38.1,Panama,North America
pan,1930,38.36,Panama,North America
pan,1931,39.09,Panama,North America
pan,1932,39.83,Panama,North America
pan,1933,40.57,Panama,North America
pan,1934,41.31,Panama,North America
pan,1935,42.05,Panama,North America
pan,1936,42.8,Panama,North America
pan,1937,43.54,Panama,North America
pan,1938,44.29,Panama,North America
pan,1939,45.04,Panama,North America
pan,1940,45.79,Panama,North America
pan,1941,47.28,Panama,North America
pan,1942,48.77,Panama,North America
pan,1943,50.26,Panama,North America
pan,1944,51.76,Panama,North America
pan,1945,53.26,Panama,North America
pan,1946,54.77,Panama,North America
pan,1947,56.28,Panama,North America
pan,1948,57.79,Panama,North America
pan,1949,59.3,Panama,North America
pan,1950,60.82,Panama,North America
pan,1951,61.22,Panama,North America
pan,1952,61.87,Panama,North America
pan,1953,61.78,Panama,North America
pan,1954,62.64,Panama,North America
pan,1955,62.48,Panama,North America
pan,1956,62.1,Panama,North America
pan,1957,63.14,Panama,North America
pan,1958,64.82,Panama,North America
pan,1959,65.47,Panama,North America
pan,1960,65.88,Panama,North America
pan,1961,66.39,Panama,North America
pan,1962,66.77,Panama,North America
pan,1963,67.18,Panama,North America
pan,1964,67.44,Panama,North America
pan,1965,67.48,Panama,North America
pan,1966,67.84,Panama,North America
pan,1967,68.5,Panama,North America
pan,1968,68.22,Panama,North America
pan,1969,68.27,Panama,North America
pan,1970,68.1,Panama,North America
pan,1971,69.26,Panama,North America
pan,1972,70.19,Panama,North America
pan,1973,70.94,Panama,North America
pan,1974,71.3,Panama,North America
pan,1975,71.63,Panama,North America
pan,1976,72.57,Panama,North America
pan,1977,73.4,Panama,North America
pan,1978,73.99,Panama,North America
pan,1979,74.08,Panama,North America
pan,1980,74.21,Panama,North America
pan,1981,74.86,Panama,North America
pan,1982,74.62,Panama,North America
pan,1983,75.01,Panama,North America
pan,1984,75.6,Panama,North America
pan,1985,75.35,Panama,North America
pan,1986,75.64,Panama,North America
pan,1987,76.01,Panama,North America
pan,1988,76.08,Panama,North America
pan,1989,75.03,Panama,North America
pan,1990,76.42,Panama,North America
pan,1991,76.69,Panama,North America
pan,1992,76.58,Panama,North America
pan,1993,76.3,Panama,North America
pan,1994,76.61,Panama,North America
pan,1995,76.54,Panama,North America
pan,1996,76.97,Panama,North America
pan,1997,76.66,Panama,North America
pan,1998,76.84,Panama,North America
pan,1999,77.25,Panama,North America
pan,2000,77.98,Panama,North America
pan,2001,78.12,Panama,North America
pan,2002,78.12,Panama,North America
pan,2003,78.03,Panama,North America
pan,2004,78.23,Panama,North America
pan,2005,78.22,Panama,North America
pan,2006,78.22,Panama,North America
pan,2007,78.54,Panama,North America
pan,2008,78.41,Panama,North America
pan,2009,78.38,Panama,North America
pan,2010,78.5,Panama,North America
pan,2011,78.65,Panama,North America
pan,2012,78.63,Panama,North America
pan,2013,78.73,Panama,North America
pan,2014,78.91,Panama,North America
pan,2015,79.26,Panama,North America
pan,2016,79.48,Panama,North America
pan,2017,79.62,Panama,North America
pan,2018,79.86,Panama,North America
pan,2019,80.03,Panama,North America
pan,2020,76.96,Panama,North America
pan,2021,80.39,Panama,North America
pan,2022,80.56,Panama,North America
pan,2023,80.73,Panama,North America
pan,2024,80.91,Panama,North America
pan,2025,81.08,Panama,North America
pan,2026,81.25,Panama,North America
pan,2027,81.43,Panama,North America
pan,2028,81.6,Panama,North America
pan,2029,81.78,Panama,North America
pan,2030,81.95,Panama,North America
pan,2031,82.12,Panama,North America
pan,2032,82.29,Panama,North America
pan,2033,82.47,Panama,North America
pan,2034,82.64,Panama,North America
pan,2035,82.81,Panama,North America
pan,2036,82.98,Panama,North America
pan,2037,83.15,Panama,North America
pan,2038,83.31,Panama,North America
pan,2039,83.48,Panama,North America
pan,2040,83.65,Panama,North America
pan,2041,83.81,Panama,North America
pan,2042,83.97,Panama,North America
pan,2043,84.13,Panama,North America
pan,2044,84.28,Panama,North America
pan,2045,84.44,Panama,North America
pan,2046,84.59,Panama,North America
pan,2047,84.73,Panama,North America
pan,2048,84.88,Panama,North America
pan,2049,85.02,Panama,North America
pan,2050,85.16,Panama,North America
pan,2051,85.3,Panama,North America
pan,2052,85.43,Panama,North America
pan,2053,85.57,Panama,North America
pan,2054,85.69,Panama,North America
pan,2055,85.82,Panama,North America
pan,2056,85.95,Panama,North America
pan,2057,86.07,Panama,North America
pan,2058,86.19,Panama,North America
pan,2059,86.32,Panama,North America
pan,2060,86.44,Panama,North America
pan,2061,86.56,Panama,North America
pan,2062,86.68,Panama,North America
pan,2063,86.8,Panama,North America
pan,2064,86.92,Panama,North America
pan,2065,87.03,Panama,North America
pan,2066,87.15,Panama,North America
pan,2067,87.27,Panama,North America
pan,2068,87.38,Panama,North America
pan,2069,87.5,Panama,North America
pan,2070,87.61,Panama,North America
pan,2071,87.73,Panama,North America
pan,2072,87.84,Panama,North America
pan,2073,87.96,Panama,North America
pan,2074,88.07,Panama,North America
pan,2075,88.18,Panama,North America
pan,2076,88.3,Panama,North America
pan,2077,88.41,Panama,North America
pan,2078,88.52,Panama,North America
pan,2079,88.64,Panama,North America
pan,2080,88.75,Panama,North America
pan,2081,88.86,Panama,North America
pan,2082,88.97,Panama,North America
pan,2083,89.08,Panama,North America
pan,2084,89.19,Panama,North America
pan,2085,89.3,Panama,North America
pan,2086,89.41,Panama,North America
pan,2087,89.52,Panama,North America
pan,2088,89.63,Panama,North America
pan,2089,89.74,Panama,North America
pan,2090,89.85,Panama,North America
pan,2091,89.96,Panama,North America
pan,2092,90.07,Panama,North America
pan,2093,90.18,Panama,North America
pan,2094,90.29,Panama,North America
pan,2095,90.4,Panama,North America
pan,2096,90.5,Panama,North America
pan,2097,90.61,Panama,North America
pan,2098,90.72,Panama,North America
pan,2099,90.82,Panama,North America
pan,2100,90.93,Panama,North America
png,1800,31.5,Papua New Guinea,Oceania
png,1801,31.5,Papua New Guinea,Oceania
png,1802,31.5,Papua New Guinea,Oceania
png,1803,31.5,Papua New Guinea,Oceania
png,1804,31.5,Papua New Guinea,Oceania
png,1805,31.5,Papua New Guinea,Oceania
png,1806,31.5,Papua New Guinea,Oceania
png,1807,31.5,Papua New Guinea,Oceania
png,1808,31.5,Papua New Guinea,Oceania
png,1809,31.5,Papua New Guinea,Oceania
png,1810,31.5,Papua New Guinea,Oceania
png,1811,31.5,Papua New Guinea,Oceania
png,1812,31.5,Papua New Guinea,Oceania
png,1813,31.5,Papua New Guinea,Oceania
png,1814,31.5,Papua New Guinea,Oceania
png,1815,31.5,Papua New Guinea,Oceania
png,1816,31.5,Papua New Guinea,Oceania
png,1817,31.5,Papua New Guinea,Oceania
png,1818,31.5,Papua New Guinea,Oceania
png,1819,31.5,Papua New Guinea,Oceania
png,1820,31.5,Papua New Guinea,Oceania
png,1821,31.5,Papua New Guinea,Oceania
png,1822,31.5,Papua New Guinea,Oceania
png,1823,31.5,Papua New Guinea,Oceania
png,1824,31.5,Papua New Guinea,Oceania
png,1825,31.5,Papua New Guinea,Oceania
png,1826,31.5,Papua New Guinea,Oceania
png,1827,31.5,Papua New Guinea,Oceania
png,1828,31.5,Papua New Guinea,Oceania
png,1829,31.5,Papua New Guinea,Oceania
png,1830,31.5,Papua New Guinea,Oceania
png,1831,31.5,Papua New Guinea,Oceania
png,1832,31.5,Papua New Guinea,Oceania
png,1833,31.5,Papua New Guinea,Oceania
png,1834,31.5,Papua New Guinea,Oceania
png,1835,31.5,Papua New Guinea,Oceania
png,1836,31.5,Papua New Guinea,Oceania
png,1837,31.5,Papua New Guinea,Oceania
png,1838,31.5,Papua New Guinea,Oceania
png,1839,31.5,Papua New Guinea,Oceania
png,1840,31.5,Papua New Guinea,Oceania
png,1841,31.5,Papua New Guinea,Oceania
png,1842,31.5,Papua New Guinea,Oceania
png,1843,31.5,Papua New Guinea,Oceania
png,1844,31.5,Papua New Guinea,Oceania
png,1845,31.5,Papua New Guinea,Oceania
png,1846,31.5,Papua New Guinea,Oceania
png,1847,31.5,Papua New Guinea,Oceania
png,1848,31.5,Papua New Guinea,Oceania
png,1849,31.5,Papua New Guinea,Oceania
png,1850,31.5,Papua New Guinea,Oceania
png,1851,31.5,Papua New Guinea,Oceania
png,1852,31.5,Papua New Guinea,Oceania
png,1853,31.5,Papua New Guinea,Oceania
png,1854,31.5,Papua New Guinea,Oceania
png,1855,31.5,Papua New Guinea,Oceania
png,1856,31.5,Papua New Guinea,Oceania
png,1857,31.5,Papua New Guinea,Oceania
png,1858,31.5,Papua New Guinea,Oceania
png,1859,31.5,Papua New Guinea,Oceania
png,1860,31.5,Papua New Guinea,Oceania
png,1861,31.5,Papua New Guinea,Oceania
png,1862,31.5,Papua New Guinea,Oceania
png,1863,31.5,Papua New Guinea,Oceania
png,1864,31.5,Papua New Guinea,Oceania
png,1865,31.5,Papua New Guinea,Oceania
png,1866,31.5,Papua New Guinea,Oceania
png,1867,31.5,Papua New Guinea,Oceania
png,1868,31.5,Papua New Guinea,Oceania
png,1869,31.5,Papua New Guinea,Oceania
png,1870,31.5,Papua New Guinea,Oceania
png,1871,31.69,Papua New Guinea,Oceania
png,1872,31.87,Papua New Guinea,Oceania
png,1873,32.06,Papua New Guinea,Oceania
png,1874,32.25,Papua New Guinea,Oceania
png,1875,32.43,Papua New Guinea,Oceania
png,1876,32.62,Papua New Guinea,Oceania
png,1877,32.8,Papua New Guinea,Oceania
png,1878,32.99,Papua New Guinea,Oceania
png,1879,33.18,Papua New Guinea,Oceania
png,1880,33.36,Papua New Guinea,Oceania
png,1881,33.55,Papua New Guinea,Oceania
png,1882,33.74,Papua New Guinea,Oceania
png,1883,33.92,Papua New Guinea,Oceania
png,1884,34.11,Papua New Guinea,Oceania
png,1885,34.29,Papua New Guinea,Oceania
png,1886,34.48,Papua New Guinea,Oceania
png,1887,34.67,Papua New Guinea,Oceania
png,1888,34.85,Papua New Guinea,Oceania
png,1889,35.04,Papua New Guinea,Oceania
png,1890,35.23,Papua New Guinea,Oceania
png,1891,35.41,Papua New Guinea,Oceania
png,1892,35.6,Papua New Guinea,Oceania
png,1893,35.78,Papua New Guinea,Oceania
png,1894,35.97,Papua New Guinea,Oceania
png,1895,36.16,Papua New Guinea,Oceania
png,1896,36.34,Papua New Guinea,Oceania
png,1897,36.53,Papua New Guinea,Oceania
png,1898,36.72,Papua New Guinea,Oceania
png,1899,36.9,Papua New Guinea,Oceania
png,1900,37.09,Papua New Guinea,Oceania
png,1901,37.28,Papua New Guinea,Oceania
png,1902,37.46,Papua New Guinea,Oceania
png,1903,37.65,Papua New Guinea,Oceania
png,1904,37.83,Papua New Guinea,Oceania
png,1905,38.02,Papua New Guinea,Oceania
png,1906,38.21,Papua New Guinea,Oceania
png,1907,38.39,Papua New Guinea,Oceania
png,1908,38.58,Papua New Guinea,Oceania
png,1909,38.77,Papua New Guinea,Oceania
png,1910,38.95,Papua New Guinea,Oceania
png,1911,39.14,Papua New Guinea,Oceania
png,1912,39.32,Papua New Guinea,Oceania
png,1913,39.51,Papua New Guinea,Oceania
png,1914,39.7,Papua New Guinea,Oceania
png,1915,39.88,Papua New Guinea,Oceania
png,1916,40.07,Papua New Guinea,Oceania
png,1917,40.26,Papua New Guinea,Oceania
png,1918,40.44,Papua New Guinea,Oceania
png,1919,40.63,Papua New Guinea,Oceania
png,1920,40.81,Papua New Guinea,Oceania
png,1921,41,Papua New Guinea,Oceania
png,1922,41.19,Papua New Guinea,Oceania
png,1923,41.37,Papua New Guinea,Oceania
png,1924,41.56,Papua New Guinea,Oceania
png,1925,41.75,Papua New Guinea,Oceania
png,1926,41.93,Papua New Guinea,Oceania
png,1927,42.12,Papua New Guinea,Oceania
png,1928,42.31,Papua New Guinea,Oceania
png,1929,42.49,Papua New Guinea,Oceania
png,1930,42.68,Papua New Guinea,Oceania
png,1931,42.86,Papua New Guinea,Oceania
png,1932,43.05,Papua New Guinea,Oceania
png,1933,43.24,Papua New Guinea,Oceania
png,1934,43.42,Papua New Guinea,Oceania
png,1935,43.61,Papua New Guinea,Oceania
png,1936,43.8,Papua New Guinea,Oceania
png,1937,43.98,Papua New Guinea,Oceania
png,1938,44.17,Papua New Guinea,Oceania
png,1939,44.35,Papua New Guinea,Oceania
png,1940,44.54,Papua New Guinea,Oceania
png,1941,44.73,Papua New Guinea,Oceania
png,1942,44.2,Papua New Guinea,Oceania
png,1943,42.95,Papua New Guinea,Oceania
png,1944,41.69,Papua New Guinea,Oceania
png,1945,40.42,Papua New Guinea,Oceania
png,1946,45.66,Papua New Guinea,Oceania
png,1947,46.64,Papua New Guinea,Oceania
png,1948,47.63,Papua New Guinea,Oceania
png,1949,48.62,Papua New Guinea,Oceania
png,1950,49.62,Papua New Guinea,Oceania
png,1951,47.18,Papua New Guinea,Oceania
png,1952,50.05,Papua New Guinea,Oceania
png,1953,50.5,Papua New Guinea,Oceania
png,1954,50.91,Papua New Guinea,Oceania
png,1955,51.3,Papua New Guinea,Oceania
png,1956,51.61,Papua New Guinea,Oceania
png,1957,52.2,Papua New Guinea,Oceania
png,1958,52.72,Papua New Guinea,Oceania
png,1959,53.23,Papua New Guinea,Oceania
png,1960,53.68,Papua New Guinea,Oceania
png,1961,54.17,Papua New Guinea,Oceania
png,1962,54.63,Papua New Guinea,Oceania
png,1963,55.34,Papua New Guinea,Oceania
png,1964,55.72,Papua New Guinea,Oceania
png,1965,56.15,Papua New Guinea,Oceania
png,1966,56.85,Papua New Guinea,Oceania
png,1967,57.27,Papua New Guinea,Oceania
png,1968,57.84,Papua New Guinea,Oceania
png,1969,58.4,Papua New Guinea,Oceania
png,1970,59.02,Papua New Guinea,Oceania
png,1971,59.38,Papua New Guinea,Oceania
png,1972,59.88,Papua New Guinea,Oceania
png,1973,60.33,Papua New Guinea,Oceania
png,1974,60.74,Papua New Guinea,Oceania
png,1975,61.09,Papua New Guinea,Oceania
png,1976,61.36,Papua New Guinea,Oceania
png,1977,61.65,Papua New Guinea,Oceania
png,1978,61.81,Papua New Guinea,Oceania
png,1979,61.98,Papua New Guinea,Oceania
png,1980,62.15,Papua New Guinea,Oceania
png,1981,62.22,Papua New Guinea,Oceania
png,1982,62.22,Papua New Guinea,Oceania
png,1983,62.21,Papua New Guinea,Oceania
png,1984,62.23,Papua New Guinea,Oceania
png,1985,62.23,Papua New Guinea,Oceania
png,1986,62.31,Papua New Guinea,Oceania
png,1987,62.37,Papua New Guinea,Oceania
png,1988,62.44,Papua New Guinea,Oceania
png,1989,62.55,Papua New Guinea,Oceania
png,1990,62.61,Papua New Guinea,Oceania
png,1991,62.46,Papua New Guinea,Oceania
png,1992,62.69,Papua New Guinea,Oceania
png,1993,62.88,Papua New Guinea,Oceania
png,1994,63.07,Papua New Guinea,Oceania
png,1995,63.22,Papua New Guinea,Oceania
png,1996,63.36,Papua New Guinea,Oceania
png,1997,63.45,Papua New Guinea,Oceania
png,1998,62.36,Papua New Guinea,Oceania
png,1999,63.27,Papua New Guinea,Oceania
png,2000,63.14,Papua New Guinea,Oceania
png,2001,62.93,Papua New Guinea,Oceania
png,2002,62.68,Papua New Guinea,Oceania
png,2003,62.49,Papua New Guinea,Oceania
png,2004,62.29,Papua New Guinea,Oceania
png,2005,62.21,Papua New Guinea,Oceania
png,2006,62.22,Papua New Guinea,Oceania
png,2007,62.33,Papua New Guinea,Oceania
png,2008,62.54,Papua New Guinea,Oceania
png,2009,62.6,Papua New Guinea,Oceania
png,2010,62.78,Papua New Guinea,Oceania
png,2011,62.95,Papua New Guinea,Oceania
png,2012,63.08,Papua New Guinea,Oceania
png,2013,63.44,Papua New Guinea,Oceania
png,2014,63.73,Papua New Guinea,Oceania
png,2015,63.93,Papua New Guinea,Oceania
png,2016,64.1,Papua New Guinea,Oceania
png,2017,64.27,Papua New Guinea,Oceania
png,2018,64.42,Papua New Guinea,Oceania
png,2019,64.66,Papua New Guinea,Oceania
png,2020,64.78,Papua New Guinea,Oceania
png,2021,65.1,Papua New Guinea,Oceania
png,2022,65.3,Papua New Guinea,Oceania
png,2023,65.5,Papua New Guinea,Oceania
png,2024,65.69,Papua New Guinea,Oceania
png,2025,65.88,Papua New Guinea,Oceania
png,2026,66.06,Papua New Guinea,Oceania
png,2027,66.24,Papua New Guinea,Oceania
png,2028,66.42,Papua New Guinea,Oceania
png,2029,66.59,Papua New Guinea,Oceania
png,2030,66.75,Papua New Guinea,Oceania
png,2031,66.92,Papua New Guinea,Oceania
png,2032,67.08,Papua New Guinea,Oceania
png,2033,67.23,Papua New Guinea,Oceania
png,2034,67.38,Papua New Guinea,Oceania
png,2035,67.53,Papua New Guinea,Oceania
png,2036,67.68,Papua New Guinea,Oceania
png,2037,67.82,Papua New Guinea,Oceania
png,2038,67.96,Papua New Guinea,Oceania
png,2039,68.1,Papua New Guinea,Oceania
png,2040,68.24,Papua New Guinea,Oceania
png,2041,68.38,Papua New Guinea,Oceania
png,2042,68.52,Papua New Guinea,Oceania
png,2043,68.65,Papua New Guinea,Oceania
png,2044,68.78,Papua New Guinea,Oceania
png,2045,68.91,Papua New Guinea,Oceania
png,2046,69.04,Papua New Guinea,Oceania
png,2047,69.17,Papua New Guinea,Oceania
png,2048,69.29,Papua New Guinea,Oceania
png,2049,69.41,Papua New Guinea,Oceania
png,2050,69.54,Papua New Guinea,Oceania
png,2051,69.66,Papua New Guinea,Oceania
png,2052,69.78,Papua New Guinea,Oceania
png,2053,69.9,Papua New Guinea,Oceania
png,2054,70.02,Papua New Guinea,Oceania
png,2055,70.15,Papua New Guinea,Oceania
png,2056,70.27,Papua New Guinea,Oceania
png,2057,70.39,Papua New Guinea,Oceania
png,2058,70.5,Papua New Guinea,Oceania
png,2059,70.62,Papua New Guinea,Oceania
png,2060,70.73,Papua New Guinea,Oceania
png,2061,70.84,Papua New Guinea,Oceania
png,2062,70.95,Papua New Guinea,Oceania
png,2063,71.06,Papua New Guinea,Oceania
png,2064,71.17,Papua New Guinea,Oceania
png,2065,71.28,Papua New Guinea,Oceania
png,2066,71.39,Papua New Guinea,Oceania
png,2067,71.5,Papua New Guinea,Oceania
png,2068,71.61,Papua New Guinea,Oceania
png,2069,71.72,Papua New Guinea,Oceania
png,2070,71.83,Papua New Guinea,Oceania
png,2071,71.95,Papua New Guinea,Oceania
png,2072,72.06,Papua New Guinea,Oceania
png,2073,72.17,Papua New Guinea,Oceania
png,2074,72.28,Papua New Guinea,Oceania
png,2075,72.39,Papua New Guinea,Oceania
png,2076,72.5,Papua New Guinea,Oceania
png,2077,72.61,Papua New Guinea,Oceania
png,2078,72.72,Papua New Guinea,Oceania
png,2079,72.82,Papua New Guinea,Oceania
png,2080,72.93,Papua New Guinea,Oceania
png,2081,73.04,Papua New Guinea,Oceania
png,2082,73.15,Papua New Guinea,Oceania
png,2083,73.27,Papua New Guinea,Oceania
png,2084,73.38,Papua New Guinea,Oceania
png,2085,73.49,Papua New Guinea,Oceania
png,2086,73.6,Papua New Guinea,Oceania
png,2087,73.71,Papua New Guinea,Oceania
png,2088,73.83,Papua New Guinea,Oceania
png,2089,73.94,Papua New Guinea,Oceania
png,2090,74.05,Papua New Guinea,Oceania
png,2091,74.17,Papua New Guinea,Oceania
png,2092,74.28,Papua New Guinea,Oceania
png,2093,74.4,Papua New Guinea,Oceania
png,2094,74.51,Papua New Guinea,Oceania
png,2095,74.63,Papua New Guinea,Oceania
png,2096,74.74,Papua New Guinea,Oceania
png,2097,74.86,Papua New Guinea,Oceania
png,2098,74.98,Papua New Guinea,Oceania
png,2099,75.09,Papua New Guinea,Oceania
png,2100,75.21,Papua New Guinea,Oceania
pry,1800,35.5,Paraguay,South America
pry,1801,35.5,Paraguay,South America
pry,1802,35.5,Paraguay,South America
pry,1803,35.5,Paraguay,South America
pry,1804,35.5,Paraguay,South America
pry,1805,35.5,Paraguay,South America
pry,1806,35.5,Paraguay,South America
pry,1807,35.5,Paraguay,South America
pry,1808,35.5,Paraguay,South America
pry,1809,35.5,Paraguay,South America
pry,1810,35.5,Paraguay,South America
pry,1811,35.5,Paraguay,South America
pry,1812,35.5,Paraguay,South America
pry,1813,35.5,Paraguay,South America
pry,1814,35.5,Paraguay,South America
pry,1815,35.5,Paraguay,South America
pry,1816,35.5,Paraguay,South America
pry,1817,35.5,Paraguay,South America
pry,1818,35.5,Paraguay,South America
pry,1819,35.5,Paraguay,South America
pry,1820,35.5,Paraguay,South America
pry,1821,35.5,Paraguay,South America
pry,1822,35.5,Paraguay,South America
pry,1823,35.5,Paraguay,South America
pry,1824,35.5,Paraguay,South America
pry,1825,35.5,Paraguay,South America
pry,1826,35.5,Paraguay,South America
pry,1827,35.5,Paraguay,South America
pry,1828,35.5,Paraguay,South America
pry,1829,35.5,Paraguay,South America
pry,1830,35.5,Paraguay,South America
pry,1831,35.5,Paraguay,South America
pry,1832,35.5,Paraguay,South America
pry,1833,35.5,Paraguay,South America
pry,1834,35.5,Paraguay,South America
pry,1835,35.5,Paraguay,South America
pry,1836,35.5,Paraguay,South America
pry,1837,35.5,Paraguay,South America
pry,1838,35.5,Paraguay,South America
pry,1839,35.5,Paraguay,South America
pry,1840,35.5,Paraguay,South America
pry,1841,35.5,Paraguay,South America
pry,1842,35.5,Paraguay,South America
pry,1843,35.5,Paraguay,South America
pry,1844,35.5,Paraguay,South America
pry,1845,35.5,Paraguay,South America
pry,1846,35.5,Paraguay,South America
pry,1847,35.5,Paraguay,South America
pry,1848,35.5,Paraguay,South America
pry,1849,35.5,Paraguay,South America
pry,1850,35.5,Paraguay,South America
pry,1851,35.5,Paraguay,South America
pry,1852,35.5,Paraguay,South America
pry,1853,35.5,Paraguay,South America
pry,1854,35.5,Paraguay,South America
pry,1855,35.5,Paraguay,South America
pry,1856,35.5,Paraguay,South America
pry,1857,35.5,Paraguay,South America
pry,1858,35.5,Paraguay,South America
pry,1859,35.5,Paraguay,South America
pry,1860,35.5,Paraguay,South America
pry,1861,35.5,Paraguay,South America
pry,1862,35.5,Paraguay,South America
pry,1863,35.5,Paraguay,South America
pry,1864,35.5,Paraguay,South America
pry,1865,35.5,Paraguay,South America
pry,1866,35.5,Paraguay,South America
pry,1867,35.5,Paraguay,South America
pry,1868,35.5,Paraguay,South America
pry,1869,35.5,Paraguay,South America
pry,1870,35.5,Paraguay,South America
pry,1871,35.49,Paraguay,South America
pry,1872,35.48,Paraguay,South America
pry,1873,35.47,Paraguay,South America
pry,1874,35.46,Paraguay,South America
pry,1875,35.45,Paraguay,South America
pry,1876,35.43,Paraguay,South America
pry,1877,35.42,Paraguay,South America
pry,1878,35.41,Paraguay,South America
pry,1879,35.4,Paraguay,South America
pry,1880,35.39,Paraguay,South America
pry,1881,35.38,Paraguay,South America
pry,1882,35.37,Paraguay,South America
pry,1883,35.36,Paraguay,South America
pry,1884,35.35,Paraguay,South America
pry,1885,35.34,Paraguay,South America
pry,1886,35.33,Paraguay,South America
pry,1887,35.31,Paraguay,South America
pry,1888,35.3,Paraguay,South America
pry,1889,35.29,Paraguay,South America
pry,1890,35.28,Paraguay,South America
pry,1891,35.27,Paraguay,South America
pry,1892,35.26,Paraguay,South America
pry,1893,35.25,Paraguay,South America
pry,1894,35.24,Paraguay,South America
pry,1895,35.23,Paraguay,South America
pry,1896,35.22,Paraguay,South America
pry,1897,35.2,Paraguay,South America
pry,1898,35.19,Paraguay,South America
pry,1899,35.18,Paraguay,South America
pry,1900,35.17,Paraguay,South America
pry,1901,35.16,Paraguay,South America
pry,1902,35.15,Paraguay,South America
pry,1903,35.14,Paraguay,South America
pry,1904,35.13,Paraguay,South America
pry,1905,35.12,Paraguay,South America
pry,1906,35.11,Paraguay,South America
pry,1907,35.1,Paraguay,South America
pry,1908,35.08,Paraguay,South America
pry,1909,35.07,Paraguay,South America
pry,1910,35.06,Paraguay,South America
pry,1911,35.05,Paraguay,South America
pry,1912,35.04,Paraguay,South America
pry,1913,35.03,Paraguay,South America
pry,1914,35.02,Paraguay,South America
pry,1915,35.01,Paraguay,South America
pry,1916,35,Paraguay,South America
pry,1917,34.99,Paraguay,South America
pry,1918,30.92,Paraguay,South America
pry,1919,34.96,Paraguay,South America
pry,1920,34.95,Paraguay,South America
pry,1921,34.94,Paraguay,South America
pry,1922,34.93,Paraguay,South America
pry,1923,34.92,Paraguay,South America
pry,1924,34.91,Paraguay,South America
pry,1925,34.9,Paraguay,South America
pry,1926,34.89,Paraguay,South America
pry,1927,34.88,Paraguay,South America
pry,1928,34.87,Paraguay,South America
pry,1929,34.86,Paraguay,South America
pry,1930,34.84,Paraguay,South America
pry,1931,34.83,Paraguay,South America
pry,1932,34.82,Paraguay,South America
pry,1933,36.29,Paraguay,South America
pry,1934,37.76,Paraguay,South America
pry,1935,39.23,Paraguay,South America
pry,1936,40.7,Paraguay,South America
pry,1937,42.16,Paraguay,South America
pry,1938,43.63,Paraguay,South America
pry,1939,45.09,Paraguay,South America
pry,1940,46.56,Paraguay,South America
pry,1941,48.02,Paraguay,South America
pry,1942,49.48,Paraguay,South America
pry,1943,50.94,Paraguay,South America
pry,1944,52.4,Paraguay,South America
pry,1945,53.86,Paraguay,South America
pry,1946,55.32,Paraguay,South America
pry,1947,56.78,Paraguay,South America
pry,1948,58.23,Paraguay,South America
pry,1949,59.69,Paraguay,South America
pry,1950,61.14,Paraguay,South America
pry,1951,62.16,Paraguay,South America
pry,1952,64.96,Paraguay,South America
pry,1953,68.33,Paraguay,South America
pry,1954,68.46,Paraguay,South America
pry,1955,67.23,Paraguay,South America
pry,1956,68.46,Paraguay,South America
pry,1957,68.26,Paraguay,South America
pry,1958,67.95,Paraguay,South America
pry,1959,67.77,Paraguay,South America
pry,1960,69.07,Paraguay,South America
pry,1961,69.81,Paraguay,South America
pry,1962,69.9,Paraguay,South America
pry,1963,70.16,Paraguay,South America
pry,1964,70.38,Paraguay,South America
pry,1965,70.48,Paraguay,South America
pry,1966,70.42,Paraguay,South America
pry,1967,70.52,Paraguay,South America
pry,1968,70.61,Paraguay,South America
pry,1969,70.72,Paraguay,South America
pry,1970,70.82,Paraguay,South America
pry,1971,70.96,Paraguay,South America
pry,1972,70.87,Paraguay,South America
pry,1973,70.78,Paraguay,South America
pry,1974,70.93,Paraguay,South America
pry,1975,71.4,Paraguay,South America
pry,1976,71.61,Paraguay,South America
pry,1977,72.3,Paraguay,South America
pry,1978,72.37,Paraguay,South America
pry,1979,72.82,Paraguay,South America
pry,1980,73.07,Paraguay,South America
pry,1981,73.79,Paraguay,South America
pry,1982,74.24,Paraguay,South America
pry,1983,73.92,Paraguay,South America
pry,1984,74.08,Paraguay,South America
pry,1985,74.5,Paraguay,South America
pry,1986,75.25,Paraguay,South America
pry,1987,75.47,Paraguay,South America
pry,1988,75.46,Paraguay,South America
pry,1989,75.6,Paraguay,South America
pry,1990,75.79,Paraguay,South America
pry,1991,76.48,Paraguay,South America
pry,1992,75.99,Paraguay,South America
pry,1993,75.75,Paraguay,South America
pry,1994,75.67,Paraguay,South America
pry,1995,75.39,Paraguay,South America
pry,1996,75.13,Paraguay,South America
pry,1997,75.55,Paraguay,South America
pry,1998,75.59,Paraguay,South America
pry,1999,75.55,Paraguay,South America
pry,2000,75.62,Paraguay,South America
pry,2001,75.98,Paraguay,South America
pry,2002,76.08,Paraguay,South America
pry,2003,75.83,Paraguay,South America
pry,2004,75.21,Paraguay,South America
pry,2005,75.59,Paraguay,South America
pry,2006,75.59,Paraguay,South America
pry,2007,75.95,Paraguay,South America
pry,2008,76.03,Paraguay,South America
pry,2009,75.76,Paraguay,South America
pry,2010,75.74,Paraguay,South America
pry,2011,75.97,Paraguay,South America
pry,2012,76.16,Paraguay,South America
pry,2013,76.03,Paraguay,South America
pry,2014,76.4,Paraguay,South America
pry,2015,76.49,Paraguay,South America
pry,2016,76.13,Paraguay,South America
pry,2017,76.27,Paraguay,South America
pry,2018,76.48,Paraguay,South America
pry,2019,76.61,Paraguay,South America
pry,2020,75.71,Paraguay,South America
pry,2021,76.82,Paraguay,South America
pry,2022,76.92,Paraguay,South America
pry,2023,77.02,Paraguay,South America
pry,2024,77.13,Paraguay,South America
pry,2025,77.23,Paraguay,South America
pry,2026,77.34,Paraguay,South America
pry,2027,77.46,Paraguay,South America
pry,2028,77.57,Paraguay,South America
pry,2029,77.69,Paraguay,South America
pry,2030,77.8,Paraguay,South America
pry,2031,77.92,Paraguay,South America
pry,2032,78.03,Paraguay,South America
pry,2033,78.15,Paraguay,South America
pry,2034,78.26,Paraguay,South America
pry,2035,78.38,Paraguay,South America
pry,2036,78.5,Paraguay,South America
pry,2037,78.61,Paraguay,South America
pry,2038,78.73,Paraguay,South America
pry,2039,78.86,Paraguay,South America
pry,2040,78.98,Paraguay,South America
pry,2041,79.1,Paraguay,South America
pry,2042,79.22,Paraguay,South America
pry,2043,79.35,Paraguay,South America
pry,2044,79.47,Paraguay,South America
pry,2045,79.59,Paraguay,South America
pry,2046,79.71,Paraguay,South America
pry,2047,79.83,Paraguay,South America
pry,2048,79.96,Paraguay,South America
pry,2049,80.08,Paraguay,South America
pry,2050,80.21,Paraguay,South America
pry,2051,80.34,Paraguay,South America
pry,2052,80.47,Paraguay,South America
pry,2053,80.6,Paraguay,South America
pry,2054,80.73,Paraguay,South America
pry,2055,80.86,Paraguay,South America
pry,2056,80.99,Paraguay,South America
pry,2057,81.12,Paraguay,South America
pry,2058,81.25,Paraguay,South America
pry,2059,81.39,Paraguay,South America
pry,2060,81.52,Paraguay,South America
pry,2061,81.65,Paraguay,South America
pry,2062,81.79,Paraguay,South America
pry,2063,81.92,Paraguay,South America
pry,2064,82.06,Paraguay,South America
pry,2065,82.19,Paraguay,South America
pry,2066,82.33,Paraguay,South America
pry,2067,82.47,Paraguay,South America
pry,2068,82.6,Paraguay,South America
pry,2069,82.74,Paraguay,South America
pry,2070,82.87,Paraguay,South America
pry,2071,83.01,Paraguay,South America
pry,2072,83.15,Paraguay,South America
pry,2073,83.29,Paraguay,South America
pry,2074,83.42,Paraguay,South America
pry,2075,83.56,Paraguay,South America
pry,2076,83.7,Paraguay,South America
pry,2077,83.84,Paraguay,South America
pry,2078,83.98,Paraguay,South America
pry,2079,84.11,Paraguay,South America
pry,2080,84.25,Paraguay,South America
pry,2081,84.39,Paraguay,South America
pry,2082,84.52,Paraguay,South America
pry,2083,84.66,Paraguay,South America
pry,2084,84.8,Paraguay,South America
pry,2085,84.94,Paraguay,South America
pry,2086,85.08,Paraguay,South America
pry,2087,85.21,Paraguay,South America
pry,2088,85.35,Paraguay,South America
pry,2089,85.48,Paraguay,South America
pry,2090,85.61,Paraguay,South America
pry,2091,85.74,Paraguay,South America
pry,2092,85.87,Paraguay,South America
pry,2093,86,Paraguay,South America
pry,2094,86.13,Paraguay,South America
pry,2095,86.25,Paraguay,South America
pry,2096,86.38,Paraguay,South America
pry,2097,86.51,Paraguay,South America
pry,2098,86.63,Paraguay,South America
pry,2099,86.76,Paraguay,South America
pry,2100,86.89,Paraguay,South America
per,1800,35.7,Peru,South America
per,1801,35.7,Peru,South America
per,1802,35.7,Peru,South America
per,1803,35.7,Peru,South America
per,1804,35.7,Peru,South America
per,1805,35.7,Peru,South America
per,1806,35.7,Peru,South America
per,1807,35.7,Peru,South America
per,1808,35.7,Peru,South America
per,1809,35.7,Peru,South America
per,1810,35.7,Peru,South America
per,1811,35.7,Peru,South America
per,1812,35.7,Peru,South America
per,1813,35.7,Peru,South America
per,1814,35.7,Peru,South America
per,1815,35.7,Peru,South America
per,1816,35.7,Peru,South America
per,1817,35.7,Peru,South America
per,1818,35.7,Peru,South America
per,1819,35.7,Peru,South America
per,1820,35.7,Peru,South America
per,1821,35.7,Peru,South America
per,1822,35.7,Peru,South America
per,1823,35.7,Peru,South America
per,1824,35.7,Peru,South America
per,1825,35.7,Peru,South America
per,1826,35.7,Peru,South America
per,1827,35.7,Peru,South America
per,1828,35.7,Peru,South America
per,1829,35.7,Peru,South America
per,1830,35.7,Peru,South America
per,1831,35.7,Peru,South America
per,1832,35.7,Peru,South America
per,1833,35.7,Peru,South America
per,1834,35.7,Peru,South America
per,1835,35.7,Peru,South America
per,1836,35.7,Peru,South America
per,1837,35.7,Peru,South America
per,1838,35.7,Peru,South America
per,1839,35.7,Peru,South America
per,1840,35.7,Peru,South America
per,1841,35.7,Peru,South America
per,1842,35.7,Peru,South America
per,1843,35.7,Peru,South America
per,1844,35.7,Peru,South America
per,1845,35.7,Peru,South America
per,1846,35.7,Peru,South America
per,1847,35.7,Peru,South America
per,1848,35.7,Peru,South America
per,1849,35.7,Peru,South America
per,1850,35.7,Peru,South America
per,1851,35.7,Peru,South America
per,1852,35.7,Peru,South America
per,1853,35.7,Peru,South America
per,1854,35.7,Peru,South America
per,1855,35.7,Peru,South America
per,1856,35.7,Peru,South America
per,1857,35.7,Peru,South America
per,1858,35.7,Peru,South America
per,1859,35.7,Peru,South America
per,1860,35.7,Peru,South America
per,1861,35.7,Peru,South America
per,1862,35.7,Peru,South America
per,1863,35.7,Peru,South America
per,1864,35.7,Peru,South America
per,1865,35.7,Peru,South America
per,1866,35.7,Peru,South America
per,1867,35.7,Peru,South America
per,1868,35.7,Peru,South America
per,1869,35.7,Peru,South America
per,1870,35.7,Peru,South America
per,1871,35.65,Peru,South America
per,1872,35.6,Peru,South America
per,1873,35.54,Peru,South America
per,1874,35.49,Peru,South America
per,1875,35.44,Peru,South America
per,1876,35.39,Peru,South America
per,1877,35.34,Peru,South America
per,1878,35.28,Peru,South America
per,1879,35.23,Peru,South America
per,1880,35.18,Peru,South America
per,1881,35.13,Peru,South America
per,1882,35.08,Peru,South America
per,1883,35.02,Peru,South America
per,1884,34.97,Peru,South America
per,1885,34.92,Peru,South America
per,1886,34.87,Peru,South America
per,1887,34.82,Peru,South America
per,1888,34.76,Peru,South America
per,1889,34.71,Peru,South America
per,1890,34.66,Peru,South America
per,1891,34.61,Peru,South America
per,1892,34.56,Peru,South America
per,1893,34.5,Peru,South America
per,1894,34.45,Peru,South America
per,1895,34.4,Peru,South America
per,1896,34.35,Peru,South America
per,1897,34.3,Peru,South America
per,1898,34.24,Peru,South America
per,1899,34.19,Peru,South America
per,1900,34.14,Peru,South America
per,1901,34.09,Peru,South America
per,1902,34.04,Peru,South America
per,1903,33.98,Peru,South America
per,1904,33.93,Peru,South America
per,1905,33.88,Peru,South America
per,1906,33.83,Peru,South America
per,1907,33.78,Peru,South America
per,1908,33.72,Peru,South America
per,1909,33.67,Peru,South America
per,1910,33.62,Peru,South America
per,1911,33.57,Peru,South America
per,1912,33.52,Peru,South America
per,1913,33.46,Peru,South America
per,1914,33.41,Peru,South America
per,1915,33.36,Peru,South America
per,1916,33.31,Peru,South America
per,1917,33.26,Peru,South America
per,1918,29.35,Peru,South America
per,1919,33.15,Peru,South America
per,1920,33.1,Peru,South America
per,1921,33.05,Peru,South America
per,1922,33,Peru,South America
per,1923,32.94,Peru,South America
per,1924,32.89,Peru,South America
per,1925,32.84,Peru,South America
per,1926,32.79,Peru,South America
per,1927,32.74,Peru,South America
per,1928,32.68,Peru,South America
per,1929,32.63,Peru,South America
per,1930,32.58,Peru,South America
per,1931,32.53,Peru,South America
per,1932,32.48,Peru,South America
per,1933,32.42,Peru,South America
per,1934,32.37,Peru,South America
per,1935,32.32,Peru,South America
per,1936,32.27,Peru,South America
per,1937,32.22,Peru,South America
per,1938,32.16,Peru,South America
per,1939,32.11,Peru,South America
per,1940,32.06,Peru,South America
per,1941,32.67,Peru,South America
per,1942,33.28,Peru,South America
per,1943,33.89,Peru,South America
per,1944,34.5,Peru,South America
per,1945,35.1,Peru,South America
per,1946,35.7,Peru,South America
per,1947,36.3,Peru,South America
per,1948,36.9,Peru,South America
per,1949,37.5,Peru,South America
per,1950,38.09,Peru,South America
per,1951,38.5,Peru,South America
per,1952,40.34,Peru,South America
per,1953,41.35,Peru,South America
per,1954,42.83,Peru,South America
per,1955,43.67,Peru,South America
per,1956,44.63,Peru,South America
per,1957,44.7,Peru,South America
per,1958,46.04,Peru,South America
per,1959,46.75,Peru,South America
per,1960,47.26,Peru,South America
per,1961,48.96,Peru,South America
per,1962,50.15,Peru,South America
per,1963,51.67,Peru,South America
per,1964,53.82,Peru,South America
per,1965,54.12,Peru,South America
per,1966,54.96,Peru,South America
per,1967,55.8,Peru,South America
per,1968,56.42,Peru,South America
per,1969,57.42,Peru,South America
per,1970,48.63,Peru,South America
per,1971,59.68,Peru,South America
per,1972,60.85,Peru,South America
per,1973,61.24,Peru,South America
per,1974,62.12,Peru,South America
per,1975,63.4,Peru,South America
per,1976,64.04,Peru,South America
per,1977,64.75,Peru,South America
per,1978,65.35,Peru,South America
per,1979,65.82,Peru,South America
per,1980,65.1,Peru,South America
per,1981,64.62,Peru,South America
per,1982,66.04,Peru,South America
per,1983,65.73,Peru,South America
per,1984,65.91,Peru,South America
per,1985,65.94,Peru,South America
per,1986,66.99,Peru,South America
per,1987,68.55,Peru,South America
per,1988,68.87,Peru,South America
per,1989,69.23,Peru,South America
per,1990,69.24,Peru,South America
per,1991,69.24,Peru,South America
per,1992,70.05,Peru,South America
per,1993,70.6,Peru,South America
per,1994,71.21,Peru,South America
per,1995,71.49,Peru,South America
per,1996,72.52,Peru,South America
per,1997,72.95,Peru,South America
per,1998,73.36,Peru,South America
per,1999,74.37,Peru,South America
per,2000,74.61,Peru,South America
per,2001,75.45,Peru,South America
per,2002,75.89,Peru,South America
per,2003,76.04,Peru,South America
per,2004,76.72,Peru,South America
per,2005,77.16,Peru,South America
per,2006,77.72,Peru,South America
per,2007,78.33,Peru,South America
per,2008,78.5,Peru,South America
per,2009,77.41,Peru,South America
per,2010,77.32,Peru,South America
per,2011,77.69,Peru,South America
per,2012,78,Peru,South America
per,2013,78.37,Peru,South America
per,2014,78.89,Peru,South America
per,2015,79.4,Peru,South America
per,2016,79.61,Peru,South America
per,2017,79.82,Peru,South America
per,2018,80.04,Peru,South America
per,2019,80.25,Peru,South America
per,2020,77.38,Peru,South America
per,2021,80.68,Peru,South America
per,2022,80.9,Peru,South America
per,2023,81.11,Peru,South America
per,2024,81.32,Peru,South America
per,2025,81.53,Peru,South America
per,2026,81.74,Peru,South America
per,2027,81.96,Peru,South America
per,2028,82.17,Peru,South America
per,2029,82.38,Peru,South America
per,2030,82.59,Peru,South America
per,2031,82.8,Peru,South America
per,2032,83.01,Peru,South America
per,2033,83.21,Peru,South America
per,2034,83.41,Peru,South America
per,2035,83.61,Peru,South America
per,2036,83.81,Peru,South America
per,2037,84,Peru,South America
per,2038,84.2,Peru,South America
per,2039,84.39,Peru,South America
per,2040,84.59,Peru,South America
per,2041,84.78,Peru,South America
per,2042,84.97,Peru,South America
per,2043,85.16,Peru,South America
per,2044,85.35,Peru,South America
per,2045,85.54,Peru,South America
per,2046,85.73,Peru,South America
per,2047,85.91,Peru,South America
per,2048,86.09,Peru,South America
per,2049,86.28,Peru,South America
per,2050,86.45,Peru,South America
per,2051,86.63,Peru,South America
per,2052,86.8,Peru,South America
per,2053,86.97,Peru,South America
per,2054,87.14,Peru,South America
per,2055,87.3,Peru,South America
per,2056,87.46,Peru,South America
per,2057,87.61,Peru,South America
per,2058,87.77,Peru,South America
per,2059,87.92,Peru,South America
per,2060,88.07,Peru,South America
per,2061,88.21,Peru,South America
per,2062,88.36,Peru,South America
per,2063,88.5,Peru,South America
per,2064,88.64,Peru,South America
per,2065,88.77,Peru,South America
per,2066,88.91,Peru,South America
per,2067,89.04,Peru,South America
per,2068,89.18,Peru,South America
per,2069,89.3,Peru,South America
per,2070,89.43,Peru,South America
per,2071,89.56,Peru,South America
per,2072,89.68,Peru,South America
per,2073,89.81,Peru,South America
per,2074,89.93,Peru,South America
per,2075,90.05,Peru,South America
per,2076,90.17,Peru,South America
per,2077,90.29,Peru,South America
per,2078,90.41,Peru,South America
per,2079,90.53,Peru,South America
per,2080,90.64,Peru,South America
per,2081,90.76,Peru,South America
per,2082,90.88,Peru,South America
per,2083,91,Peru,South America
per,2084,91.11,Peru,South America
per,2085,91.23,Peru,South America
per,2086,91.35,Peru,South America
per,2087,91.46,Peru,South America
per,2088,91.58,Peru,South America
per,2089,91.69,Peru,South America
per,2090,91.81,Peru,South America
per,2091,91.92,Peru,South America
per,2092,92.04,Peru,South America
per,2093,92.15,Peru,South America
per,2094,92.27,Peru,South America
per,2095,92.38,Peru,South America
per,2096,92.49,Peru,South America
per,2097,92.61,Peru,South America
per,2098,92.72,Peru,South America
per,2099,92.83,Peru,South America
per,2100,92.95,Peru,South America
phl,1800,30.9,Philippines,Asia
phl,1801,30.9,Philippines,Asia
phl,1802,30.9,Philippines,Asia
phl,1803,30.9,Philippines,Asia
phl,1804,30.9,Philippines,Asia
phl,1805,30.9,Philippines,Asia
phl,1806,30.9,Philippines,Asia
phl,1807,30.9,Philippines,Asia
phl,1808,30.9,Philippines,Asia
phl,1809,30.9,Philippines,Asia
phl,1810,30.9,Philippines,Asia
phl,1811,30.9,Philippines,Asia
phl,1812,30.9,Philippines,Asia
phl,1813,30.9,Philippines,Asia
phl,1814,30.9,Philippines,Asia
phl,1815,30.9,Philippines,Asia
phl,1816,30.9,Philippines,Asia
phl,1817,30.9,Philippines,Asia
phl,1818,30.9,Philippines,Asia
phl,1819,30.9,Philippines,Asia
phl,1820,30.9,Philippines,Asia
phl,1821,30.9,Philippines,Asia
phl,1822,30.9,Philippines,Asia
phl,1823,30.9,Philippines,Asia
phl,1824,30.9,Philippines,Asia
phl,1825,30.9,Philippines,Asia
phl,1826,30.9,Philippines,Asia
phl,1827,30.9,Philippines,Asia
phl,1828,30.9,Philippines,Asia
phl,1829,30.9,Philippines,Asia
phl,1830,30.9,Philippines,Asia
phl,1831,30.9,Philippines,Asia
phl,1832,30.9,Philippines,Asia
phl,1833,30.9,Philippines,Asia
phl,1834,30.9,Philippines,Asia
phl,1835,30.9,Philippines,Asia
phl,1836,30.9,Philippines,Asia
phl,1837,30.9,Philippines,Asia
phl,1838,30.9,Philippines,Asia
phl,1839,30.9,Philippines,Asia
phl,1840,30.9,Philippines,Asia
phl,1841,30.9,Philippines,Asia
phl,1842,30.9,Philippines,Asia
phl,1843,30.9,Philippines,Asia
phl,1844,30.9,Philippines,Asia
phl,1845,30.9,Philippines,Asia
phl,1846,30.9,Philippines,Asia
phl,1847,30.9,Philippines,Asia
phl,1848,30.9,Philippines,Asia
phl,1849,30.9,Philippines,Asia
phl,1850,30.9,Philippines,Asia
phl,1851,30.9,Philippines,Asia
phl,1852,30.9,Philippines,Asia
phl,1853,30.9,Philippines,Asia
phl,1854,30.9,Philippines,Asia
phl,1855,30.9,Philippines,Asia
phl,1856,30.9,Philippines,Asia
phl,1857,30.9,Philippines,Asia
phl,1858,30.9,Philippines,Asia
phl,1859,30.9,Philippines,Asia
phl,1860,30.9,Philippines,Asia
phl,1861,30.9,Philippines,Asia
phl,1862,30.9,Philippines,Asia
phl,1863,30.9,Philippines,Asia
phl,1864,30.9,Philippines,Asia
phl,1865,30.9,Philippines,Asia
phl,1866,30.9,Philippines,Asia
phl,1867,30.9,Philippines,Asia
phl,1868,30.9,Philippines,Asia
phl,1869,30.9,Philippines,Asia
phl,1870,30.9,Philippines,Asia
phl,1871,30.9,Philippines,Asia
phl,1872,30.91,Philippines,Asia
phl,1873,30.91,Philippines,Asia
phl,1874,30.91,Philippines,Asia
phl,1875,30.91,Philippines,Asia
phl,1876,30.92,Philippines,Asia
phl,1877,30.92,Philippines,Asia
phl,1878,30.92,Philippines,Asia
phl,1879,30.93,Philippines,Asia
phl,1880,30.93,Philippines,Asia
phl,1881,30.93,Philippines,Asia
phl,1882,30.93,Philippines,Asia
phl,1883,30.94,Philippines,Asia
phl,1884,30.94,Philippines,Asia
phl,1885,30.94,Philippines,Asia
phl,1886,30.94,Philippines,Asia
phl,1887,30.95,Philippines,Asia
phl,1888,30.95,Philippines,Asia
phl,1889,30.95,Philippines,Asia
phl,1890,30.96,Philippines,Asia
phl,1891,30.96,Philippines,Asia
phl,1892,30.96,Philippines,Asia
phl,1893,30.96,Philippines,Asia
phl,1894,30.97,Philippines,Asia
phl,1895,30.97,Philippines,Asia
phl,1896,30.97,Philippines,Asia
phl,1897,30.98,Philippines,Asia
phl,1898,30.98,Philippines,Asia
phl,1899,30.98,Philippines,Asia
phl,1900,30.98,Philippines,Asia
phl,1901,30.99,Philippines,Asia
phl,1902,12.74,Philippines,Asia
phl,1903,20.06,Philippines,Asia
phl,1904,31,Philippines,Asia
phl,1905,31,Philippines,Asia
phl,1906,31,Philippines,Asia
phl,1907,31,Philippines,Asia
phl,1908,31.01,Philippines,Asia
phl,1909,31.01,Philippines,Asia
phl,1910,31.01,Philippines,Asia
phl,1911,31.01,Philippines,Asia
phl,1912,31.02,Philippines,Asia
phl,1913,31.02,Philippines,Asia
phl,1914,31.02,Philippines,Asia
phl,1915,31.03,Philippines,Asia
phl,1916,31.03,Philippines,Asia
phl,1917,31.03,Philippines,Asia
phl,1918,25.71,Philippines,Asia
phl,1919,31.04,Philippines,Asia
phl,1920,31.04,Philippines,Asia
phl,1921,31.04,Philippines,Asia
phl,1922,31.05,Philippines,Asia
phl,1923,31.05,Philippines,Asia
phl,1924,31.05,Philippines,Asia
phl,1925,31.05,Philippines,Asia
phl,1926,31.76,Philippines,Asia
phl,1927,32.47,Philippines,Asia
phl,1928,33.17,Philippines,Asia
phl,1929,33.88,Philippines,Asia
phl,1930,34.59,Philippines,Asia
phl,1931,35.29,Philippines,Asia
phl,1932,36,Philippines,Asia
phl,1933,36.71,Philippines,Asia
phl,1934,37.42,Philippines,Asia
phl,1935,38.12,Philippines,Asia
phl,1936,38.83,Philippines,Asia
phl,1937,39.54,Philippines,Asia
phl,1938,40.25,Philippines,Asia
phl,1939,41.49,Philippines,Asia
phl,1940,42.73,Philippines,Asia
phl,1941,41.26,Philippines,Asia
phl,1942,35.03,Philippines,Asia
phl,1943,37.35,Philippines,Asia
phl,1944,32.72,Philippines,Asia
phl,1945,30.1,Philippines,Asia
phl,1946,41.28,Philippines,Asia
phl,1947,44.74,Philippines,Asia
phl,1948,48.21,Philippines,Asia
phl,1949,51.67,Philippines,Asia
phl,1950,55.14,Philippines,Asia
phl,1951,54.21,Philippines,Asia
phl,1952,55.92,Philippines,Asia
phl,1953,57.15,Philippines,Asia
phl,1954,57.71,Philippines,Asia
phl,1955,58.15,Philippines,Asia
phl,1956,58.4,Philippines,Asia
phl,1957,59.73,Philippines,Asia
phl,1958,61.04,Philippines,Asia
phl,1959,62.06,Philippines,Asia
phl,1960,61.26,Philippines,Asia
phl,1961,61.53,Philippines,Asia
phl,1962,61.75,Philippines,Asia
phl,1963,62.35,Philippines,Asia
phl,1964,62.46,Philippines,Asia
phl,1965,62.55,Philippines,Asia
phl,1966,62.82,Philippines,Asia
phl,1967,62.79,Philippines,Asia
phl,1968,62.91,Philippines,Asia
phl,1969,63.15,Philippines,Asia
phl,1970,62.69,Philippines,Asia
phl,1971,63.06,Philippines,Asia
phl,1972,62.74,Philippines,Asia
phl,1973,63.27,Philippines,Asia
phl,1974,63.37,Philippines,Asia
phl,1975,64.11,Philippines,Asia
phl,1976,63.7,Philippines,Asia
phl,1977,64.22,Philippines,Asia
phl,1978,64.92,Philippines,Asia
phl,1979,65.41,Philippines,Asia
phl,1980,65.74,Philippines,Asia
phl,1981,66.03,Philippines,Asia
phl,1982,66.07,Philippines,Asia
phl,1983,66.28,Philippines,Asia
phl,1984,66.51,Philippines,Asia
phl,1985,66.51,Philippines,Asia
phl,1986,66.9,Philippines,Asia
phl,1987,67.02,Philippines,Asia
phl,1988,67.41,Philippines,Asia
phl,1989,67.93,Philippines,Asia
phl,1990,68.41,Philippines,Asia
phl,1991,68.86,Philippines,Asia
phl,1992,69.31,Philippines,Asia
phl,1993,69.43,Philippines,Asia
phl,1994,69.6,Philippines,Asia
phl,1995,69.77,Philippines,Asia
phl,1996,69.89,Philippines,Asia
phl,1997,70.14,Philippines,Asia
phl,1998,70.18,Philippines,Asia
phl,1999,70.45,Philippines,Asia
phl,2000,70.31,Philippines,Asia
phl,2001,70.23,Philippines,Asia
phl,2002,70.17,Philippines,Asia
phl,2003,70.33,Philippines,Asia
phl,2004,70.37,Philippines,Asia
phl,2005,70.31,Philippines,Asia
phl,2006,70.18,Philippines,Asia
phl,2007,70.46,Philippines,Asia
phl,2008,70.39,Philippines,Asia
phl,2009,70.37,Philippines,Asia
phl,2010,70.58,Philippines,Asia
phl,2011,70.65,Philippines,Asia
phl,2012,70.73,Philippines,Asia
phl,2013,70.56,Philippines,Asia
phl,2014,70.99,Philippines,Asia
phl,2015,70.91,Philippines,Asia
phl,2016,71.04,Philippines,Asia
phl,2017,71.2,Philippines,Asia
phl,2018,71.58,Philippines,Asia
phl,2019,71.84,Philippines,Asia
phl,2020,71.8,Philippines,Asia
phl,2021,72.09,Philippines,Asia
phl,2022,72.22,Philippines,Asia
phl,2023,72.34,Philippines,Asia
phl,2024,72.46,Philippines,Asia
phl,2025,72.59,Philippines,Asia
phl,2026,72.72,Philippines,Asia
phl,2027,72.85,Philippines,Asia
phl,2028,72.98,Philippines,Asia
phl,2029,73.11,Philippines,Asia
phl,2030,73.25,Philippines,Asia
phl,2031,73.38,Philippines,Asia
phl,2032,73.51,Philippines,Asia
phl,2033,73.64,Philippines,Asia
phl,2034,73.78,Philippines,Asia
phl,2035,73.91,Philippines,Asia
phl,2036,74.04,Philippines,Asia
phl,2037,74.17,Philippines,Asia
phl,2038,74.3,Philippines,Asia
phl,2039,74.44,Philippines,Asia
phl,2040,74.57,Philippines,Asia
phl,2041,74.7,Philippines,Asia
phl,2042,74.84,Philippines,Asia
phl,2043,74.97,Philippines,Asia
phl,2044,75.11,Philippines,Asia
phl,2045,75.24,Philippines,Asia
phl,2046,75.38,Philippines,Asia
phl,2047,75.51,Philippines,Asia
phl,2048,75.65,Philippines,Asia
phl,2049,75.79,Philippines,Asia
phl,2050,75.93,Philippines,Asia
phl,2051,76.06,Philippines,Asia
phl,2052,76.2,Philippines,Asia
phl,2053,76.34,Philippines,Asia
phl,2054,76.48,Philippines,Asia
phl,2055,76.61,Philippines,Asia
phl,2056,76.75,Philippines,Asia
phl,2057,76.89,Philippines,Asia
phl,2058,77.03,Philippines,Asia
phl,2059,77.16,Philippines,Asia
phl,2060,77.3,Philippines,Asia
phl,2061,77.44,Philippines,Asia
phl,2062,77.58,Philippines,Asia
phl,2063,77.72,Philippines,Asia
phl,2064,77.86,Philippines,Asia
phl,2065,78,Philippines,Asia
phl,2066,78.15,Philippines,Asia
phl,2067,78.29,Philippines,Asia
phl,2068,78.43,Philippines,Asia
phl,2069,78.58,Philippines,Asia
phl,2070,78.72,Philippines,Asia
phl,2071,78.87,Philippines,Asia
phl,2072,79.01,Philippines,Asia
phl,2073,79.16,Philippines,Asia
phl,2074,79.3,Philippines,Asia
phl,2075,79.45,Philippines,Asia
phl,2076,79.59,Philippines,Asia
phl,2077,79.74,Philippines,Asia
phl,2078,79.88,Philippines,Asia
phl,2079,80.03,Philippines,Asia
phl,2080,80.17,Philippines,Asia
phl,2081,80.32,Philippines,Asia
phl,2082,80.47,Philippines,Asia
phl,2083,80.61,Philippines,Asia
phl,2084,80.76,Philippines,Asia
phl,2085,80.9,Philippines,Asia
phl,2086,81.05,Philippines,Asia
phl,2087,81.2,Philippines,Asia
phl,2088,81.34,Philippines,Asia
phl,2089,81.49,Philippines,Asia
phl,2090,81.63,Philippines,Asia
phl,2091,81.78,Philippines,Asia
phl,2092,81.92,Philippines,Asia
phl,2093,82.07,Philippines,Asia
phl,2094,82.21,Philippines,Asia
phl,2095,82.35,Philippines,Asia
phl,2096,82.49,Philippines,Asia
phl,2097,82.63,Philippines,Asia
phl,2098,82.77,Philippines,Asia
phl,2099,82.91,Philippines,Asia
phl,2100,83.05,Philippines,Asia
pol,1800,35.9,Poland,Europe
pol,1801,35.9,Poland,Europe
pol,1802,35.9,Poland,Europe
pol,1803,35.9,Poland,Europe
pol,1804,35.9,Poland,Europe
pol,1805,35.9,Poland,Europe
pol,1806,35.9,Poland,Europe
pol,1807,35.9,Poland,Europe
pol,1808,35.9,Poland,Europe
pol,1809,35.9,Poland,Europe
pol,1810,35.9,Poland,Europe
pol,1811,35.9,Poland,Europe
pol,1812,35.9,Poland,Europe
pol,1813,35.9,Poland,Europe
pol,1814,35.9,Poland,Europe
pol,1815,35.9,Poland,Europe
pol,1816,35.9,Poland,Europe
pol,1817,35.9,Poland,Europe
pol,1818,35.9,Poland,Europe
pol,1819,35.9,Poland,Europe
pol,1820,35.9,Poland,Europe
pol,1821,35.9,Poland,Europe
pol,1822,35.9,Poland,Europe
pol,1823,35.9,Poland,Europe
pol,1824,35.9,Poland,Europe
pol,1825,35.9,Poland,Europe
pol,1826,35.9,Poland,Europe
pol,1827,35.9,Poland,Europe
pol,1828,35.9,Poland,Europe
pol,1829,35.9,Poland,Europe
pol,1830,35.9,Poland,Europe
pol,1831,35.9,Poland,Europe
pol,1832,35.9,Poland,Europe
pol,1833,35.9,Poland,Europe
pol,1834,35.9,Poland,Europe
pol,1835,35.9,Poland,Europe
pol,1836,35.9,Poland,Europe
pol,1837,35.9,Poland,Europe
pol,1838,35.9,Poland,Europe
pol,1839,35.9,Poland,Europe
pol,1840,35.9,Poland,Europe
pol,1841,35.9,Poland,Europe
pol,1842,35.9,Poland,Europe
pol,1843,35.9,Poland,Europe
pol,1844,35.9,Poland,Europe
pol,1845,35.9,Poland,Europe
pol,1846,35.9,Poland,Europe
pol,1847,35.9,Poland,Europe
pol,1848,35.9,Poland,Europe
pol,1849,35.9,Poland,Europe
pol,1850,35.9,Poland,Europe
pol,1851,35.9,Poland,Europe
pol,1852,35.9,Poland,Europe
pol,1853,35.9,Poland,Europe
pol,1854,35.9,Poland,Europe
pol,1855,35.9,Poland,Europe
pol,1856,35.9,Poland,Europe
pol,1857,35.9,Poland,Europe
pol,1858,35.9,Poland,Europe
pol,1859,35.9,Poland,Europe
pol,1860,35.9,Poland,Europe
pol,1861,35.9,Poland,Europe
pol,1862,35.9,Poland,Europe
pol,1863,35.9,Poland,Europe
pol,1864,35.9,Poland,Europe
pol,1865,35.9,Poland,Europe
pol,1866,35.9,Poland,Europe
pol,1867,35.9,Poland,Europe
pol,1868,35.9,Poland,Europe
pol,1869,35.9,Poland,Europe
pol,1870,35.9,Poland,Europe
pol,1871,35.9,Poland,Europe
pol,1872,35.9,Poland,Europe
pol,1873,35.9,Poland,Europe
pol,1874,35.9,Poland,Europe
pol,1875,35.9,Poland,Europe
pol,1876,35.9,Poland,Europe
pol,1877,35.9,Poland,Europe
pol,1878,35.9,Poland,Europe
pol,1879,35.9,Poland,Europe
pol,1880,35.9,Poland,Europe
pol,1881,35.9,Poland,Europe
pol,1882,35.89,Poland,Europe
pol,1883,35.89,Poland,Europe
pol,1884,35.89,Poland,Europe
pol,1885,35.89,Poland,Europe
pol,1886,36.19,Poland,Europe
pol,1887,36.5,Poland,Europe
pol,1888,36.8,Poland,Europe
pol,1889,37.1,Poland,Europe
pol,1890,37.4,Poland,Europe
pol,1891,37.7,Poland,Europe
pol,1892,38,Poland,Europe
pol,1893,38.31,Poland,Europe
pol,1894,38.61,Poland,Europe
pol,1895,38.91,Poland,Europe
pol,1896,39.21,Poland,Europe
pol,1897,39.51,Poland,Europe
pol,1898,39.81,Poland,Europe
pol,1899,40.12,Poland,Europe
pol,1900,40.42,Poland,Europe
pol,1901,40.72,Poland,Europe
pol,1902,41.02,Poland,Europe
pol,1903,41.32,Poland,Europe
pol,1904,41.62,Poland,Europe
pol,1905,41.92,Poland,Europe
pol,1906,42.23,Poland,Europe
pol,1907,42.53,Poland,Europe
pol,1908,42.83,Poland,Europe
pol,1909,43.13,Poland,Europe
pol,1910,43.43,Poland,Europe
pol,1911,43.73,Poland,Europe
pol,1912,44.04,Poland,Europe
pol,1913,44.34,Poland,Europe
pol,1914,44.64,Poland,Europe
pol,1915,44.94,Poland,Europe
pol,1916,45.24,Poland,Europe
pol,1917,45.54,Poland,Europe
pol,1918,38.61,Poland,Europe
pol,1919,46.15,Poland,Europe
pol,1920,46.45,Poland,Europe
pol,1921,46.75,Poland,Europe
pol,1922,47.05,Poland,Europe
pol,1923,47.35,Poland,Europe
pol,1924,47.65,Poland,Europe
pol,1925,47.95,Poland,Europe
pol,1926,48.26,Poland,Europe
pol,1927,48.56,Poland,Europe
pol,1928,48.86,Poland,Europe
pol,1929,49.16,Poland,Europe
pol,1930,49.46,Poland,Europe
pol,1931,49.76,Poland,Europe
pol,1932,50.25,Poland,Europe
pol,1933,50.73,Poland,Europe
pol,1934,51.22,Poland,Europe
pol,1935,51.7,Poland,Europe
pol,1936,52.19,Poland,Europe
pol,1937,52.67,Poland,Europe
pol,1938,53.16,Poland,Europe
pol,1939,44.96,Poland,Europe
pol,1940,44.66,Poland,Europe
pol,1941,41.06,Poland,Europe
pol,1942,33.37,Poland,Europe
pol,1943,23.58,Poland,Europe
pol,1944,15.39,Poland,Europe
pol,1945,34.27,Poland,Europe
pol,1946,46.95,Poland,Europe
pol,1947,53.95,Poland,Europe
pol,1948,56.94,Poland,Europe
pol,1949,57.94,Poland,Europe
pol,1950,58.99,Poland,Europe
pol,1951,57.9,Poland,Europe
pol,1952,60.15,Poland,Europe
pol,1953,62.21,Poland,Europe
pol,1954,62.67,Poland,Europe
pol,1955,63.42,Poland,Europe
pol,1956,64.94,Poland,Europe
pol,1957,64.19,Poland,Europe
pol,1958,65.77,Poland,Europe
pol,1959,65.77,Poland,Europe
pol,1960,67.9,Poland,Europe
pol,1961,68.1,Poland,Europe
pol,1962,67.94,Poland,Europe
pol,1963,68.6,Poland,Europe
pol,1964,69.06,Poland,Europe
pol,1965,69.66,Poland,Europe
pol,1966,69.98,Poland,Europe
pol,1967,69.83,Poland,Europe
pol,1968,70.31,Poland,Europe
pol,1969,69.93,Poland,Europe
pol,1970,70.17,Poland,Europe
pol,1971,70.14,Poland,Europe
pol,1972,71,Poland,Europe
pol,1973,71.12,Poland,Europe
pol,1974,71.58,Poland,Europe
pol,1975,71.14,Poland,Europe
pol,1976,71.08,Poland,Europe
pol,1977,70.86,Poland,Europe
pol,1978,70.89,Poland,Europe
pol,1979,71.12,Poland,Europe
pol,1980,70.54,Poland,Europe
pol,1981,71.4,Poland,Europe
pol,1982,71.49,Poland,Europe
pol,1983,71.31,Poland,Europe
pol,1984,71.01,Poland,Europe
pol,1985,70.8,Poland,Europe
pol,1986,71.05,Poland,Europe
pol,1987,71.1,Poland,Europe
pol,1988,71.44,Poland,Europe
pol,1989,71.2,Poland,Europe
pol,1990,71.08,Poland,Europe
pol,1991,70.75,Poland,Europe
pol,1992,71.19,Poland,Europe
pol,1993,71.83,Poland,Europe
pol,1994,71.84,Poland,Europe
pol,1995,72,Poland,Europe
pol,1996,72.48,Poland,Europe
pol,1997,72.74,Poland,Europe
pol,1998,73.11,Poland,Europe
pol,1999,73.18,Poland,Europe
pol,2000,73.9,Poland,Europe
pol,2001,74.3,Poland,Europe
pol,2002,74.65,Poland,Europe
pol,2003,74.92,Poland,Europe
pol,2004,75.01,Poland,Europe
pol,2005,75.19,Poland,Europe
pol,2006,75.31,Poland,Europe
pol,2007,75.4,Poland,Europe
pol,2008,75.64,Poland,Europe
pol,2009,75.94,Poland,Europe
pol,2010,76.48,Poland,Europe
pol,2011,76.76,Poland,Europe
pol,2012,76.87,Poland,Europe
pol,2013,77.18,Poland,Europe
pol,2014,77.64,Poland,Europe
pol,2015,77.62,Poland,Europe
pol,2016,77.87,Poland,Europe
pol,2017,77.98,Poland,Europe
pol,2018,78.02,Poland,Europe
pol,2019,78.1,Poland,Europe
pol,2020,76.7,Poland,Europe
pol,2021,78.43,Poland,Europe
pol,2022,78.58,Poland,Europe
pol,2023,78.74,Poland,Europe
pol,2024,78.89,Poland,Europe
pol,2025,79.05,Poland,Europe
pol,2026,79.21,Poland,Europe
pol,2027,79.37,Poland,Europe
pol,2028,79.53,Poland,Europe
pol,2029,79.7,Poland,Europe
pol,2030,79.86,Poland,Europe
pol,2031,80.02,Poland,Europe
pol,2032,80.18,Poland,Europe
pol,2033,80.34,Poland,Europe
pol,2034,80.5,Poland,Europe
pol,2035,80.66,Poland,Europe
pol,2036,80.81,Poland,Europe
pol,2037,80.97,Poland,Europe
pol,2038,81.12,Poland,Europe
pol,2039,81.27,Poland,Europe
pol,2040,81.42,Poland,Europe
pol,2041,81.56,Poland,Europe
pol,2042,81.7,Poland,Europe
pol,2043,81.84,Poland,Europe
pol,2044,81.97,Poland,Europe
pol,2045,82.11,Poland,Europe
pol,2046,82.24,Poland,Europe
pol,2047,82.37,Poland,Europe
pol,2048,82.49,Poland,Europe
pol,2049,82.62,Poland,Europe
pol,2050,82.74,Poland,Europe
pol,2051,82.87,Poland,Europe
pol,2052,82.99,Poland,Europe
pol,2053,83.11,Poland,Europe
pol,2054,83.23,Poland,Europe
pol,2055,83.35,Poland,Europe
pol,2056,83.47,Poland,Europe
pol,2057,83.58,Poland,Europe
pol,2058,83.7,Poland,Europe
pol,2059,83.82,Poland,Europe
pol,2060,83.93,Poland,Europe
pol,2061,84.05,Poland,Europe
pol,2062,84.16,Poland,Europe
pol,2063,84.28,Poland,Europe
pol,2064,84.39,Poland,Europe
pol,2065,84.51,Poland,Europe
pol,2066,84.62,Poland,Europe
pol,2067,84.73,Poland,Europe
pol,2068,84.84,Poland,Europe
pol,2069,84.96,Poland,Europe
pol,2070,85.07,Poland,Europe
pol,2071,85.18,Poland,Europe
pol,2072,85.29,Poland,Europe
pol,2073,85.4,Poland,Europe
pol,2074,85.51,Poland,Europe
pol,2075,85.62,Poland,Europe
pol,2076,85.73,Poland,Europe
pol,2077,85.84,Poland,Europe
pol,2078,85.95,Poland,Europe
pol,2079,86.06,Poland,Europe
pol,2080,86.17,Poland,Europe
pol,2081,86.28,Poland,Europe
pol,2082,86.39,Poland,Europe
pol,2083,86.49,Poland,Europe
pol,2084,86.6,Poland,Europe
pol,2085,86.71,Poland,Europe
pol,2086,86.82,Poland,Europe
pol,2087,86.92,Poland,Europe
pol,2088,87.03,Poland,Europe
pol,2089,87.14,Poland,Europe
pol,2090,87.24,Poland,Europe
pol,2091,87.35,Poland,Europe
pol,2092,87.46,Poland,Europe
pol,2093,87.56,Poland,Europe
pol,2094,87.67,Poland,Europe
pol,2095,87.78,Poland,Europe
pol,2096,87.88,Poland,Europe
pol,2097,87.99,Poland,Europe
pol,2098,88.1,Poland,Europe
pol,2099,88.21,Poland,Europe
pol,2100,88.31,Poland,Europe
prt,1800,35.6,Portugal,Europe
prt,1801,35.6,Portugal,Europe
prt,1802,35.6,Portugal,Europe
prt,1803,35.6,Portugal,Europe
prt,1804,35.6,Portugal,Europe
prt,1805,35.6,Portugal,Europe
prt,1806,35.6,Portugal,Europe
prt,1807,35.6,Portugal,Europe
prt,1808,35.6,Portugal,Europe
prt,1809,35.6,Portugal,Europe
prt,1810,35.6,Portugal,Europe
prt,1811,35.6,Portugal,Europe
prt,1812,35.6,Portugal,Europe
prt,1813,35.6,Portugal,Europe
prt,1814,35.6,Portugal,Europe
prt,1815,35.6,Portugal,Europe
prt,1816,35.6,Portugal,Europe
prt,1817,35.6,Portugal,Europe
prt,1818,35.6,Portugal,Europe
prt,1819,35.6,Portugal,Europe
prt,1820,35.6,Portugal,Europe
prt,1821,35.6,Portugal,Europe
prt,1822,35.6,Portugal,Europe
prt,1823,35.6,Portugal,Europe
prt,1824,35.6,Portugal,Europe
prt,1825,35.6,Portugal,Europe
prt,1826,35.6,Portugal,Europe
prt,1827,35.6,Portugal,Europe
prt,1828,35.6,Portugal,Europe
prt,1829,35.6,Portugal,Europe
prt,1830,35.6,Portugal,Europe
prt,1831,35.6,Portugal,Europe
prt,1832,35.6,Portugal,Europe
prt,1833,35.6,Portugal,Europe
prt,1834,35.6,Portugal,Europe
prt,1835,35.6,Portugal,Europe
prt,1836,35.6,Portugal,Europe
prt,1837,35.6,Portugal,Europe
prt,1838,35.6,Portugal,Europe
prt,1839,35.6,Portugal,Europe
prt,1840,35.6,Portugal,Europe
prt,1841,35.6,Portugal,Europe
prt,1842,35.6,Portugal,Europe
prt,1843,35.6,Portugal,Europe
prt,1844,35.6,Portugal,Europe
prt,1845,35.6,Portugal,Europe
prt,1846,35.6,Portugal,Europe
prt,1847,35.6,Portugal,Europe
prt,1848,35.6,Portugal,Europe
prt,1849,35.6,Portugal,Europe
prt,1850,35.6,Portugal,Europe
prt,1851,35.6,Portugal,Europe
prt,1852,35.6,Portugal,Europe
prt,1853,35.6,Portugal,Europe
prt,1854,35.6,Portugal,Europe
prt,1855,35.6,Portugal,Europe
prt,1856,35.6,Portugal,Europe
prt,1857,35.6,Portugal,Europe
prt,1858,35.6,Portugal,Europe
prt,1859,35.6,Portugal,Europe
prt,1860,35.6,Portugal,Europe
prt,1861,35.6,Portugal,Europe
prt,1862,35.6,Portugal,Europe
prt,1863,35.6,Portugal,Europe
prt,1864,35.6,Portugal,Europe
prt,1865,35.6,Portugal,Europe
prt,1866,35.6,Portugal,Europe
prt,1867,35.6,Portugal,Europe
prt,1868,35.6,Portugal,Europe
prt,1869,35.6,Portugal,Europe
prt,1870,35.6,Portugal,Europe
prt,1871,35.61,Portugal,Europe
prt,1872,35.61,Portugal,Europe
prt,1873,35.62,Portugal,Europe
prt,1874,35.62,Portugal,Europe
prt,1875,35.63,Portugal,Europe
prt,1876,35.63,Portugal,Europe
prt,1877,35.64,Portugal,Europe
prt,1878,35.65,Portugal,Europe
prt,1879,35.65,Portugal,Europe
prt,1880,35.66,Portugal,Europe
prt,1881,35.66,Portugal,Europe
prt,1882,35.67,Portugal,Europe
prt,1883,35.67,Portugal,Europe
prt,1884,35.68,Portugal,Europe
prt,1885,35.68,Portugal,Europe
prt,1886,35.69,Portugal,Europe
prt,1887,35.7,Portugal,Europe
prt,1888,35.7,Portugal,Europe
prt,1889,35.71,Portugal,Europe
prt,1890,35.71,Portugal,Europe
prt,1891,35.72,Portugal,Europe
prt,1892,35.72,Portugal,Europe
prt,1893,35.73,Portugal,Europe
prt,1894,35.74,Portugal,Europe
prt,1895,35.74,Portugal,Europe
prt,1896,35.75,Portugal,Europe
prt,1897,35.75,Portugal,Europe
prt,1898,35.76,Portugal,Europe
prt,1899,35.76,Portugal,Europe
prt,1900,35.77,Portugal,Europe
prt,1901,35.78,Portugal,Europe
prt,1902,35.78,Portugal,Europe
prt,1903,35.79,Portugal,Europe
prt,1904,35.79,Portugal,Europe
prt,1905,35.8,Portugal,Europe
prt,1906,35.8,Portugal,Europe
prt,1907,35.81,Portugal,Europe
prt,1908,35.82,Portugal,Europe
prt,1909,35.82,Portugal,Europe
prt,1910,35.83,Portugal,Europe
prt,1911,35.83,Portugal,Europe
prt,1912,35.84,Portugal,Europe
prt,1913,35.84,Portugal,Europe
prt,1914,35.85,Portugal,Europe
prt,1915,35.85,Portugal,Europe
prt,1916,35.86,Portugal,Europe
prt,1917,35.87,Portugal,Europe
prt,1918,20.54,Portugal,Europe
prt,1919,35.88,Portugal,Europe
prt,1920,35.88,Portugal,Europe
prt,1921,35.89,Portugal,Europe
prt,1922,35.89,Portugal,Europe
prt,1923,35.9,Portugal,Europe
prt,1924,35.91,Portugal,Europe
prt,1925,35.91,Portugal,Europe
prt,1926,36.98,Portugal,Europe
prt,1927,38.05,Portugal,Europe
prt,1928,39.12,Portugal,Europe
prt,1929,40.2,Portugal,Europe
prt,1930,41.27,Portugal,Europe
prt,1931,42.34,Portugal,Europe
prt,1932,43.41,Portugal,Europe
prt,1933,44.48,Portugal,Europe
prt,1934,45.56,Portugal,Europe
prt,1935,46.63,Portugal,Europe
prt,1936,47.7,Portugal,Europe
prt,1937,48.78,Portugal,Europe
prt,1938,49.85,Portugal,Europe
prt,1939,50.93,Portugal,Europe
prt,1940,52,Portugal,Europe
prt,1941,48.49,Portugal,Europe
prt,1942,50.44,Portugal,Europe
prt,1943,51.64,Portugal,Europe
prt,1944,53.04,Portugal,Europe
prt,1945,54.45,Portugal,Europe
prt,1946,54.34,Portugal,Europe
prt,1947,56.72,Portugal,Europe
prt,1948,57.46,Portugal,Europe
prt,1949,56.08,Portugal,Europe
prt,1950,59.27,Portugal,Europe
prt,1951,59.97,Portugal,Europe
prt,1952,60.32,Portugal,Europe
prt,1953,61.39,Portugal,Europe
prt,1954,62.62,Portugal,Europe
prt,1955,61.43,Portugal,Europe
prt,1956,61.71,Portugal,Europe
prt,1957,62.07,Portugal,Europe
prt,1958,63.75,Portugal,Europe
prt,1959,63.62,Portugal,Europe
prt,1960,64.73,Portugal,Europe
prt,1961,63.6,Portugal,Europe
prt,1962,64.53,Portugal,Europe
prt,1963,65.16,Portugal,Europe
prt,1964,65.28,Portugal,Europe
prt,1965,65.9,Portugal,Europe
prt,1966,65.84,Portugal,Europe
prt,1967,66.31,Portugal,Europe
prt,1968,66.65,Portugal,Europe
prt,1969,66.81,Portugal,Europe
prt,1970,67.39,Portugal,Europe
prt,1971,67.69,Portugal,Europe
prt,1972,69.09,Portugal,Europe
prt,1973,69.01,Portugal,Europe
prt,1974,69.22,Portugal,Europe
prt,1975,69.32,Portugal,Europe
prt,1976,69.82,Portugal,Europe
prt,1977,70.4,Portugal,Europe
prt,1978,71.06,Portugal,Europe
prt,1979,71.64,Portugal,Europe
prt,1980,71.75,Portugal,Europe
prt,1981,72.06,Portugal,Europe
prt,1982,72.61,Portugal,Europe
prt,1983,72.69,Portugal,Europe
prt,1984,73.02,Portugal,Europe
prt,1985,73.26,Portugal,Europe
prt,1986,73.6,Portugal,Europe
prt,1987,73.93,Portugal,Europe
prt,1988,74.07,Portugal,Europe
prt,1989,74.32,Portugal,Europe
prt,1990,74.28,Portugal,Europe
prt,1991,74.3,Portugal,Europe
prt,1992,74.66,Portugal,Europe
prt,1993,74.86,Portugal,Europe
prt,1994,75.41,Portugal,Europe
prt,1995,75.47,Portugal,Europe
prt,1996,75.57,Portugal,Europe
prt,1997,75.91,Portugal,Europe
prt,1998,76.18,Portugal,Europe
prt,1999,76.43,Portugal,Europe
prt,2000,76.84,Portugal,Europe
prt,2001,77.19,Portugal,Europe
prt,2002,77.48,Portugal,Europe
prt,2003,77.81,Portugal,Europe
prt,2004,78.4,Portugal,Europe
prt,2005,78.75,Portugal,Europe
prt,2006,79.21,Portugal,Europe
prt,2007,79.42,Portugal,Europe
prt,2008,79.69,Portugal,Europe
prt,2009,79.93,Portugal,Europe
prt,2010,80.24,Portugal,Europe
prt,2011,80.54,Portugal,Europe
prt,2012,80.79,Portugal,Europe
prt,2013,81.07,Portugal,Europe
prt,2014,81.35,Portugal,Europe
prt,2015,81.54,Portugal,Europe
prt,2016,81.57,Portugal,Europe
prt,2017,81.63,Portugal,Europe
prt,2018,81.69,Portugal,Europe
prt,2019,81.72,Portugal,Europe
prt,2020,80.92,Portugal,Europe
prt,2021,82.08,Portugal,Europe
prt,2022,82.24,Portugal,Europe
prt,2023,82.41,Portugal,Europe
prt,2024,82.56,Portugal,Europe
prt,2025,82.71,Portugal,Europe
prt,2026,82.86,Portugal,Europe
prt,2027,83,Portugal,Europe
prt,2028,83.14,Portugal,Europe
prt,2029,83.28,Portugal,Europe
prt,2030,83.41,Portugal,Europe
prt,2031,83.54,Portugal,Europe
prt,2032,83.67,Portugal,Europe
prt,2033,83.79,Portugal,Europe
prt,2034,83.92,Portugal,Europe
prt,2035,84.04,Portugal,Europe
prt,2036,84.17,Portugal,Europe
prt,2037,84.3,Portugal,Europe
prt,2038,84.42,Portugal,Europe
prt,2039,84.55,Portugal,Europe
prt,2040,84.67,Portugal,Europe
prt,2041,84.8,Portugal,Europe
prt,2042,84.92,Portugal,Europe
prt,2043,85.04,Portugal,Europe
prt,2044,85.16,Portugal,Europe
prt,2045,85.28,Portugal,Europe
prt,2046,85.4,Portugal,Europe
prt,2047,85.52,Portugal,Europe
prt,2048,85.63,Portugal,Europe
prt,2049,85.75,Portugal,Europe
prt,2050,85.87,Portugal,Europe
prt,2051,85.98,Portugal,Europe
prt,2052,86.1,Portugal,Europe
prt,2053,86.21,Portugal,Europe
prt,2054,86.33,Portugal,Europe
prt,2055,86.44,Portugal,Europe
prt,2056,86.56,Portugal,Europe
prt,2057,86.67,Portugal,Europe
prt,2058,86.79,Portugal,Europe
prt,2059,86.9,Portugal,Europe
prt,2060,87.02,Portugal,Europe
prt,2061,87.13,Portugal,Europe
prt,2062,87.24,Portugal,Europe
prt,2063,87.36,Portugal,Europe
prt,2064,87.47,Portugal,Europe
prt,2065,87.58,Portugal,Europe
prt,2066,87.69,Portugal,Europe
prt,2067,87.8,Portugal,Europe
prt,2068,87.91,Portugal,Europe
prt,2069,88.02,Portugal,Europe
prt,2070,88.14,Portugal,Europe
prt,2071,88.25,Portugal,Europe
prt,2072,88.36,Portugal,Europe
prt,2073,88.47,Portugal,Europe
prt,2074,88.58,Portugal,Europe
prt,2075,88.69,Portugal,Europe
prt,2076,88.8,Portugal,Europe
prt,2077,88.91,Portugal,Europe
prt,2078,89.02,Portugal,Europe
prt,2079,89.13,Portugal,Europe
prt,2080,89.25,Portugal,Europe
prt,2081,89.36,Portugal,Europe
prt,2082,89.47,Portugal,Europe
prt,2083,89.58,Portugal,Europe
prt,2084,89.69,Portugal,Europe
prt,2085,89.8,Portugal,Europe
prt,2086,89.91,Portugal,Europe
prt,2087,90.02,Portugal,Europe
prt,2088,90.13,Portugal,Europe
prt,2089,90.24,Portugal,Europe
prt,2090,90.35,Portugal,Europe
prt,2091,90.46,Portugal,Europe
prt,2092,90.58,Portugal,Europe
prt,2093,90.69,Portugal,Europe
prt,2094,90.8,Portugal,Europe
prt,2095,90.91,Portugal,Europe
prt,2096,91.03,Portugal,Europe
prt,2097,91.14,Portugal,Europe
prt,2098,91.26,Portugal,Europe
prt,2099,91.37,Portugal,Europe
prt,2100,91.49,Portugal,Europe
qat,1800,30.8,Qatar,Asia
qat,1801,30.8,Qatar,Asia
qat,1802,30.8,Qatar,Asia
qat,1803,30.8,Qatar,Asia
qat,1804,30.8,Qatar,Asia
qat,1805,30.8,Qatar,Asia
qat,1806,30.8,Qatar,Asia
qat,1807,30.8,Qatar,Asia
qat,1808,30.8,Qatar,Asia
qat,1809,30.8,Qatar,Asia
qat,1810,30.8,Qatar,Asia
qat,1811,30.8,Qatar,Asia
qat,1812,30.8,Qatar,Asia
qat,1813,30.8,Qatar,Asia
qat,1814,30.8,Qatar,Asia
qat,1815,30.8,Qatar,Asia
qat,1816,30.8,Qatar,Asia
qat,1817,30.8,Qatar,Asia
qat,1818,30.8,Qatar,Asia
qat,1819,30.8,Qatar,Asia
qat,1820,30.8,Qatar,Asia
qat,1821,30.8,Qatar,Asia
qat,1822,30.8,Qatar,Asia
qat,1823,30.8,Qatar,Asia
qat,1824,30.8,Qatar,Asia
qat,1825,30.8,Qatar,Asia
qat,1826,30.8,Qatar,Asia
qat,1827,30.8,Qatar,Asia
qat,1828,30.8,Qatar,Asia
qat,1829,30.8,Qatar,Asia
qat,1830,30.8,Qatar,Asia
qat,1831,30.8,Qatar,Asia
qat,1832,30.8,Qatar,Asia
qat,1833,30.8,Qatar,Asia
qat,1834,30.8,Qatar,Asia
qat,1835,30.8,Qatar,Asia
qat,1836,30.8,Qatar,Asia
qat,1837,30.8,Qatar,Asia
qat,1838,30.8,Qatar,Asia
qat,1839,30.8,Qatar,Asia
qat,1840,30.8,Qatar,Asia
qat,1841,30.8,Qatar,Asia
qat,1842,30.8,Qatar,Asia
qat,1843,30.8,Qatar,Asia
qat,1844,30.8,Qatar,Asia
qat,1845,30.8,Qatar,Asia
qat,1846,30.8,Qatar,Asia
qat,1847,30.8,Qatar,Asia
qat,1848,30.8,Qatar,Asia
qat,1849,30.8,Qatar,Asia
qat,1850,30.8,Qatar,Asia
qat,1851,30.8,Qatar,Asia
qat,1852,30.8,Qatar,Asia
qat,1853,30.8,Qatar,Asia
qat,1854,30.8,Qatar,Asia
qat,1855,30.8,Qatar,Asia
qat,1856,30.8,Qatar,Asia
qat,1857,30.8,Qatar,Asia
qat,1858,30.8,Qatar,Asia
qat,1859,30.8,Qatar,Asia
qat,1860,30.8,Qatar,Asia
qat,1861,30.8,Qatar,Asia
qat,1862,30.8,Qatar,Asia
qat,1863,30.8,Qatar,Asia
qat,1864,30.8,Qatar,Asia
qat,1865,30.8,Qatar,Asia
qat,1866,30.8,Qatar,Asia
qat,1867,30.8,Qatar,Asia
qat,1868,30.8,Qatar,Asia
qat,1869,30.8,Qatar,Asia
qat,1870,30.8,Qatar,Asia
qat,1871,30.88,Qatar,Asia
qat,1872,30.96,Qatar,Asia
qat,1873,31.03,Qatar,Asia
qat,1874,31.11,Qatar,Asia
qat,1875,31.19,Qatar,Asia
qat,1876,31.27,Qatar,Asia
qat,1877,31.35,Qatar,Asia
qat,1878,31.42,Qatar,Asia
qat,1879,31.5,Qatar,Asia
qat,1880,31.58,Qatar,Asia
qat,1881,31.66,Qatar,Asia
qat,1882,31.74,Qatar,Asia
qat,1883,31.81,Qatar,Asia
qat,1884,31.89,Qatar,Asia
qat,1885,31.97,Qatar,Asia
qat,1886,32.05,Qatar,Asia
qat,1887,32.13,Qatar,Asia
qat,1888,32.2,Qatar,Asia
qat,1889,32.28,Qatar,Asia
qat,1890,32.36,Qatar,Asia
qat,1891,32.44,Qatar,Asia
qat,1892,32.52,Qatar,Asia
qat,1893,32.59,Qatar,Asia
qat,1894,32.67,Qatar,Asia
qat,1895,32.75,Qatar,Asia
qat,1896,32.83,Qatar,Asia
qat,1897,32.91,Qatar,Asia
qat,1898,32.98,Qatar,Asia
qat,1899,33.06,Qatar,Asia
qat,1900,33.14,Qatar,Asia
qat,1901,33.22,Qatar,Asia
qat,1902,33.3,Qatar,Asia
qat,1903,33.37,Qatar,Asia
qat,1904,33.45,Qatar,Asia
qat,1905,33.53,Qatar,Asia
qat,1906,33.61,Qatar,Asia
qat,1907,33.69,Qatar,Asia
qat,1908,33.76,Qatar,Asia
qat,1909,33.84,Qatar,Asia
qat,1910,33.92,Qatar,Asia
qat,1911,34,Qatar,Asia
qat,1912,34.08,Qatar,Asia
qat,1913,34.15,Qatar,Asia
qat,1914,34.23,Qatar,Asia
qat,1915,34.31,Qatar,Asia
qat,1916,34.39,Qatar,Asia
qat,1917,34.47,Qatar,Asia
qat,1918,28.64,Qatar,Asia
qat,1919,34.62,Qatar,Asia
qat,1920,34.7,Qatar,Asia
qat,1921,34.78,Qatar,Asia
qat,1922,34.86,Qatar,Asia
qat,1923,34.93,Qatar,Asia
qat,1924,35.01,Qatar,Asia
qat,1925,35.09,Qatar,Asia
qat,1926,35.17,Qatar,Asia
qat,1927,35.25,Qatar,Asia
qat,1928,35.32,Qatar,Asia
qat,1929,35.4,Qatar,Asia
qat,1930,35.48,Qatar,Asia
qat,1931,35.56,Qatar,Asia
qat,1932,35.64,Qatar,Asia
qat,1933,35.71,Qatar,Asia
qat,1934,35.79,Qatar,Asia
qat,1935,35.87,Qatar,Asia
qat,1936,35.95,Qatar,Asia
qat,1937,36.03,Qatar,Asia
qat,1938,36.1,Qatar,Asia
qat,1939,36.18,Qatar,Asia
qat,1940,36.26,Qatar,Asia
qat,1941,39.03,Qatar,Asia
qat,1942,41.81,Qatar,Asia
qat,1943,44.6,Qatar,Asia
qat,1944,47.4,Qatar,Asia
qat,1945,50.22,Qatar,Asia
qat,1946,53.04,Qatar,Asia
qat,1947,55.88,Qatar,Asia
qat,1948,58.73,Qatar,Asia
qat,1949,61.59,Qatar,Asia
qat,1950,64.46,Qatar,Asia
qat,1951,64.48,Qatar,Asia
qat,1952,64.54,Qatar,Asia
qat,1953,64.62,Qatar,Asia
qat,1954,64.69,Qatar,Asia
qat,1955,64.78,Qatar,Asia
qat,1956,64.86,Qatar,Asia
qat,1957,64.96,Qatar,Asia
qat,1958,65.05,Qatar,Asia
qat,1959,65.15,Qatar,Asia
qat,1960,65.28,Qatar,Asia
qat,1961,65.41,Qatar,Asia
qat,1962,65.55,Qatar,Asia
qat,1963,65.69,Qatar,Asia
qat,1964,65.85,Qatar,Asia
qat,1965,66.02,Qatar,Asia
qat,1966,66.18,Qatar,Asia
qat,1967,66.34,Qatar,Asia
qat,1968,66.53,Qatar,Asia
qat,1969,66.75,Qatar,Asia
qat,1970,67.01,Qatar,Asia
qat,1971,67.24,Qatar,Asia
qat,1972,67.5,Qatar,Asia
qat,1973,67.74,Qatar,Asia
qat,1974,68.26,Qatar,Asia
qat,1975,68.7,Qatar,Asia
qat,1976,69.17,Qatar,Asia
qat,1977,69.57,Qatar,Asia
qat,1978,69.59,Qatar,Asia
qat,1979,69.64,Qatar,Asia
qat,1980,70.26,Qatar,Asia
qat,1981,70.44,Qatar,Asia
qat,1982,70.18,Qatar,Asia
qat,1983,70.81,Qatar,Asia
qat,1984,72.29,Qatar,Asia
qat,1985,72.12,Qatar,Asia
qat,1986,71.16,Qatar,Asia
qat,1987,70.79,Qatar,Asia
qat,1988,70.51,Qatar,Asia
qat,1989,70.26,Qatar,Asia
qat,1990,69.93,Qatar,Asia
qat,1991,69.79,Qatar,Asia
qat,1992,69.76,Qatar,Asia
qat,1993,69.87,Qatar,Asia
qat,1994,71.02,Qatar,Asia
qat,1995,71.8,Qatar,Asia
qat,1996,70.61,Qatar,Asia
qat,1997,70.14,Qatar,Asia
qat,1998,70.24,Qatar,Asia
qat,1999,70.61,Qatar,Asia
qat,2000,71.22,Qatar,Asia
qat,2001,71.51,Qatar,Asia
qat,2002,71.46,Qatar,Asia
qat,2003,71.72,Qatar,Asia
qat,2004,72.21,Qatar,Asia
qat,2005,72.29,Qatar,Asia
qat,2006,72.14,Qatar,Asia
qat,2007,72.2,Qatar,Asia
qat,2008,72.55,Qatar,Asia
qat,2009,72.84,Qatar,Asia
qat,2010,73.36,Qatar,Asia
qat,2011,73.88,Qatar,Asia
qat,2012,74.28,Qatar,Asia
qat,2013,74.66,Qatar,Asia
qat,2014,74.94,Qatar,Asia
qat,2015,75.46,Qatar,Asia
qat,2016,75.73,Qatar,Asia
qat,2017,75.94,Qatar,Asia
qat,2018,76.11,Qatar,Asia
qat,2019,76.28,Qatar,Asia
qat,2020,76.22,Qatar,Asia
qat,2021,76.55,Qatar,Asia
qat,2022,76.69,Qatar,Asia
qat,2023,76.83,Qatar,Asia
qat,2024,76.97,Qatar,Asia
qat,2025,77.11,Qatar,Asia
qat,2026,77.25,Qatar,Asia
qat,2027,77.39,Qatar,Asia
qat,2028,77.54,Qatar,Asia
qat,2029,77.68,Qatar,Asia
qat,2030,77.83,Qatar,Asia
qat,2031,77.98,Qatar,Asia
qat,2032,78.13,Qatar,Asia
qat,2033,78.28,Qatar,Asia
qat,2034,78.43,Qatar,Asia
qat,2035,78.58,Qatar,Asia
qat,2036,78.73,Qatar,Asia
qat,2037,78.87,Qatar,Asia
qat,2038,79.02,Qatar,Asia
qat,2039,79.16,Qatar,Asia
qat,2040,79.29,Qatar,Asia
qat,2041,79.43,Qatar,Asia
qat,2042,79.55,Qatar,Asia
qat,2043,79.68,Qatar,Asia
qat,2044,79.81,Qatar,Asia
qat,2045,79.93,Qatar,Asia
qat,2046,80.05,Qatar,Asia
qat,2047,80.17,Qatar,Asia
qat,2048,80.29,Qatar,Asia
qat,2049,80.41,Qatar,Asia
qat,2050,80.53,Qatar,Asia
qat,2051,80.65,Qatar,Asia
qat,2052,80.76,Qatar,Asia
qat,2053,80.88,Qatar,Asia
qat,2054,80.99,Qatar,Asia
qat,2055,81.1,Qatar,Asia
qat,2056,81.21,Qatar,Asia
qat,2057,81.31,Qatar,Asia
qat,2058,81.41,Qatar,Asia
qat,2059,81.52,Qatar,Asia
qat,2060,81.62,Qatar,Asia
qat,2061,81.72,Qatar,Asia
qat,2062,81.82,Qatar,Asia
qat,2063,81.92,Qatar,Asia
qat,2064,82.02,Qatar,Asia
qat,2065,82.12,Qatar,Asia
qat,2066,82.22,Qatar,Asia
qat,2067,82.31,Qatar,Asia
qat,2068,82.41,Qatar,Asia
qat,2069,82.51,Qatar,Asia
qat,2070,82.61,Qatar,Asia
qat,2071,82.71,Qatar,Asia
qat,2072,82.81,Qatar,Asia
qat,2073,82.91,Qatar,Asia
qat,2074,83.01,Qatar,Asia
qat,2075,83.12,Qatar,Asia
qat,2076,83.22,Qatar,Asia
qat,2077,83.32,Qatar,Asia
qat,2078,83.43,Qatar,Asia
qat,2079,83.53,Qatar,Asia
qat,2080,83.63,Qatar,Asia
qat,2081,83.73,Qatar,Asia
qat,2082,83.84,Qatar,Asia
qat,2083,83.94,Qatar,Asia
qat,2084,84.04,Qatar,Asia
qat,2085,84.14,Qatar,Asia
qat,2086,84.25,Qatar,Asia
qat,2087,84.35,Qatar,Asia
qat,2088,84.45,Qatar,Asia
qat,2089,84.55,Qatar,Asia
qat,2090,84.66,Qatar,Asia
qat,2091,84.76,Qatar,Asia
qat,2092,84.86,Qatar,Asia
qat,2093,84.97,Qatar,Asia
qat,2094,85.07,Qatar,Asia
qat,2095,85.18,Qatar,Asia
qat,2096,85.28,Qatar,Asia
qat,2097,85.39,Qatar,Asia
qat,2098,85.49,Qatar,Asia
qat,2099,85.6,Qatar,Asia
qat,2100,85.71,Qatar,Asia
rou,1800,35.7,Romania,Europe
rou,1801,35.7,Romania,Europe
rou,1802,35.7,Romania,Europe
rou,1803,35.7,Romania,Europe
rou,1804,35.7,Romania,Europe
rou,1805,35.7,Romania,Europe
rou,1806,35.7,Romania,Europe
rou,1807,35.7,Romania,Europe
rou,1808,35.7,Romania,Europe
rou,1809,35.7,Romania,Europe
rou,1810,35.7,Romania,Europe
rou,1811,35.7,Romania,Europe
rou,1812,35.7,Romania,Europe
rou,1813,35.7,Romania,Europe
rou,1814,35.7,Romania,Europe
rou,1815,35.7,Romania,Europe
rou,1816,35.7,Romania,Europe
rou,1817,35.7,Romania,Europe
rou,1818,35.7,Romania,Europe
rou,1819,35.7,Romania,Europe
rou,1820,35.7,Romania,Europe
rou,1821,35.7,Romania,Europe
rou,1822,35.7,Romania,Europe
rou,1823,35.7,Romania,Europe
rou,1824,35.7,Romania,Europe
rou,1825,35.7,Romania,Europe
rou,1826,35.7,Romania,Europe
rou,1827,35.7,Romania,Europe
rou,1828,35.7,Romania,Europe
rou,1829,35.7,Romania,Europe
rou,1830,35.7,Romania,Europe
rou,1831,35.7,Romania,Europe
rou,1832,35.7,Romania,Europe
rou,1833,35.7,Romania,Europe
rou,1834,35.7,Romania,Europe
rou,1835,35.7,Romania,Europe
rou,1836,35.7,Romania,Europe
rou,1837,35.7,Romania,Europe
rou,1838,35.7,Romania,Europe
rou,1839,35.7,Romania,Europe
rou,1840,35.7,Romania,Europe
rou,1841,35.7,Romania,Europe
rou,1842,35.7,Romania,Europe
rou,1843,35.7,Romania,Europe
rou,1844,35.7,Romania,Europe
rou,1845,35.7,Romania,Europe
rou,1846,35.7,Romania,Europe
rou,1847,35.7,Romania,Europe
rou,1848,35.7,Romania,Europe
rou,1849,35.7,Romania,Europe
rou,1850,35.7,Romania,Europe
rou,1851,35.7,Romania,Europe
rou,1852,35.7,Romania,Europe
rou,1853,35.7,Romania,Europe
rou,1854,35.7,Romania,Europe
rou,1855,35.7,Romania,Europe
rou,1856,35.7,Romania,Europe
rou,1857,35.7,Romania,Europe
rou,1858,35.7,Romania,Europe
rou,1859,35.7,Romania,Europe
rou,1860,35.7,Romania,Europe
rou,1861,35.7,Romania,Europe
rou,1862,35.7,Romania,Europe
rou,1863,35.7,Romania,Europe
rou,1864,35.7,Romania,Europe
rou,1865,35.7,Romania,Europe
rou,1866,35.7,Romania,Europe
rou,1867,35.7,Romania,Europe
rou,1868,35.7,Romania,Europe
rou,1869,35.7,Romania,Europe
rou,1870,35.7,Romania,Europe
rou,1871,35.7,Romania,Europe
rou,1872,35.69,Romania,Europe
rou,1873,35.69,Romania,Europe
rou,1874,35.68,Romania,Europe
rou,1875,35.68,Romania,Europe
rou,1876,35.67,Romania,Europe
rou,1877,35.67,Romania,Europe
rou,1878,35.67,Romania,Europe
rou,1879,35.66,Romania,Europe
rou,1880,35.66,Romania,Europe
rou,1881,35.65,Romania,Europe
rou,1882,35.65,Romania,Europe
rou,1883,35.65,Romania,Europe
rou,1884,35.64,Romania,Europe
rou,1885,35.64,Romania,Europe
rou,1886,35.63,Romania,Europe
rou,1887,35.63,Romania,Europe
rou,1888,35.62,Romania,Europe
rou,1889,35.62,Romania,Europe
rou,1890,35.62,Romania,Europe
rou,1891,35.61,Romania,Europe
rou,1892,35.61,Romania,Europe
rou,1893,35.6,Romania,Europe
rou,1894,35.6,Romania,Europe
rou,1895,35.6,Romania,Europe
rou,1896,35.59,Romania,Europe
rou,1897,35.59,Romania,Europe
rou,1898,35.58,Romania,Europe
rou,1899,35.58,Romania,Europe
rou,1900,35.57,Romania,Europe
rou,1901,35.57,Romania,Europe
rou,1902,35.57,Romania,Europe
rou,1903,35.56,Romania,Europe
rou,1904,35.56,Romania,Europe
rou,1905,35.55,Romania,Europe
rou,1906,35.55,Romania,Europe
rou,1907,35.55,Romania,Europe
rou,1908,35.54,Romania,Europe
rou,1909,35.54,Romania,Europe
rou,1910,35.53,Romania,Europe
rou,1911,35.53,Romania,Europe
rou,1912,35.52,Romania,Europe
rou,1913,35.52,Romania,Europe
rou,1914,35.52,Romania,Europe
rou,1915,35.51,Romania,Europe
rou,1916,35.51,Romania,Europe
rou,1917,35.5,Romania,Europe
rou,1918,26.3,Romania,Europe
rou,1919,35.5,Romania,Europe
rou,1920,35.49,Romania,Europe
rou,1921,36.01,Romania,Europe
rou,1922,36.53,Romania,Europe
rou,1923,37.05,Romania,Europe
rou,1924,37.57,Romania,Europe
rou,1925,38.08,Romania,Europe
rou,1926,38.6,Romania,Europe
rou,1927,39.12,Romania,Europe
rou,1928,39.64,Romania,Europe
rou,1929,40.15,Romania,Europe
rou,1930,40.67,Romania,Europe
rou,1931,41.19,Romania,Europe
rou,1932,41.71,Romania,Europe
rou,1933,42.75,Romania,Europe
rou,1934,43.8,Romania,Europe
rou,1935,44.85,Romania,Europe
rou,1936,45.9,Romania,Europe
rou,1937,46.95,Romania,Europe
rou,1938,47.99,Romania,Europe
rou,1939,49.04,Romania,Europe
rou,1940,50.09,Romania,Europe
rou,1941,45.02,Romania,Europe
rou,1942,44.32,Romania,Europe
rou,1943,42.04,Romania,Europe
rou,1944,40.84,Romania,Europe
rou,1945,45,Romania,Europe
rou,1946,53.52,Romania,Europe
rou,1947,57.41,Romania,Europe
rou,1948,58.45,Romania,Europe
rou,1949,59.5,Romania,Europe
rou,1950,60.54,Romania,Europe
rou,1951,61.33,Romania,Europe
rou,1952,61.78,Romania,Europe
rou,1953,62.35,Romania,Europe
rou,1954,62.97,Romania,Europe
rou,1955,63.45,Romania,Europe
rou,1956,63.61,Romania,Europe
rou,1957,63.25,Romania,Europe
rou,1958,65.87,Romania,Europe
rou,1959,63.99,Romania,Europe
rou,1960,65.75,Romania,Europe
rou,1961,66.29,Romania,Europe
rou,1962,66.73,Romania,Europe
rou,1963,68.04,Romania,Europe
rou,1964,68.68,Romania,Europe
rou,1965,68.86,Romania,Europe
rou,1966,69.62,Romania,Europe
rou,1967,68.43,Romania,Europe
rou,1968,67.81,Romania,Europe
rou,1969,67.63,Romania,Europe
rou,1970,68.29,Romania,Europe
rou,1971,68.96,Romania,Europe
rou,1972,69.33,Romania,Europe
rou,1973,69.33,Romania,Europe
rou,1974,69.91,Romania,Europe
rou,1975,69.92,Romania,Europe
rou,1976,70.3,Romania,Europe
rou,1977,69.7,Romania,Europe
rou,1978,70.02,Romania,Europe
rou,1979,69.68,Romania,Europe
rou,1980,69.6,Romania,Europe
rou,1981,69.73,Romania,Europe
rou,1982,70.03,Romania,Europe
rou,1983,70.07,Romania,Europe
rou,1984,70.04,Romania,Europe
rou,1985,69.67,Romania,Europe
rou,1986,69.85,Romania,Europe
rou,1987,69.24,Romania,Europe
rou,1988,69.58,Romania,Europe
rou,1989,69.72,Romania,Europe
rou,1990,69.83,Romania,Europe
rou,1991,70.26,Romania,Europe
rou,1992,69.81,Romania,Europe
rou,1993,69.68,Romania,Europe
rou,1994,69.51,Romania,Europe
rou,1995,69.38,Romania,Europe
rou,1996,68.97,Romania,Europe
rou,1997,69.09,Romania,Europe
rou,1998,69.85,Romania,Europe
rou,1999,70.74,Romania,Europe
rou,2000,71.23,Romania,Europe
rou,2001,71.18,Romania,Europe
rou,2002,71.23,Romania,Europe
rou,2003,71.51,Romania,Europe
rou,2004,72.02,Romania,Europe
rou,2005,72.36,Romania,Europe
rou,2006,72.85,Romania,Europe
rou,2007,73.37,Romania,Europe
rou,2008,73.42,Romania,Europe
rou,2009,73.53,Romania,Europe
rou,2010,73.78,Romania,Europe
rou,2011,74.6,Romania,Europe
rou,2012,74.68,Romania,Europe
rou,2013,75.28,Romania,Europe
rou,2014,75.03,Romania,Europe
rou,2015,75.25,Romania,Europe
rou,2016,75.34,Romania,Europe
rou,2017,75.38,Romania,Europe
rou,2018,75.46,Romania,Europe
rou,2019,75.52,Romania,Europe
rou,2020,74.12,Romania,Europe
rou,2021,75.78,Romania,Europe
rou,2022,75.91,Romania,Europe
rou,2023,76.04,Romania,Europe
rou,2024,76.18,Romania,Europe
rou,2025,76.31,Romania,Europe
rou,2026,76.45,Romania,Europe
rou,2027,76.59,Romania,Europe
rou,2028,76.72,Romania,Europe
rou,2029,76.86,Romania,Europe
rou,2030,77,Romania,Europe
rou,2031,77.14,Romania,Europe
rou,2032,77.28,Romania,Europe
rou,2033,77.42,Romania,Europe
rou,2034,77.55,Romania,Europe
rou,2035,77.69,Romania,Europe
rou,2036,77.83,Romania,Europe
rou,2037,77.97,Romania,Europe
rou,2038,78.11,Romania,Europe
rou,2039,78.25,Romania,Europe
rou,2040,78.39,Romania,Europe
rou,2041,78.53,Romania,Europe
rou,2042,78.67,Romania,Europe
rou,2043,78.82,Romania,Europe
rou,2044,78.96,Romania,Europe
rou,2045,79.1,Romania,Europe
rou,2046,79.25,Romania,Europe
rou,2047,79.39,Romania,Europe
rou,2048,79.53,Romania,Europe
rou,2049,79.68,Romania,Europe
rou,2050,79.82,Romania,Europe
rou,2051,79.97,Romania,Europe
rou,2052,80.11,Romania,Europe
rou,2053,80.26,Romania,Europe
rou,2054,80.4,Romania,Europe
rou,2055,80.54,Romania,Europe
rou,2056,80.69,Romania,Europe
rou,2057,80.83,Romania,Europe
rou,2058,80.98,Romania,Europe
rou,2059,81.12,Romania,Europe
rou,2060,81.26,Romania,Europe
rou,2061,81.4,Romania,Europe
rou,2062,81.54,Romania,Europe
rou,2063,81.68,Romania,Europe
rou,2064,81.82,Romania,Europe
rou,2065,81.95,Romania,Europe
rou,2066,82.09,Romania,Europe
rou,2067,82.22,Romania,Europe
rou,2068,82.35,Romania,Europe
rou,2069,82.48,Romania,Europe
rou,2070,82.61,Romania,Europe
rou,2071,82.73,Romania,Europe
rou,2072,82.86,Romania,Europe
rou,2073,82.98,Romania,Europe
rou,2074,83.1,Romania,Europe
rou,2075,83.23,Romania,Europe
rou,2076,83.35,Romania,Europe
rou,2077,83.46,Romania,Europe
rou,2078,83.58,Romania,Europe
rou,2079,83.69,Romania,Europe
rou,2080,83.81,Romania,Europe
rou,2081,83.92,Romania,Europe
rou,2082,84.03,Romania,Europe
rou,2083,84.14,Romania,Europe
rou,2084,84.26,Romania,Europe
rou,2085,84.37,Romania,Europe
rou,2086,84.48,Romania,Europe
rou,2087,84.59,Romania,Europe
rou,2088,84.7,Romania,Europe
rou,2089,84.81,Romania,Europe
rou,2090,84.92,Romania,Europe
rou,2091,85.02,Romania,Europe
rou,2092,85.13,Romania,Europe
rou,2093,85.24,Romania,Europe
rou,2094,85.34,Romania,Europe
rou,2095,85.45,Romania,Europe
rou,2096,85.55,Romania,Europe
rou,2097,85.65,Romania,Europe
rou,2098,85.75,Romania,Europe
rou,2099,85.85,Romania,Europe
rou,2100,85.95,Romania,Europe
rus,1800,29.57,Russia,Europe
rus,1801,29.57,Russia,Europe
rus,1802,29.57,Russia,Europe
rus,1803,29.57,Russia,Europe
rus,1804,29.57,Russia,Europe
rus,1805,29.57,Russia,Europe
rus,1806,29.57,Russia,Europe
rus,1807,29.57,Russia,Europe
rus,1808,29.57,Russia,Europe
rus,1809,29.57,Russia,Europe
rus,1810,29.57,Russia,Europe
rus,1811,29.57,Russia,Europe
rus,1812,29.57,Russia,Europe
rus,1813,29.57,Russia,Europe
rus,1814,29.57,Russia,Europe
rus,1815,29.57,Russia,Europe
rus,1816,29.57,Russia,Europe
rus,1817,29.57,Russia,Europe
rus,1818,29.57,Russia,Europe
rus,1819,29.57,Russia,Europe
rus,1820,29.57,Russia,Europe
rus,1821,29.57,Russia,Europe
rus,1822,29.57,Russia,Europe
rus,1823,29.57,Russia,Europe
rus,1824,29.57,Russia,Europe
rus,1825,29.57,Russia,Europe
rus,1826,29.57,Russia,Europe
rus,1827,29.57,Russia,Europe
rus,1828,29.57,Russia,Europe
rus,1829,29.57,Russia,Europe
rus,1830,29.57,Russia,Europe
rus,1831,29.57,Russia,Europe
rus,1832,29.57,Russia,Europe
rus,1833,29.57,Russia,Europe
rus,1834,29.57,Russia,Europe
rus,1835,29.57,Russia,Europe
rus,1836,29.57,Russia,Europe
rus,1837,29.57,Russia,Europe
rus,1838,29.57,Russia,Europe
rus,1839,29.57,Russia,Europe
rus,1840,29.57,Russia,Europe
rus,1841,29.57,Russia,Europe
rus,1842,29.57,Russia,Europe
rus,1843,29.57,Russia,Europe
rus,1844,29.57,Russia,Europe
rus,1845,29.57,Russia,Europe
rus,1846,29.57,Russia,Europe
rus,1847,29.57,Russia,Europe
rus,1848,18,Russia,Europe
rus,1849,29.57,Russia,Europe
rus,1850,29.57,Russia,Europe
rus,1851,29.57,Russia,Europe
rus,1852,29.57,Russia,Europe
rus,1853,29.5,Russia,Europe
rus,1854,27.5,Russia,Europe
rus,1855,27.5,Russia,Europe
rus,1856,29,Russia,Europe
rus,1857,29.57,Russia,Europe
rus,1858,29.57,Russia,Europe
rus,1859,29.57,Russia,Europe
rus,1860,29.57,Russia,Europe
rus,1861,29.57,Russia,Europe
rus,1862,29.57,Russia,Europe
rus,1863,29.57,Russia,Europe
rus,1864,29.57,Russia,Europe
rus,1865,29.57,Russia,Europe
rus,1866,29.57,Russia,Europe
rus,1867,29.57,Russia,Europe
rus,1868,27.85,Russia,Europe
rus,1869,27.93,Russia,Europe
rus,1870,31.12,Russia,Europe
rus,1871,28.1,Russia,Europe
rus,1872,25.92,Russia,Europe
rus,1873,29.48,Russia,Europe
rus,1874,30.47,Russia,Europe
rus,1875,31.12,Russia,Europe
rus,1876,30.93,Russia,Europe
rus,1877,31.31,Russia,Europe
rus,1878,27.77,Russia,Europe
rus,1879,30.84,Russia,Europe
rus,1880,30.2,Russia,Europe
rus,1881,32.16,Russia,Europe
rus,1882,26.71,Russia,Europe
rus,1883,29.05,Russia,Europe
rus,1884,32.75,Russia,Europe
rus,1885,30.84,Russia,Europe
rus,1886,34.26,Russia,Europe
rus,1887,33.24,Russia,Europe
rus,1888,33.14,Russia,Europe
rus,1889,31.03,Russia,Europe
rus,1890,29.93,Russia,Europe
rus,1891,26.39,Russia,Europe
rus,1892,21.26,Russia,Europe
rus,1893,27.6,Russia,Europe
rus,1894,28.1,Russia,Europe
rus,1895,26.95,Russia,Europe
rus,1896,28.27,Russia,Europe
rus,1897,30.47,Russia,Europe
rus,1898,27.93,Russia,Europe
rus,1899,31.59,Russia,Europe
rus,1900,30.75,Russia,Europe
rus,1901,29.05,Russia,Europe
rus,1902,29.84,Russia,Europe
rus,1903,31.78,Russia,Europe
rus,1904,32.16,Russia,Europe
rus,1905,30.47,Russia,Europe
rus,1906,31.97,Russia,Europe
rus,1907,33.65,Russia,Europe
rus,1908,33.65,Russia,Europe
rus,1909,32.36,Russia,Europe
rus,1910,31.4,Russia,Europe
rus,1911,35.09,Russia,Europe
rus,1912,35.51,Russia,Europe
rus,1913,33.34,Russia,Europe
rus,1914,33,Russia,Europe
rus,1915,31.5,Russia,Europe
rus,1916,31.5,Russia,Europe
rus,1917,29,Russia,Europe
rus,1918,23,Russia,Europe
rus,1919,25,Russia,Europe
rus,1920,20.5,Russia,Europe
rus,1921,23.8,Russia,Europe
rus,1922,24.7,Russia,Europe
rus,1923,33.6,Russia,Europe
rus,1924,36.1,Russia,Europe
rus,1925,35.2,Russia,Europe
rus,1926,38.4,Russia,Europe
rus,1927,37.5,Russia,Europe
rus,1928,38.9,Russia,Europe
rus,1929,37.4,Russia,Europe
rus,1930,36.5,Russia,Europe
rus,1931,35,Russia,Europe
rus,1932,32.8,Russia,Europe
rus,1933,17.35,Russia,Europe
rus,1934,38.2,Russia,Europe
rus,1935,39.6,Russia,Europe
rus,1936,41.1,Russia,Europe
rus,1937,39.9,Russia,Europe
rus,1938,41.4,Russia,Europe
rus,1939,43.6,Russia,Europe
rus,1940,41.2,Russia,Europe
rus,1941,23,Russia,Europe
rus,1942,18,Russia,Europe
rus,1943,16,Russia,Europe
rus,1944,27,Russia,Europe
rus,1945,34,Russia,Europe
rus,1946,46.1,Russia,Europe
rus,1947,40.4,Russia,Europe
rus,1948,52.2,Russia,Europe
rus,1949,55,Russia,Europe
rus,1950,57.3,Russia,Europe
rus,1951,60.04,Russia,Europe
rus,1952,62.55,Russia,Europe
rus,1953,65.13,Russia,Europe
rus,1954,67.36,Russia,Europe
rus,1955,67.66,Russia,Europe
rus,1956,67.89,Russia,Europe
rus,1957,68.05,Russia,Europe
rus,1958,68.22,Russia,Europe
rus,1959,68.13,Russia,Europe
rus,1960,69.05,Russia,Europe
rus,1961,69.26,Russia,Europe
rus,1962,69.1,Russia,Europe
rus,1963,69.39,Russia,Europe
rus,1964,70.15,Russia,Europe
rus,1965,69.97,Russia,Europe
rus,1966,69.92,Russia,Europe
rus,1967,69.7,Russia,Europe
rus,1968,69.47,Russia,Europe
rus,1969,69.07,Russia,Europe
rus,1970,69.15,Russia,Europe
rus,1971,69.3,Russia,Europe
rus,1972,69.26,Russia,Europe
rus,1973,69.21,Russia,Europe
rus,1974,69.15,Russia,Europe
rus,1975,68.6,Russia,Europe
rus,1976,68.27,Russia,Europe
rus,1977,68.09,Russia,Europe
rus,1978,68.09,Russia,Europe
rus,1979,67.83,Russia,Europe
rus,1980,67.71,Russia,Europe
rus,1981,67.96,Russia,Europe
rus,1982,68.49,Russia,Europe
rus,1983,68.3,Russia,Europe
rus,1984,67.81,Russia,Europe
rus,1985,68.54,Russia,Europe
rus,1986,70.22,Russia,Europe
rus,1987,70.2,Russia,Europe
rus,1988,70.11,Russia,Europe
rus,1989,69.8,Russia,Europe
rus,1990,69.52,Russia,Europe
rus,1991,69.28,Russia,Europe
rus,1992,68.12,Russia,Europe
rus,1993,65.5,Russia,Europe
rus,1994,64.16,Russia,Europe
rus,1995,64.84,Russia,Europe
rus,1996,66.07,Russia,Europe
rus,1997,67.18,Russia,Europe
rus,1998,67.47,Russia,Europe
rus,1999,66.22,Russia,Europe
rus,2000,65.63,Russia,Europe
rus,2001,65.55,Russia,Europe
rus,2002,65.37,Russia,Europe
rus,2003,65.17,Russia,Europe
rus,2004,65.54,Russia,Europe
rus,2005,65.05,Russia,Europe
rus,2006,66.47,Russia,Europe
rus,2007,67.46,Russia,Europe
rus,2008,67.72,Russia,Europe
rus,2009,68.67,Russia,Europe
rus,2010,68.82,Russia,Europe
rus,2011,69.99,Russia,Europe
rus,2012,70.45,Russia,Europe
rus,2013,70.93,Russia,Europe
rus,2014,70.98,Russia,Europe
rus,2015,71.53,Russia,Europe
rus,2016,72.02,Russia,Europe
rus,2017,72.94,Russia,Europe
rus,2018,72.98,Russia,Europe
rus,2019,72.97,Russia,Europe
rus,2020,71.17,Russia,Europe
rus,2021,73.26,Russia,Europe
rus,2022,73.37,Russia,Europe
rus,2023,73.49,Russia,Europe
rus,2024,73.6,Russia,Europe
rus,2025,73.73,Russia,Europe
rus,2026,73.87,Russia,Europe
rus,2027,74.01,Russia,Europe
rus,2028,74.15,Russia,Europe
rus,2029,74.29,Russia,Europe
rus,2030,74.44,Russia,Europe
rus,2031,74.58,Russia,Europe
rus,2032,74.72,Russia,Europe
rus,2033,74.87,Russia,Europe
rus,2034,75.01,Russia,Europe
rus,2035,75.16,Russia,Europe
rus,2036,75.3,Russia,Europe
rus,2037,75.45,Russia,Europe
rus,2038,75.59,Russia,Europe
rus,2039,75.74,Russia,Europe
rus,2040,75.89,Russia,Europe
rus,2041,76.03,Russia,Europe
rus,2042,76.18,Russia,Europe
rus,2043,76.32,Russia,Europe
rus,2044,76.47,Russia,Europe
rus,2045,76.62,Russia,Europe
rus,2046,76.76,Russia,Europe
rus,2047,76.91,Russia,Europe
rus,2048,77.06,Russia,Europe
rus,2049,77.21,Russia,Europe
rus,2050,77.35,Russia,Europe
rus,2051,77.5,Russia,Europe
rus,2052,77.65,Russia,Europe
rus,2053,77.8,Russia,Europe
rus,2054,77.95,Russia,Europe
rus,2055,78.1,Russia,Europe
rus,2056,78.25,Russia,Europe
rus,2057,78.4,Russia,Europe
rus,2058,78.55,Russia,Europe
rus,2059,78.7,Russia,Europe
rus,2060,78.85,Russia,Europe
rus,2061,78.99,Russia,Europe
rus,2062,79.14,Russia,Europe
rus,2063,79.29,Russia,Europe
rus,2064,79.44,Russia,Europe
rus,2065,79.59,Russia,Europe
rus,2066,79.74,Russia,Europe
rus,2067,79.89,Russia,Europe
rus,2068,80.04,Russia,Europe
rus,2069,80.19,Russia,Europe
rus,2070,80.34,Russia,Europe
rus,2071,80.49,Russia,Europe
rus,2072,80.64,Russia,Europe
rus,2073,80.78,Russia,Europe
rus,2074,80.93,Russia,Europe
rus,2075,81.07,Russia,Europe
rus,2076,81.22,Russia,Europe
rus,2077,81.36,Russia,Europe
rus,2078,81.5,Russia,Europe
rus,2079,81.64,Russia,Europe
rus,2080,81.77,Russia,Europe
rus,2081,81.91,Russia,Europe
rus,2082,82.04,Russia,Europe
rus,2083,82.17,Russia,Europe
rus,2084,82.3,Russia,Europe
rus,2085,82.43,Russia,Europe
rus,2086,82.56,Russia,Europe
rus,2087,82.68,Russia,Europe
rus,2088,82.81,Russia,Europe
rus,2089,82.93,Russia,Europe
rus,2090,83.06,Russia,Europe
rus,2091,83.18,Russia,Europe
rus,2092,83.3,Russia,Europe
rus,2093,83.42,Russia,Europe
rus,2094,83.54,Russia,Europe
rus,2095,83.66,Russia,Europe
rus,2096,83.77,Russia,Europe
rus,2097,83.89,Russia,Europe
rus,2098,84.01,Russia,Europe
rus,2099,84.12,Russia,Europe
rus,2100,84.24,Russia,Europe
rwa,1800,31.8,Rwanda,Africa
rwa,1801,25,Rwanda,Africa
rwa,1802,25,Rwanda,Africa
rwa,1803,31.8,Rwanda,Africa
rwa,1804,31.8,Rwanda,Africa
rwa,1805,31.8,Rwanda,Africa
rwa,1806,31.8,Rwanda,Africa
rwa,1807,31.8,Rwanda,Africa
rwa,1808,31.8,Rwanda,Africa
rwa,1809,31.8,Rwanda,Africa
rwa,1810,31.8,Rwanda,Africa
rwa,1811,31.8,Rwanda,Africa
rwa,1812,31.8,Rwanda,Africa
rwa,1813,31.8,Rwanda,Africa
rwa,1814,31.8,Rwanda,Africa
rwa,1815,31.8,Rwanda,Africa
rwa,1816,31.8,Rwanda,Africa
rwa,1817,31.8,Rwanda,Africa
rwa,1818,31.8,Rwanda,Africa
rwa,1819,31.8,Rwanda,Africa
rwa,1820,31.8,Rwanda,Africa
rwa,1821,31.8,Rwanda,Africa
rwa,1822,31.8,Rwanda,Africa
rwa,1823,31.8,Rwanda,Africa
rwa,1824,31.8,Rwanda,Africa
rwa,1825,31.8,Rwanda,Africa
rwa,1826,31.8,Rwanda,Africa
rwa,1827,31.8,Rwanda,Africa
rwa,1828,31.8,Rwanda,Africa
rwa,1829,31.8,Rwanda,Africa
rwa,1830,31.8,Rwanda,Africa
rwa,1831,31.8,Rwanda,Africa
rwa,1832,31.8,Rwanda,Africa
rwa,1833,31.8,Rwanda,Africa
rwa,1834,31.8,Rwanda,Africa
rwa,1835,31.8,Rwanda,Africa
rwa,1836,31.8,Rwanda,Africa
rwa,1837,31.8,Rwanda,Africa
rwa,1838,31.8,Rwanda,Africa
rwa,1839,31.8,Rwanda,Africa
rwa,1840,31.8,Rwanda,Africa
rwa,1841,31.8,Rwanda,Africa
rwa,1842,31.8,Rwanda,Africa
rwa,1843,31.8,Rwanda,Africa
rwa,1844,31.8,Rwanda,Africa
rwa,1845,31.8,Rwanda,Africa
rwa,1846,31.8,Rwanda,Africa
rwa,1847,31.8,Rwanda,Africa
rwa,1848,31.8,Rwanda,Africa
rwa,1849,31.8,Rwanda,Africa
rwa,1850,31.8,Rwanda,Africa
rwa,1851,31.8,Rwanda,Africa
rwa,1852,31.8,Rwanda,Africa
rwa,1853,31.8,Rwanda,Africa
rwa,1854,31.8,Rwanda,Africa
rwa,1855,31.8,Rwanda,Africa
rwa,1856,31.8,Rwanda,Africa
rwa,1857,31.8,Rwanda,Africa
rwa,1858,31.8,Rwanda,Africa
rwa,1859,31.8,Rwanda,Africa
rwa,1860,31.8,Rwanda,Africa
rwa,1861,31.8,Rwanda,Africa
rwa,1862,31.8,Rwanda,Africa
rwa,1863,31.8,Rwanda,Africa
rwa,1864,31.8,Rwanda,Africa
rwa,1865,31.8,Rwanda,Africa
rwa,1866,31.8,Rwanda,Africa
rwa,1867,31.8,Rwanda,Africa
rwa,1868,31.8,Rwanda,Africa
rwa,1869,31.8,Rwanda,Africa
rwa,1870,31.8,Rwanda,Africa
rwa,1871,31.77,Rwanda,Africa
rwa,1872,31.74,Rwanda,Africa
rwa,1873,31.71,Rwanda,Africa
rwa,1874,31.68,Rwanda,Africa
rwa,1875,31.65,Rwanda,Africa
rwa,1876,31.63,Rwanda,Africa
rwa,1877,31.6,Rwanda,Africa
rwa,1878,31.57,Rwanda,Africa
rwa,1879,31.54,Rwanda,Africa
rwa,1880,31.51,Rwanda,Africa
rwa,1881,31.48,Rwanda,Africa
rwa,1882,31.45,Rwanda,Africa
rwa,1883,31.42,Rwanda,Africa
rwa,1884,31.39,Rwanda,Africa
rwa,1885,31.36,Rwanda,Africa
rwa,1886,31.33,Rwanda,Africa
rwa,1887,31.3,Rwanda,Africa
rwa,1888,31.28,Rwanda,Africa
rwa,1889,31.25,Rwanda,Africa
rwa,1890,31.22,Rwanda,Africa
rwa,1891,31.19,Rwanda,Africa
rwa,1892,31.16,Rwanda,Africa
rwa,1893,31.13,Rwanda,Africa
rwa,1894,31.1,Rwanda,Africa
rwa,1895,31.07,Rwanda,Africa
rwa,1896,31.04,Rwanda,Africa
rwa,1897,27.31,Rwanda,Africa
rwa,1898,26.31,Rwanda,Africa
rwa,1899,25.31,Rwanda,Africa
rwa,1900,24.31,Rwanda,Africa
rwa,1901,23.32,Rwanda,Africa
rwa,1902,22.33,Rwanda,Africa
rwa,1903,21.33,Rwanda,Africa
rwa,1904,30.81,Rwanda,Africa
rwa,1905,30.78,Rwanda,Africa
rwa,1906,25.14,Rwanda,Africa
rwa,1907,24.15,Rwanda,Africa
rwa,1908,23.16,Rwanda,Africa
rwa,1909,30.66,Rwanda,Africa
rwa,1910,30.63,Rwanda,Africa
rwa,1911,30.61,Rwanda,Africa
rwa,1912,30.58,Rwanda,Africa
rwa,1913,30.55,Rwanda,Africa
rwa,1914,30.52,Rwanda,Africa
rwa,1915,30.49,Rwanda,Africa
rwa,1916,24.9,Rwanda,Africa
rwa,1917,22.97,Rwanda,Africa
rwa,1918,11.76,Rwanda,Africa
rwa,1919,30.37,Rwanda,Africa
rwa,1920,30.34,Rwanda,Africa
rwa,1921,30.31,Rwanda,Africa
rwa,1922,30.28,Rwanda,Africa
rwa,1923,30.26,Rwanda,Africa
rwa,1924,24.71,Rwanda,Africa
rwa,1925,23.74,Rwanda,Africa
rwa,1926,22.77,Rwanda,Africa
rwa,1927,30.14,Rwanda,Africa
rwa,1928,24.62,Rwanda,Africa
rwa,1929,22.7,Rwanda,Africa
rwa,1930,30.05,Rwanda,Africa
rwa,1931,30.02,Rwanda,Africa
rwa,1932,30.38,Rwanda,Africa
rwa,1933,30.75,Rwanda,Africa
rwa,1934,31.11,Rwanda,Africa
rwa,1935,31.47,Rwanda,Africa
rwa,1936,31.83,Rwanda,Africa
rwa,1937,32.18,Rwanda,Africa
rwa,1938,32.54,Rwanda,Africa
rwa,1939,32.9,Rwanda,Africa
rwa,1940,33.26,Rwanda,Africa
rwa,1941,33.61,Rwanda,Africa
rwa,1942,33.97,Rwanda,Africa
rwa,1943,31.73,Rwanda,Africa
rwa,1944,18.14,Rwanda,Africa
rwa,1945,34.93,Rwanda,Africa
rwa,1946,35.25,Rwanda,Africa
rwa,1947,35.57,Rwanda,Africa
rwa,1948,35.88,Rwanda,Africa
rwa,1949,36.2,Rwanda,Africa
rwa,1950,36.52,Rwanda,Africa
rwa,1951,36.61,Rwanda,Africa
rwa,1952,35.53,Rwanda,Africa
rwa,1953,37.45,Rwanda,Africa
rwa,1954,38.43,Rwanda,Africa
rwa,1955,38.94,Rwanda,Africa
rwa,1956,38.59,Rwanda,Africa
rwa,1957,39.89,Rwanda,Africa
rwa,1958,40.55,Rwanda,Africa
rwa,1959,41.09,Rwanda,Africa
rwa,1960,42.24,Rwanda,Africa
rwa,1961,42.37,Rwanda,Africa
rwa,1962,42.23,Rwanda,Africa
rwa,1963,42.39,Rwanda,Africa
rwa,1964,42.63,Rwanda,Africa
rwa,1965,42.85,Rwanda,Africa
rwa,1966,42.79,Rwanda,Africa
rwa,1967,43.26,Rwanda,Africa
rwa,1968,43.6,Rwanda,Africa
rwa,1969,43.45,Rwanda,Africa
rwa,1970,43.58,Rwanda,Africa
rwa,1971,43.84,Rwanda,Africa
rwa,1972,44.1,Rwanda,Africa
rwa,1973,44.49,Rwanda,Africa
rwa,1974,44.82,Rwanda,Africa
rwa,1975,45.02,Rwanda,Africa
rwa,1976,45.73,Rwanda,Africa
rwa,1977,46.46,Rwanda,Africa
rwa,1978,46.89,Rwanda,Africa
rwa,1979,47.47,Rwanda,Africa
rwa,1980,48.43,Rwanda,Africa
rwa,1981,49.45,Rwanda,Africa
rwa,1982,50.23,Rwanda,Africa
rwa,1983,50.89,Rwanda,Africa
rwa,1984,51.41,Rwanda,Africa
rwa,1985,51.49,Rwanda,Africa
rwa,1986,51.56,Rwanda,Africa
rwa,1987,51.84,Rwanda,Africa
rwa,1988,51.77,Rwanda,Africa
rwa,1989,51.2,Rwanda,Africa
rwa,1990,50.01,Rwanda,Africa
rwa,1991,49.88,Rwanda,Africa
rwa,1992,49.12,Rwanda,Africa
rwa,1993,48.27,Rwanda,Africa
rwa,1994,9.5,Rwanda,Africa
rwa,1995,46.41,Rwanda,Africa
rwa,1996,47.73,Rwanda,Africa
rwa,1997,46.79,Rwanda,Africa
rwa,1998,47.9,Rwanda,Africa
rwa,1999,49.32,Rwanda,Africa
rwa,2000,50.51,Rwanda,Africa
rwa,2001,51.45,Rwanda,Africa
rwa,2002,53.19,Rwanda,Africa
rwa,2003,54.55,Rwanda,Africa
rwa,2004,56.28,Rwanda,Africa
rwa,2005,58.22,Rwanda,Africa
rwa,2006,60.17,Rwanda,Africa
rwa,2007,61.59,Rwanda,Africa
rwa,2008,62.57,Rwanda,Africa
rwa,2009,63.39,Rwanda,Africa
rwa,2010,64.54,Rwanda,Africa
rwa,2011,65.31,Rwanda,Africa
rwa,2012,65.84,Rwanda,Africa
rwa,2013,66.85,Rwanda,Africa
rwa,2014,67.2,Rwanda,Africa
rwa,2015,67.39,Rwanda,Africa
rwa,2016,67.56,Rwanda,Africa
rwa,2017,67.95,Rwanda,Africa
rwa,2018,68.32,Rwanda,Africa
rwa,2019,68.65,Rwanda,Africa
rwa,2020,68.68,Rwanda,Africa
rwa,2021,69.24,Rwanda,Africa
rwa,2022,69.52,Rwanda,Africa
rwa,2023,69.79,Rwanda,Africa
rwa,2024,70.06,Rwanda,Africa
rwa,2025,70.32,Rwanda,Africa
rwa,2026,70.58,Rwanda,Africa
rwa,2027,70.83,Rwanda,Africa
rwa,2028,71.07,Rwanda,Africa
rwa,2029,71.31,Rwanda,Africa
rwa,2030,71.54,Rwanda,Africa
rwa,2031,71.77,Rwanda,Africa
rwa,2032,71.99,Rwanda,Africa
rwa,2033,72.21,Rwanda,Africa
rwa,2034,72.42,Rwanda,Africa
rwa,2035,72.63,Rwanda,Africa
rwa,2036,72.84,Rwanda,Africa
rwa,2037,73.05,Rwanda,Africa
rwa,2038,73.25,Rwanda,Africa
rwa,2039,73.45,Rwanda,Africa
rwa,2040,73.64,Rwanda,Africa
rwa,2041,73.84,Rwanda,Africa
rwa,2042,74.03,Rwanda,Africa
rwa,2043,74.22,Rwanda,Africa
rwa,2044,74.4,Rwanda,Africa
rwa,2045,74.59,Rwanda,Africa
rwa,2046,74.77,Rwanda,Africa
rwa,2047,74.95,Rwanda,Africa
rwa,2048,75.12,Rwanda,Africa
rwa,2049,75.3,Rwanda,Africa
rwa,2050,75.47,Rwanda,Africa
rwa,2051,75.64,Rwanda,Africa
rwa,2052,75.81,Rwanda,Africa
rwa,2053,75.98,Rwanda,Africa
rwa,2054,76.15,Rwanda,Africa
rwa,2055,76.32,Rwanda,Africa
rwa,2056,76.49,Rwanda,Africa
rwa,2057,76.65,Rwanda,Africa
rwa,2058,76.82,Rwanda,Africa
rwa,2059,76.98,Rwanda,Africa
rwa,2060,77.14,Rwanda,Africa
rwa,2061,77.3,Rwanda,Africa
rwa,2062,77.46,Rwanda,Africa
rwa,2063,77.61,Rwanda,Africa
rwa,2064,77.77,Rwanda,Africa
rwa,2065,77.93,Rwanda,Africa
rwa,2066,78.08,Rwanda,Africa
rwa,2067,78.24,Rwanda,Africa
rwa,2068,78.39,Rwanda,Africa
rwa,2069,78.55,Rwanda,Africa
rwa,2070,78.71,Rwanda,Africa
rwa,2071,78.86,Rwanda,Africa
rwa,2072,79.02,Rwanda,Africa
rwa,2073,79.17,Rwanda,Africa
rwa,2074,79.33,Rwanda,Africa
rwa,2075,79.48,Rwanda,Africa
rwa,2076,79.64,Rwanda,Africa
rwa,2077,79.79,Rwanda,Africa
rwa,2078,79.94,Rwanda,Africa
rwa,2079,80.1,Rwanda,Africa
rwa,2080,80.25,Rwanda,Africa
rwa,2081,80.4,Rwanda,Africa
rwa,2082,80.56,Rwanda,Africa
rwa,2083,80.71,Rwanda,Africa
rwa,2084,80.86,Rwanda,Africa
rwa,2085,81.01,Rwanda,Africa
rwa,2086,81.16,Rwanda,Africa
rwa,2087,81.31,Rwanda,Africa
rwa,2088,81.45,Rwanda,Africa
rwa,2089,81.6,Rwanda,Africa
rwa,2090,81.74,Rwanda,Africa
rwa,2091,81.88,Rwanda,Africa
rwa,2092,82.03,Rwanda,Africa
rwa,2093,82.17,Rwanda,Africa
rwa,2094,82.31,Rwanda,Africa
rwa,2095,82.45,Rwanda,Africa
rwa,2096,82.58,Rwanda,Africa
rwa,2097,82.72,Rwanda,Africa
rwa,2098,82.86,Rwanda,Africa
rwa,2099,82.99,Rwanda,Africa
rwa,2100,83.13,Rwanda,Africa
wsm,1800,25.4,Samoa,Oceania
wsm,1801,25.4,Samoa,Oceania
wsm,1802,25.4,Samoa,Oceania
wsm,1803,25.4,Samoa,Oceania
wsm,1804,25.4,Samoa,Oceania
wsm,1805,25.4,Samoa,Oceania
wsm,1806,25.4,Samoa,Oceania
wsm,1807,25.4,Samoa,Oceania
wsm,1808,25.4,Samoa,Oceania
wsm,1809,25.4,Samoa,Oceania
wsm,1810,25.4,Samoa,Oceania
wsm,1811,25.4,Samoa,Oceania
wsm,1812,25.4,Samoa,Oceania
wsm,1813,25.4,Samoa,Oceania
wsm,1814,25.4,Samoa,Oceania
wsm,1815,25.4,Samoa,Oceania
wsm,1816,25.4,Samoa,Oceania
wsm,1817,25.4,Samoa,Oceania
wsm,1818,25.4,Samoa,Oceania
wsm,1819,25.4,Samoa,Oceania
wsm,1820,25.4,Samoa,Oceania
wsm,1821,25.4,Samoa,Oceania
wsm,1822,25.4,Samoa,Oceania
wsm,1823,25.4,Samoa,Oceania
wsm,1824,25.4,Samoa,Oceania
wsm,1825,25.4,Samoa,Oceania
wsm,1826,25.4,Samoa,Oceania
wsm,1827,25.4,Samoa,Oceania
wsm,1828,25.4,Samoa,Oceania
wsm,1829,25.4,Samoa,Oceania
wsm,1830,25.4,Samoa,Oceania
wsm,1831,25.4,Samoa,Oceania
wsm,1832,25.4,Samoa,Oceania
wsm,1833,25.4,Samoa,Oceania
wsm,1834,25.4,Samoa,Oceania
wsm,1835,25.4,Samoa,Oceania
wsm,1836,25.4,Samoa,Oceania
wsm,1837,25.4,Samoa,Oceania
wsm,1838,25.4,Samoa,Oceania
wsm,1839,25.4,Samoa,Oceania
wsm,1840,25.4,Samoa,Oceania
wsm,1841,25.4,Samoa,Oceania
wsm,1842,25.4,Samoa,Oceania
wsm,1843,25.4,Samoa,Oceania
wsm,1844,25.4,Samoa,Oceania
wsm,1845,25.4,Samoa,Oceania
wsm,1846,25.4,Samoa,Oceania
wsm,1847,25.4,Samoa,Oceania
wsm,1848,25.4,Samoa,Oceania
wsm,1849,25.4,Samoa,Oceania
wsm,1850,25.4,Samoa,Oceania
wsm,1851,25.4,Samoa,Oceania
wsm,1852,25.4,Samoa,Oceania
wsm,1853,25.4,Samoa,Oceania
wsm,1854,25.4,Samoa,Oceania
wsm,1855,25.4,Samoa,Oceania
wsm,1856,25.4,Samoa,Oceania
wsm,1857,25.4,Samoa,Oceania
wsm,1858,25.4,Samoa,Oceania
wsm,1859,25.4,Samoa,Oceania
wsm,1860,25.4,Samoa,Oceania
wsm,1861,25.4,Samoa,Oceania
wsm,1862,25.4,Samoa,Oceania
wsm,1863,25.4,Samoa,Oceania
wsm,1864,25.4,Samoa,Oceania
wsm,1865,25.4,Samoa,Oceania
wsm,1866,25.4,Samoa,Oceania
wsm,1867,25.4,Samoa,Oceania
wsm,1868,25.4,Samoa,Oceania
wsm,1869,25.4,Samoa,Oceania
wsm,1870,25.4,Samoa,Oceania
wsm,1871,25.47,Samoa,Oceania
wsm,1872,25.54,Samoa,Oceania
wsm,1873,25.6,Samoa,Oceania
wsm,1874,25.67,Samoa,Oceania
wsm,1875,25.74,Samoa,Oceania
wsm,1876,25.81,Samoa,Oceania
wsm,1877,25.87,Samoa,Oceania
wsm,1878,25.94,Samoa,Oceania
wsm,1879,26.01,Samoa,Oceania
wsm,1880,26.08,Samoa,Oceania
wsm,1881,26.14,Samoa,Oceania
wsm,1882,26.21,Samoa,Oceania
wsm,1883,26.28,Samoa,Oceania
wsm,1884,26.35,Samoa,Oceania
wsm,1885,26.41,Samoa,Oceania
wsm,1886,26.48,Samoa,Oceania
wsm,1887,26.55,Samoa,Oceania
wsm,1888,26.62,Samoa,Oceania
wsm,1889,26.68,Samoa,Oceania
wsm,1890,26.75,Samoa,Oceania
wsm,1891,26.82,Samoa,Oceania
wsm,1892,26.89,Samoa,Oceania
wsm,1893,26.95,Samoa,Oceania
wsm,1894,27.02,Samoa,Oceania
wsm,1895,27.09,Samoa,Oceania
wsm,1896,27.16,Samoa,Oceania
wsm,1897,27.22,Samoa,Oceania
wsm,1898,27.29,Samoa,Oceania
wsm,1899,27.36,Samoa,Oceania
wsm,1900,27.43,Samoa,Oceania
wsm,1901,27.49,Samoa,Oceania
wsm,1902,27.56,Samoa,Oceania
wsm,1903,27.63,Samoa,Oceania
wsm,1904,27.7,Samoa,Oceania
wsm,1905,27.76,Samoa,Oceania
wsm,1906,27.83,Samoa,Oceania
wsm,1907,27.9,Samoa,Oceania
wsm,1908,27.97,Samoa,Oceania
wsm,1909,28.03,Samoa,Oceania
wsm,1910,28.1,Samoa,Oceania
wsm,1911,28.17,Samoa,Oceania
wsm,1912,28.24,Samoa,Oceania
wsm,1913,28.3,Samoa,Oceania
wsm,1914,28.37,Samoa,Oceania
wsm,1915,28.44,Samoa,Oceania
wsm,1916,28.51,Samoa,Oceania
wsm,1917,28.57,Samoa,Oceania
wsm,1918,1.13,Samoa,Oceania
wsm,1919,28.71,Samoa,Oceania
wsm,1920,28.78,Samoa,Oceania
wsm,1921,28.84,Samoa,Oceania
wsm,1922,28.91,Samoa,Oceania
wsm,1923,28.98,Samoa,Oceania
wsm,1924,29.05,Samoa,Oceania
wsm,1925,29.11,Samoa,Oceania
wsm,1926,29.18,Samoa,Oceania
wsm,1927,29.25,Samoa,Oceania
wsm,1928,29.32,Samoa,Oceania
wsm,1929,29.38,Samoa,Oceania
wsm,1930,29.45,Samoa,Oceania
wsm,1931,29.52,Samoa,Oceania
wsm,1932,29.59,Samoa,Oceania
wsm,1933,29.65,Samoa,Oceania
wsm,1934,29.72,Samoa,Oceania
wsm,1935,31.22,Samoa,Oceania
wsm,1936,32.72,Samoa,Oceania
wsm,1937,34.23,Samoa,Oceania
wsm,1938,35.74,Samoa,Oceania
wsm,1939,37.26,Samoa,Oceania
wsm,1940,38.79,Samoa,Oceania
wsm,1941,40.33,Samoa,Oceania
wsm,1942,41.87,Samoa,Oceania
wsm,1943,43.41,Samoa,Oceania
wsm,1944,44.97,Samoa,Oceania
wsm,1945,46.53,Samoa,Oceania
wsm,1946,48.09,Samoa,Oceania
wsm,1947,49.67,Samoa,Oceania
wsm,1948,51.25,Samoa,Oceania
wsm,1949,52.83,Samoa,Oceania
wsm,1950,54.43,Samoa,Oceania
wsm,1951,54.97,Samoa,Oceania
wsm,1952,55.53,Samoa,Oceania
wsm,1953,56.06,Samoa,Oceania
wsm,1954,56.63,Samoa,Oceania
wsm,1955,57.21,Samoa,Oceania
wsm,1956,58.28,Samoa,Oceania
wsm,1957,58.98,Samoa,Oceania
wsm,1958,59.59,Samoa,Oceania
wsm,1959,60.16,Samoa,Oceania
wsm,1960,60.68,Samoa,Oceania
wsm,1961,61.09,Samoa,Oceania
wsm,1962,61.25,Samoa,Oceania
wsm,1963,61.39,Samoa,Oceania
wsm,1964,57.16,Samoa,Oceania
wsm,1965,61.25,Samoa,Oceania
wsm,1966,61.29,Samoa,Oceania
wsm,1967,61.75,Samoa,Oceania
wsm,1968,62.04,Samoa,Oceania
wsm,1969,62.18,Samoa,Oceania
wsm,1970,62.42,Samoa,Oceania
wsm,1971,62.64,Samoa,Oceania
wsm,1972,63.02,Samoa,Oceania
wsm,1973,63.16,Samoa,Oceania
wsm,1974,63.29,Samoa,Oceania
wsm,1975,63.64,Samoa,Oceania
wsm,1976,64.06,Samoa,Oceania
wsm,1977,64.37,Samoa,Oceania
wsm,1978,64.68,Samoa,Oceania
wsm,1979,64.99,Samoa,Oceania
wsm,1980,65.23,Samoa,Oceania
wsm,1981,65.37,Samoa,Oceania
wsm,1982,65.53,Samoa,Oceania
wsm,1983,65.66,Samoa,Oceania
wsm,1984,65.79,Samoa,Oceania
wsm,1985,66,Samoa,Oceania
wsm,1986,66.22,Samoa,Oceania
wsm,1987,66.44,Samoa,Oceania
wsm,1988,66.63,Samoa,Oceania
wsm,1989,66.82,Samoa,Oceania
wsm,1990,66.86,Samoa,Oceania
wsm,1991,66.93,Samoa,Oceania
wsm,1992,67.24,Samoa,Oceania
wsm,1993,67.38,Samoa,Oceania
wsm,1994,67.52,Samoa,Oceania
wsm,1995,67.65,Samoa,Oceania
wsm,1996,67.82,Samoa,Oceania
wsm,1997,68.01,Samoa,Oceania
wsm,1998,68.23,Samoa,Oceania
wsm,1999,68.33,Samoa,Oceania
wsm,2000,68.48,Samoa,Oceania
wsm,2001,68.64,Samoa,Oceania
wsm,2002,68.8,Samoa,Oceania
wsm,2003,68.9,Samoa,Oceania
wsm,2004,69,Samoa,Oceania
wsm,2005,68.99,Samoa,Oceania
wsm,2006,69.22,Samoa,Oceania
wsm,2007,69.35,Samoa,Oceania
wsm,2008,69.47,Samoa,Oceania
wsm,2009,67.51,Samoa,Oceania
wsm,2010,69.64,Samoa,Oceania
wsm,2011,69.71,Samoa,Oceania
wsm,2012,69.63,Samoa,Oceania
wsm,2013,69.89,Samoa,Oceania
wsm,2014,69.98,Samoa,Oceania
wsm,2015,70.06,Samoa,Oceania
wsm,2016,70.16,Samoa,Oceania
wsm,2017,70.27,Samoa,Oceania
wsm,2018,70.38,Samoa,Oceania
wsm,2019,70.49,Samoa,Oceania
wsm,2020,70.55,Samoa,Oceania
wsm,2021,70.73,Samoa,Oceania
wsm,2022,70.85,Samoa,Oceania
wsm,2023,70.97,Samoa,Oceania
wsm,2024,71.08,Samoa,Oceania
wsm,2025,71.2,Samoa,Oceania
wsm,2026,71.32,Samoa,Oceania
wsm,2027,71.44,Samoa,Oceania
wsm,2028,71.57,Samoa,Oceania
wsm,2029,71.69,Samoa,Oceania
wsm,2030,71.81,Samoa,Oceania
wsm,2031,71.94,Samoa,Oceania
wsm,2032,72.06,Samoa,Oceania
wsm,2033,72.19,Samoa,Oceania
wsm,2034,72.31,Samoa,Oceania
wsm,2035,72.44,Samoa,Oceania
wsm,2036,72.56,Samoa,Oceania
wsm,2037,72.69,Samoa,Oceania
wsm,2038,72.81,Samoa,Oceania
wsm,2039,72.94,Samoa,Oceania
wsm,2040,73.06,Samoa,Oceania
wsm,2041,73.19,Samoa,Oceania
wsm,2042,73.31,Samoa,Oceania
wsm,2043,73.44,Samoa,Oceania
wsm,2044,73.56,Samoa,Oceania
wsm,2045,73.69,Samoa,Oceania
wsm,2046,73.82,Samoa,Oceania
wsm,2047,73.95,Samoa,Oceania
wsm,2048,74.07,Samoa,Oceania
wsm,2049,74.2,Samoa,Oceania
wsm,2050,74.33,Samoa,Oceania
wsm,2051,74.46,Samoa,Oceania
wsm,2052,74.59,Samoa,Oceania
wsm,2053,74.72,Samoa,Oceania
wsm,2054,74.85,Samoa,Oceania
wsm,2055,74.98,Samoa,Oceania
wsm,2056,75.1,Samoa,Oceania
wsm,2057,75.23,Samoa,Oceania
wsm,2058,75.36,Samoa,Oceania
wsm,2059,75.5,Samoa,Oceania
wsm,2060,75.63,Samoa,Oceania
wsm,2061,75.76,Samoa,Oceania
wsm,2062,75.9,Samoa,Oceania
wsm,2063,76.03,Samoa,Oceania
wsm,2064,76.16,Samoa,Oceania
wsm,2065,76.3,Samoa,Oceania
wsm,2066,76.44,Samoa,Oceania
wsm,2067,76.57,Samoa,Oceania
wsm,2068,76.71,Samoa,Oceania
wsm,2069,76.84,Samoa,Oceania
wsm,2070,76.98,Samoa,Oceania
wsm,2071,77.11,Samoa,Oceania
wsm,2072,77.24,Samoa,Oceania
wsm,2073,77.38,Samoa,Oceania
wsm,2074,77.51,Samoa,Oceania
wsm,2075,77.64,Samoa,Oceania
wsm,2076,77.77,Samoa,Oceania
wsm,2077,77.91,Samoa,Oceania
wsm,2078,78.04,Samoa,Oceania
wsm,2079,78.17,Samoa,Oceania
wsm,2080,78.31,Samoa,Oceania
wsm,2081,78.44,Samoa,Oceania
wsm,2082,78.58,Samoa,Oceania
wsm,2083,78.71,Samoa,Oceania
wsm,2084,78.84,Samoa,Oceania
wsm,2085,78.97,Samoa,Oceania
wsm,2086,79.11,Samoa,Oceania
wsm,2087,79.24,Samoa,Oceania
wsm,2088,79.37,Samoa,Oceania
wsm,2089,79.5,Samoa,Oceania
wsm,2090,79.63,Samoa,Oceania
wsm,2091,79.76,Samoa,Oceania
wsm,2092,79.89,Samoa,Oceania
wsm,2093,80.01,Samoa,Oceania
wsm,2094,80.14,Samoa,Oceania
wsm,2095,80.26,Samoa,Oceania
wsm,2096,80.38,Samoa,Oceania
wsm,2097,80.5,Samoa,Oceania
wsm,2098,80.61,Samoa,Oceania
wsm,2099,80.73,Samoa,Oceania
wsm,2100,80.85,Samoa,Oceania
smr,1950,72.02,San Marino,Europe
smr,1951,72.1,San Marino,Europe
smr,1952,72.18,San Marino,Europe
smr,1953,72.27,San Marino,Europe
smr,1954,72.36,San Marino,Europe
smr,1955,72.45,San Marino,Europe
smr,1956,72.53,San Marino,Europe
smr,1957,72.63,San Marino,Europe
smr,1958,72.71,San Marino,Europe
smr,1959,72.79,San Marino,Europe
smr,1960,72.88,San Marino,Europe
smr,1961,72.96,San Marino,Europe
smr,1962,73.05,San Marino,Europe
smr,1963,73.13,San Marino,Europe
smr,1964,73.24,San Marino,Europe
smr,1965,73.33,San Marino,Europe
smr,1966,73.48,San Marino,Europe
smr,1967,73.7,San Marino,Europe
smr,1968,73.82,San Marino,Europe
smr,1969,73.96,San Marino,Europe
smr,1970,74.12,San Marino,Europe
smr,1971,74.3,San Marino,Europe
smr,1972,74.55,San Marino,Europe
smr,1973,74.85,San Marino,Europe
smr,1974,75.16,San Marino,Europe
smr,1975,75.38,San Marino,Europe
smr,1976,75.59,San Marino,Europe
smr,1977,75.75,San Marino,Europe
smr,1978,75.91,San Marino,Europe
smr,1979,76.15,San Marino,Europe
smr,1980,76.39,San Marino,Europe
smr,1981,76.82,San Marino,Europe
smr,1982,77.3,San Marino,Europe
smr,1983,77.67,San Marino,Europe
smr,1984,78.02,San Marino,Europe
smr,1985,78.32,San Marino,Europe
smr,1986,78.64,San Marino,Europe
smr,1987,78.97,San Marino,Europe
smr,1988,79.23,San Marino,Europe
smr,1989,79.47,San Marino,Europe
smr,1990,79.7,San Marino,Europe
smr,1991,79.91,San Marino,Europe
smr,1992,80.09,San Marino,Europe
smr,1993,80.3,San Marino,Europe
smr,1994,80.41,San Marino,Europe
smr,1995,80.67,San Marino,Europe
smr,1996,80.91,San Marino,Europe
smr,1997,81.13,San Marino,Europe
smr,1998,81.3,San Marino,Europe
smr,1999,81.47,San Marino,Europe
smr,2000,81.54,San Marino,Europe
smr,2001,81.63,San Marino,Europe
smr,2002,81.7,San Marino,Europe
smr,2003,81.71,San Marino,Europe
smr,2004,81.63,San Marino,Europe
smr,2005,81.6,San Marino,Europe
smr,2006,81.64,San Marino,Europe
smr,2007,81.72,San Marino,Europe
smr,2008,81.8,San Marino,Europe
smr,2009,81.85,San Marino,Europe
smr,2010,81.9,San Marino,Europe
smr,2011,81.94,San Marino,Europe
smr,2012,81.95,San Marino,Europe
smr,2013,81.96,San Marino,Europe
smr,2014,81.96,San Marino,Europe
smr,2015,81.97,San Marino,Europe
smr,2016,81.98,San Marino,Europe
smr,2017,82.03,San Marino,Europe
smr,2018,82.09,San Marino,Europe
smr,2019,82.17,San Marino,Europe
stp,1800,31,Sao Tome and Principe,Africa
stp,1801,31,Sao Tome and Principe,Africa
stp,1802,31,Sao Tome and Principe,Africa
stp,1803,31,Sao Tome and Principe,Africa
stp,1804,31,Sao Tome and Principe,Africa
stp,1805,31,Sao Tome and Principe,Africa
stp,1806,31,Sao Tome and Principe,Africa
stp,1807,31,Sao Tome and Principe,Africa
stp,1808,31,Sao Tome and Principe,Africa
stp,1809,31,Sao Tome and Principe,Africa
stp,1810,31,Sao Tome and Principe,Africa
stp,1811,31,Sao Tome and Principe,Africa
stp,1812,31,Sao Tome and Principe,Africa
stp,1813,31,Sao Tome and Principe,Africa
stp,1814,31,Sao Tome and Principe,Africa
stp,1815,31,Sao Tome and Principe,Africa
stp,1816,31,Sao Tome and Principe,Africa
stp,1817,31,Sao Tome and Principe,Africa
stp,1818,31,Sao Tome and Principe,Africa
stp,1819,31,Sao Tome and Principe,Africa
stp,1820,31,Sao Tome and Principe,Africa
stp,1821,31,Sao Tome and Principe,Africa
stp,1822,31,Sao Tome and Principe,Africa
stp,1823,31,Sao Tome and Principe,Africa
stp,1824,31,Sao Tome and Principe,Africa
stp,1825,31,Sao Tome and Principe,Africa
stp,1826,31,Sao Tome and Principe,Africa
stp,1827,31,Sao Tome and Principe,Africa
stp,1828,31,Sao Tome and Principe,Africa
stp,1829,31,Sao Tome and Principe,Africa
stp,1830,31,Sao Tome and Principe,Africa
stp,1831,31,Sao Tome and Principe,Africa
stp,1832,31,Sao Tome and Principe,Africa
stp,1833,31,Sao Tome and Principe,Africa
stp,1834,31,Sao Tome and Principe,Africa
stp,1835,31,Sao Tome and Principe,Africa
stp,1836,31,Sao Tome and Principe,Africa
stp,1837,31,Sao Tome and Principe,Africa
stp,1838,31,Sao Tome and Principe,Africa
stp,1839,31,Sao Tome and Principe,Africa
stp,1840,31,Sao Tome and Principe,Africa
stp,1841,31,Sao Tome and Principe,Africa
stp,1842,31,Sao Tome and Principe,Africa
stp,1843,31,Sao Tome and Principe,Africa
stp,1844,31,Sao Tome and Principe,Africa
stp,1845,31,Sao Tome and Principe,Africa
stp,1846,31,Sao Tome and Principe,Africa
stp,1847,31,Sao Tome and Principe,Africa
stp,1848,31,Sao Tome and Principe,Africa
stp,1849,31,Sao Tome and Principe,Africa
stp,1850,31,Sao Tome and Principe,Africa
stp,1851,31,Sao Tome and Principe,Africa
stp,1852,31,Sao Tome and Principe,Africa
stp,1853,31,Sao Tome and Principe,Africa
stp,1854,31,Sao Tome and Principe,Africa
stp,1855,31,Sao Tome and Principe,Africa
stp,1856,31,Sao Tome and Principe,Africa
stp,1857,31,Sao Tome and Principe,Africa
stp,1858,31,Sao Tome and Principe,Africa
stp,1859,31,Sao Tome and Principe,Africa
stp,1860,31,Sao Tome and Principe,Africa
stp,1861,31,Sao Tome and Principe,Africa
stp,1862,31,Sao Tome and Principe,Africa
stp,1863,31,Sao Tome and Principe,Africa
stp,1864,31,Sao Tome and Principe,Africa
stp,1865,31,Sao Tome and Principe,Africa
stp,1866,31,Sao Tome and Principe,Africa
stp,1867,31,Sao Tome and Principe,Africa
stp,1868,31,Sao Tome and Principe,Africa
stp,1869,31,Sao Tome and Principe,Africa
stp,1870,31,Sao Tome and Principe,Africa
stp,1871,30.96,Sao Tome and Principe,Africa
stp,1872,30.92,Sao Tome and Principe,Africa
stp,1873,30.88,Sao Tome and Principe,Africa
stp,1874,30.83,Sao Tome and Principe,Africa
stp,1875,30.79,Sao Tome and Principe,Africa
stp,1876,30.75,Sao Tome and Principe,Africa
stp,1877,30.71,Sao Tome and Principe,Africa
stp,1878,30.67,Sao Tome and Principe,Africa
stp,1879,30.63,Sao Tome and Principe,Africa
stp,1880,30.59,Sao Tome and Principe,Africa
stp,1881,30.54,Sao Tome and Principe,Africa
stp,1882,30.5,Sao Tome and Principe,Africa
stp,1883,30.46,Sao Tome and Principe,Africa
stp,1884,30.42,Sao Tome and Principe,Africa
stp,1885,30.38,Sao Tome and Principe,Africa
stp,1886,30.34,Sao Tome and Principe,Africa
stp,1887,30.3,Sao Tome and Principe,Africa
stp,1888,30.26,Sao Tome and Principe,Africa
stp,1889,30.21,Sao Tome and Principe,Africa
stp,1890,30.17,Sao Tome and Principe,Africa
stp,1891,30.13,Sao Tome and Principe,Africa
stp,1892,30.09,Sao Tome and Principe,Africa
stp,1893,30.05,Sao Tome and Principe,Africa
stp,1894,30.01,Sao Tome and Principe,Africa
stp,1895,29.97,Sao Tome and Principe,Africa
stp,1896,29.92,Sao Tome and Principe,Africa
stp,1897,29.88,Sao Tome and Principe,Africa
stp,1898,29.84,Sao Tome and Principe,Africa
stp,1899,29.8,Sao Tome and Principe,Africa
stp,1900,29.76,Sao Tome and Principe,Africa
stp,1901,29.72,Sao Tome and Principe,Africa
stp,1902,29.68,Sao Tome and Principe,Africa
stp,1903,29.63,Sao Tome and Principe,Africa
stp,1904,29.59,Sao Tome and Principe,Africa
stp,1905,29.55,Sao Tome and Principe,Africa
stp,1906,29.51,Sao Tome and Principe,Africa
stp,1907,29.47,Sao Tome and Principe,Africa
stp,1908,29.43,Sao Tome and Principe,Africa
stp,1909,29.39,Sao Tome and Principe,Africa
stp,1910,29.34,Sao Tome and Principe,Africa
stp,1911,29.3,Sao Tome and Principe,Africa
stp,1912,29.26,Sao Tome and Principe,Africa
stp,1913,29.22,Sao Tome and Principe,Africa
stp,1914,29.18,Sao Tome and Principe,Africa
stp,1915,29.14,Sao Tome and Principe,Africa
stp,1916,29.1,Sao Tome and Principe,Africa
stp,1917,29.06,Sao Tome and Principe,Africa
stp,1918,11.22,Sao Tome and Principe,Africa
stp,1919,28.97,Sao Tome and Principe,Africa
stp,1920,28.93,Sao Tome and Principe,Africa
stp,1921,28.89,Sao Tome and Principe,Africa
stp,1922,28.85,Sao Tome and Principe,Africa
stp,1923,28.81,Sao Tome and Principe,Africa
stp,1924,28.77,Sao Tome and Principe,Africa
stp,1925,28.72,Sao Tome and Principe,Africa
stp,1926,28.68,Sao Tome and Principe,Africa
stp,1927,28.64,Sao Tome and Principe,Africa
stp,1928,28.6,Sao Tome and Principe,Africa
stp,1929,28.56,Sao Tome and Principe,Africa
stp,1930,28.52,Sao Tome and Principe,Africa
stp,1931,28.48,Sao Tome and Principe,Africa
stp,1932,28.43,Sao Tome and Principe,Africa
stp,1933,28.39,Sao Tome and Principe,Africa
stp,1934,28.35,Sao Tome and Principe,Africa
stp,1935,28.31,Sao Tome and Principe,Africa
stp,1936,29.15,Sao Tome and Principe,Africa
stp,1937,29.99,Sao Tome and Principe,Africa
stp,1938,30.83,Sao Tome and Principe,Africa
stp,1939,31.67,Sao Tome and Principe,Africa
stp,1940,32.5,Sao Tome and Principe,Africa
stp,1941,33.33,Sao Tome and Principe,Africa
stp,1942,34.16,Sao Tome and Principe,Africa
stp,1943,34.98,Sao Tome and Principe,Africa
stp,1944,35.8,Sao Tome and Principe,Africa
stp,1945,36.62,Sao Tome and Principe,Africa
stp,1946,37.44,Sao Tome and Principe,Africa
stp,1947,38.25,Sao Tome and Principe,Africa
stp,1948,39.07,Sao Tome and Principe,Africa
stp,1949,39.88,Sao Tome and Principe,Africa
stp,1950,40.68,Sao Tome and Principe,Africa
stp,1951,40.78,Sao Tome and Principe,Africa
stp,1952,40.92,Sao Tome and Principe,Africa
stp,1953,41.05,Sao Tome and Principe,Africa
stp,1954,41.14,Sao Tome and Principe,Africa
stp,1955,40.86,Sao Tome and Principe,Africa
stp,1956,40.42,Sao Tome and Principe,Africa
stp,1957,39.59,Sao Tome and Principe,Africa
stp,1958,41.08,Sao Tome and Principe,Africa
stp,1959,43.11,Sao Tome and Principe,Africa
stp,1960,45.02,Sao Tome and Principe,Africa
stp,1961,46.98,Sao Tome and Principe,Africa
stp,1962,49.03,Sao Tome and Principe,Africa
stp,1963,50.47,Sao Tome and Principe,Africa
stp,1964,52.11,Sao Tome and Principe,Africa
stp,1965,53.23,Sao Tome and Principe,Africa
stp,1966,53.53,Sao Tome and Principe,Africa
stp,1967,54.63,Sao Tome and Principe,Africa
stp,1968,55.29,Sao Tome and Principe,Africa
stp,1969,56.11,Sao Tome and Principe,Africa
stp,1970,56.96,Sao Tome and Principe,Africa
stp,1971,57.92,Sao Tome and Principe,Africa
stp,1972,58.73,Sao Tome and Principe,Africa
stp,1973,59.72,Sao Tome and Principe,Africa
stp,1974,60.1,Sao Tome and Principe,Africa
stp,1975,60.68,Sao Tome and Principe,Africa
stp,1976,61.3,Sao Tome and Principe,Africa
stp,1977,61.77,Sao Tome and Principe,Africa
stp,1978,62.14,Sao Tome and Principe,Africa
stp,1979,62.17,Sao Tome and Principe,Africa
stp,1980,62.3,Sao Tome and Principe,Africa
stp,1981,61.97,Sao Tome and Principe,Africa
stp,1982,61.66,Sao Tome and Principe,Africa
stp,1983,61.38,Sao Tome and Principe,Africa
stp,1984,61.44,Sao Tome and Principe,Africa
stp,1985,62.16,Sao Tome and Principe,Africa
stp,1986,60.04,Sao Tome and Principe,Africa
stp,1987,63.2,Sao Tome and Principe,Africa
stp,1988,63.4,Sao Tome and Principe,Africa
stp,1989,62.99,Sao Tome and Principe,Africa
stp,1990,63.49,Sao Tome and Principe,Africa
stp,1991,63.75,Sao Tome and Principe,Africa
stp,1992,63.82,Sao Tome and Principe,Africa
stp,1993,64.08,Sao Tome and Principe,Africa
stp,1994,64.06,Sao Tome and Principe,Africa
stp,1995,64.1,Sao Tome and Principe,Africa
stp,1996,64.07,Sao Tome and Principe,Africa
stp,1997,64.14,Sao Tome and Principe,Africa
stp,1998,64.24,Sao Tome and Principe,Africa
stp,1999,64.57,Sao Tome and Principe,Africa
stp,2000,65.02,Sao Tome and Principe,Africa
stp,2001,65.48,Sao Tome and Principe,Africa
stp,2002,65.86,Sao Tome and Principe,Africa
stp,2003,66.19,Sao Tome and Principe,Africa
stp,2004,66.51,Sao Tome and Principe,Africa
stp,2005,66.65,Sao Tome and Principe,Africa
stp,2006,67.22,Sao Tome and Principe,Africa
stp,2007,67.59,Sao Tome and Principe,Africa
stp,2008,67.87,Sao Tome and Principe,Africa
stp,2009,68.6,Sao Tome and Principe,Africa
stp,2010,68.99,Sao Tome and Principe,Africa
stp,2011,69.25,Sao Tome and Principe,Africa
stp,2012,69.25,Sao Tome and Principe,Africa
stp,2013,69.44,Sao Tome and Principe,Africa
stp,2014,69.76,Sao Tome and Principe,Africa
stp,2015,69.99,Sao Tome and Principe,Africa
stp,2016,70.22,Sao Tome and Principe,Africa
stp,2017,70.44,Sao Tome and Principe,Africa
stp,2018,70.68,Sao Tome and Principe,Africa
stp,2019,70.93,Sao Tome and Principe,Africa
stp,2020,70.72,Sao Tome and Principe,Africa
stp,2021,71.32,Sao Tome and Principe,Africa
stp,2022,71.5,Sao Tome and Principe,Africa
stp,2023,71.67,Sao Tome and Principe,Africa
stp,2024,71.85,Sao Tome and Principe,Africa
stp,2025,72.02,Sao Tome and Principe,Africa
stp,2026,72.2,Sao Tome and Principe,Africa
stp,2027,72.38,Sao Tome and Principe,Africa
stp,2028,72.55,Sao Tome and Principe,Africa
stp,2029,72.73,Sao Tome and Principe,Africa
stp,2030,72.9,Sao Tome and Principe,Africa
stp,2031,73.07,Sao Tome and Principe,Africa
stp,2032,73.23,Sao Tome and Principe,Africa
stp,2033,73.4,Sao Tome and Principe,Africa
stp,2034,73.56,Sao Tome and Principe,Africa
stp,2035,73.72,Sao Tome and Principe,Africa
stp,2036,73.88,Sao Tome and Principe,Africa
stp,2037,74.04,Sao Tome and Principe,Africa
stp,2038,74.2,Sao Tome and Principe,Africa
stp,2039,74.36,Sao Tome and Principe,Africa
stp,2040,74.52,Sao Tome and Principe,Africa
stp,2041,74.68,Sao Tome and Principe,Africa
stp,2042,74.84,Sao Tome and Principe,Africa
stp,2043,75,Sao Tome and Principe,Africa
stp,2044,75.15,Sao Tome and Principe,Africa
stp,2045,75.31,Sao Tome and Principe,Africa
stp,2046,75.46,Sao Tome and Principe,Africa
stp,2047,75.62,Sao Tome and Principe,Africa
stp,2048,75.77,Sao Tome and Principe,Africa
stp,2049,75.92,Sao Tome and Principe,Africa
stp,2050,76.07,Sao Tome and Principe,Africa
stp,2051,76.22,Sao Tome and Principe,Africa
stp,2052,76.38,Sao Tome and Principe,Africa
stp,2053,76.53,Sao Tome and Principe,Africa
stp,2054,76.68,Sao Tome and Principe,Africa
stp,2055,76.83,Sao Tome and Principe,Africa
stp,2056,76.99,Sao Tome and Principe,Africa
stp,2057,77.14,Sao Tome and Principe,Africa
stp,2058,77.29,Sao Tome and Principe,Africa
stp,2059,77.45,Sao Tome and Principe,Africa
stp,2060,77.6,Sao Tome and Principe,Africa
stp,2061,77.75,Sao Tome and Principe,Africa
stp,2062,77.9,Sao Tome and Principe,Africa
stp,2063,78.06,Sao Tome and Principe,Africa
stp,2064,78.21,Sao Tome and Principe,Africa
stp,2065,78.36,Sao Tome and Principe,Africa
stp,2066,78.51,Sao Tome and Principe,Africa
stp,2067,78.66,Sao Tome and Principe,Africa
stp,2068,78.81,Sao Tome and Principe,Africa
stp,2069,78.96,Sao Tome and Principe,Africa
stp,2070,79.11,Sao Tome and Principe,Africa
stp,2071,79.26,Sao Tome and Principe,Africa
stp,2072,79.41,Sao Tome and Principe,Africa
stp,2073,79.57,Sao Tome and Principe,Africa
stp,2074,79.72,Sao Tome and Principe,Africa
stp,2075,79.87,Sao Tome and Principe,Africa
stp,2076,80.02,Sao Tome and Principe,Africa
stp,2077,80.17,Sao Tome and Principe,Africa
stp,2078,80.33,Sao Tome and Principe,Africa
stp,2079,80.48,Sao Tome and Principe,Africa
stp,2080,80.63,Sao Tome and Principe,Africa
stp,2081,80.78,Sao Tome and Principe,Africa
stp,2082,80.94,Sao Tome and Principe,Africa
stp,2083,81.09,Sao Tome and Principe,Africa
stp,2084,81.24,Sao Tome and Principe,Africa
stp,2085,81.39,Sao Tome and Principe,Africa
stp,2086,81.54,Sao Tome and Principe,Africa
stp,2087,81.69,Sao Tome and Principe,Africa
stp,2088,81.84,Sao Tome and Principe,Africa
stp,2089,81.99,Sao Tome and Principe,Africa
stp,2090,82.14,Sao Tome and Principe,Africa
stp,2091,82.28,Sao Tome and Principe,Africa
stp,2092,82.43,Sao Tome and Principe,Africa
stp,2093,82.57,Sao Tome and Principe,Africa
stp,2094,82.72,Sao Tome and Principe,Africa
stp,2095,82.86,Sao Tome and Principe,Africa
stp,2096,83,Sao Tome and Principe,Africa
stp,2097,83.15,Sao Tome and Principe,Africa
stp,2098,83.29,Sao Tome and Principe,Africa
stp,2099,83.43,Sao Tome and Principe,Africa
stp,2100,83.57,Sao Tome and Principe,Africa
sau,1800,32.1,Saudi Arabia,Asia
sau,1801,32.1,Saudi Arabia,Asia
sau,1802,32.1,Saudi Arabia,Asia
sau,1803,32.1,Saudi Arabia,Asia
sau,1804,32.1,Saudi Arabia,Asia
sau,1805,32.1,Saudi Arabia,Asia
sau,1806,32.1,Saudi Arabia,Asia
sau,1807,32.1,Saudi Arabia,Asia
sau,1808,32.1,Saudi Arabia,Asia
sau,1809,32.1,Saudi Arabia,Asia
sau,1810,32.1,Saudi Arabia,Asia
sau,1811,32.1,Saudi Arabia,Asia
sau,1812,32.1,Saudi Arabia,Asia
sau,1813,32.1,Saudi Arabia,Asia
sau,1814,32.1,Saudi Arabia,Asia
sau,1815,32.1,Saudi Arabia,Asia
sau,1816,32.1,Saudi Arabia,Asia
sau,1817,32.1,Saudi Arabia,Asia
sau,1818,32.1,Saudi Arabia,Asia
sau,1819,32.1,Saudi Arabia,Asia
sau,1820,32.1,Saudi Arabia,Asia
sau,1821,32.1,Saudi Arabia,Asia
sau,1822,32.1,Saudi Arabia,Asia
sau,1823,32.1,Saudi Arabia,Asia
sau,1824,32.1,Saudi Arabia,Asia
sau,1825,32.1,Saudi Arabia,Asia
sau,1826,32.1,Saudi Arabia,Asia
sau,1827,32.1,Saudi Arabia,Asia
sau,1828,32.1,Saudi Arabia,Asia
sau,1829,32.1,Saudi Arabia,Asia
sau,1830,32.1,Saudi Arabia,Asia
sau,1831,32.1,Saudi Arabia,Asia
sau,1832,32.1,Saudi Arabia,Asia
sau,1833,32.1,Saudi Arabia,Asia
sau,1834,32.1,Saudi Arabia,Asia
sau,1835,32.1,Saudi Arabia,Asia
sau,1836,32.1,Saudi Arabia,Asia
sau,1837,32.1,Saudi Arabia,Asia
sau,1838,32.1,Saudi Arabia,Asia
sau,1839,32.1,Saudi Arabia,Asia
sau,1840,32.1,Saudi Arabia,Asia
sau,1841,32.1,Saudi Arabia,Asia
sau,1842,32.1,Saudi Arabia,Asia
sau,1843,32.1,Saudi Arabia,Asia
sau,1844,32.1,Saudi Arabia,Asia
sau,1845,32.1,Saudi Arabia,Asia
sau,1846,32.1,Saudi Arabia,Asia
sau,1847,32.1,Saudi Arabia,Asia
sau,1848,32.1,Saudi Arabia,Asia
sau,1849,32.1,Saudi Arabia,Asia
sau,1850,32.1,Saudi Arabia,Asia
sau,1851,32.1,Saudi Arabia,Asia
sau,1852,32.1,Saudi Arabia,Asia
sau,1853,32.1,Saudi Arabia,Asia
sau,1854,32.1,Saudi Arabia,Asia
sau,1855,32.1,Saudi Arabia,Asia
sau,1856,32.1,Saudi Arabia,Asia
sau,1857,32.1,Saudi Arabia,Asia
sau,1858,32.1,Saudi Arabia,Asia
sau,1859,32.1,Saudi Arabia,Asia
sau,1860,32.1,Saudi Arabia,Asia
sau,1861,32.1,Saudi Arabia,Asia
sau,1862,32.1,Saudi Arabia,Asia
sau,1863,32.1,Saudi Arabia,Asia
sau,1864,32.1,Saudi Arabia,Asia
sau,1865,32.1,Saudi Arabia,Asia
sau,1866,32.1,Saudi Arabia,Asia
sau,1867,32.1,Saudi Arabia,Asia
sau,1868,32.1,Saudi Arabia,Asia
sau,1869,32.1,Saudi Arabia,Asia
sau,1870,32.1,Saudi Arabia,Asia
sau,1871,32.2,Saudi Arabia,Asia
sau,1872,32.29,Saudi Arabia,Asia
sau,1873,32.39,Saudi Arabia,Asia
sau,1874,32.49,Saudi Arabia,Asia
sau,1875,32.59,Saudi Arabia,Asia
sau,1876,32.68,Saudi Arabia,Asia
sau,1877,32.78,Saudi Arabia,Asia
sau,1878,32.88,Saudi Arabia,Asia
sau,1879,32.98,Saudi Arabia,Asia
sau,1880,33.07,Saudi Arabia,Asia
sau,1881,33.17,Saudi Arabia,Asia
sau,1882,33.27,Saudi Arabia,Asia
sau,1883,33.37,Saudi Arabia,Asia
sau,1884,33.46,Saudi Arabia,Asia
sau,1885,33.56,Saudi Arabia,Asia
sau,1886,33.66,Saudi Arabia,Asia
sau,1887,33.76,Saudi Arabia,Asia
sau,1888,33.85,Saudi Arabia,Asia
sau,1889,33.95,Saudi Arabia,Asia
sau,1890,34.05,Saudi Arabia,Asia
sau,1891,34.15,Saudi Arabia,Asia
sau,1892,34.24,Saudi Arabia,Asia
sau,1893,34.34,Saudi Arabia,Asia
sau,1894,34.44,Saudi Arabia,Asia
sau,1895,34.54,Saudi Arabia,Asia
sau,1896,34.63,Saudi Arabia,Asia
sau,1897,34.73,Saudi Arabia,Asia
sau,1898,34.83,Saudi Arabia,Asia
sau,1899,34.92,Saudi Arabia,Asia
sau,1900,35.02,Saudi Arabia,Asia
sau,1901,35.12,Saudi Arabia,Asia
sau,1902,35.22,Saudi Arabia,Asia
sau,1903,35.31,Saudi Arabia,Asia
sau,1904,35.41,Saudi Arabia,Asia
sau,1905,35.51,Saudi Arabia,Asia
sau,1906,35.61,Saudi Arabia,Asia
sau,1907,35.7,Saudi Arabia,Asia
sau,1908,35.8,Saudi Arabia,Asia
sau,1909,35.9,Saudi Arabia,Asia
sau,1910,36,Saudi Arabia,Asia
sau,1911,36.09,Saudi Arabia,Asia
sau,1912,36.19,Saudi Arabia,Asia
sau,1913,36.29,Saudi Arabia,Asia
sau,1914,36.39,Saudi Arabia,Asia
sau,1915,36.48,Saudi Arabia,Asia
sau,1916,36.58,Saudi Arabia,Asia
sau,1917,36.68,Saudi Arabia,Asia
sau,1918,30.49,Saudi Arabia,Asia
sau,1919,36.87,Saudi Arabia,Asia
sau,1920,36.97,Saudi Arabia,Asia
sau,1921,37.07,Saudi Arabia,Asia
sau,1922,37.17,Saudi Arabia,Asia
sau,1923,37.26,Saudi Arabia,Asia
sau,1924,37.36,Saudi Arabia,Asia
sau,1925,37.46,Saudi Arabia,Asia
sau,1926,37.55,Saudi Arabia,Asia
sau,1927,37.65,Saudi Arabia,Asia
sau,1928,37.75,Saudi Arabia,Asia
sau,1929,37.85,Saudi Arabia,Asia
sau,1930,37.94,Saudi Arabia,Asia
sau,1931,38.04,Saudi Arabia,Asia
sau,1932,38.14,Saudi Arabia,Asia
sau,1933,38.24,Saudi Arabia,Asia
sau,1934,38.33,Saudi Arabia,Asia
sau,1935,38.43,Saudi Arabia,Asia
sau,1936,38.53,Saudi Arabia,Asia
sau,1937,38.63,Saudi Arabia,Asia
sau,1938,38.72,Saudi Arabia,Asia
sau,1939,38.82,Saudi Arabia,Asia
sau,1940,38.92,Saudi Arabia,Asia
sau,1941,39.02,Saudi Arabia,Asia
sau,1942,39.11,Saudi Arabia,Asia
sau,1943,39.21,Saudi Arabia,Asia
sau,1944,39.31,Saudi Arabia,Asia
sau,1945,39.41,Saudi Arabia,Asia
sau,1946,41.69,Saudi Arabia,Asia
sau,1947,43.98,Saudi Arabia,Asia
sau,1948,46.28,Saudi Arabia,Asia
sau,1949,48.6,Saudi Arabia,Asia
sau,1950,50.92,Saudi Arabia,Asia
sau,1951,51.28,Saudi Arabia,Asia
sau,1952,51.56,Saudi Arabia,Asia
sau,1953,51.9,Saudi Arabia,Asia
sau,1954,52.27,Saudi Arabia,Asia
sau,1955,52.56,Saudi Arabia,Asia
sau,1956,52.87,Saudi Arabia,Asia
sau,1957,53.19,Saudi Arabia,Asia
sau,1958,53.52,Saudi Arabia,Asia
sau,1959,53.89,Saudi Arabia,Asia
sau,1960,54.34,Saudi Arabia,Asia
sau,1961,54.83,Saudi Arabia,Asia
sau,1962,55.37,Saudi Arabia,Asia
sau,1963,55.88,Saudi Arabia,Asia
sau,1964,56.39,Saudi Arabia,Asia
sau,1965,56.93,Saudi Arabia,Asia
sau,1966,57.51,Saudi Arabia,Asia
sau,1967,58.08,Saudi Arabia,Asia
sau,1968,58.63,Saudi Arabia,Asia
sau,1969,59.16,Saudi Arabia,Asia
sau,1970,59.81,Saudi Arabia,Asia
sau,1971,60.49,Saudi Arabia,Asia
sau,1972,61.39,Saudi Arabia,Asia
sau,1973,62.22,Saudi Arabia,Asia
sau,1974,63.07,Saudi Arabia,Asia
sau,1975,63.63,Saudi Arabia,Asia
sau,1976,64.25,Saudi Arabia,Asia
sau,1977,64.83,Saudi Arabia,Asia
sau,1978,65.26,Saudi Arabia,Asia
sau,1979,65.58,Saudi Arabia,Asia
sau,1980,66.06,Saudi Arabia,Asia
sau,1981,66.6,Saudi Arabia,Asia
sau,1982,66.89,Saudi Arabia,Asia
sau,1983,67.13,Saudi Arabia,Asia
sau,1984,67.33,Saudi Arabia,Asia
sau,1985,67.54,Saudi Arabia,Asia
sau,1986,67.74,Saudi Arabia,Asia
sau,1987,67.95,Saudi Arabia,Asia
sau,1988,68.15,Saudi Arabia,Asia
sau,1989,68.21,Saudi Arabia,Asia
sau,1990,68.08,Saudi Arabia,Asia
sau,1991,68.46,Saudi Arabia,Asia
sau,1992,68.77,Saudi Arabia,Asia
sau,1993,69.01,Saudi Arabia,Asia
sau,1994,69.22,Saudi Arabia,Asia
sau,1995,69.4,Saudi Arabia,Asia
sau,1996,69.62,Saudi Arabia,Asia
sau,1997,69.76,Saudi Arabia,Asia
sau,1998,70.01,Saudi Arabia,Asia
sau,1999,70.19,Saudi Arabia,Asia
sau,2000,70.37,Saudi Arabia,Asia
sau,2001,70.57,Saudi Arabia,Asia
sau,2002,70.74,Saudi Arabia,Asia
sau,2003,70.87,Saudi Arabia,Asia
sau,2004,71.07,Saudi Arabia,Asia
sau,2005,71.16,Saudi Arabia,Asia
sau,2006,71.21,Saudi Arabia,Asia
sau,2007,71.29,Saudi Arabia,Asia
sau,2008,71.4,Saudi Arabia,Asia
sau,2009,71.62,Saudi Arabia,Asia
sau,2010,71.84,Saudi Arabia,Asia
sau,2011,72.2,Saudi Arabia,Asia
sau,2012,72.56,Saudi Arabia,Asia
sau,2013,72.88,Saudi Arabia,Asia
sau,2014,73.17,Saudi Arabia,Asia
sau,2015,73.25,Saudi Arabia,Asia
sau,2016,73.71,Saudi Arabia,Asia
sau,2017,74.02,Saudi Arabia,Asia
sau,2018,74.28,Saudi Arabia,Asia
sau,2019,74.52,Saudi Arabia,Asia
sau,2020,74.34,Saudi Arabia,Asia
sau,2021,74.82,Saudi Arabia,Asia
sau,2022,74.98,Saudi Arabia,Asia
sau,2023,75.14,Saudi Arabia,Asia
sau,2024,75.29,Saudi Arabia,Asia
sau,2025,75.43,Saudi Arabia,Asia
sau,2026,75.58,Saudi Arabia,Asia
sau,2027,75.71,Saudi Arabia,Asia
sau,2028,75.85,Saudi Arabia,Asia
sau,2029,75.99,Saudi Arabia,Asia
sau,2030,76.13,Saudi Arabia,Asia
sau,2031,76.27,Saudi Arabia,Asia
sau,2032,76.4,Saudi Arabia,Asia
sau,2033,76.54,Saudi Arabia,Asia
sau,2034,76.69,Saudi Arabia,Asia
sau,2035,76.83,Saudi Arabia,Asia
sau,2036,76.97,Saudi Arabia,Asia
sau,2037,77.12,Saudi Arabia,Asia
sau,2038,77.26,Saudi Arabia,Asia
sau,2039,77.41,Saudi Arabia,Asia
sau,2040,77.56,Saudi Arabia,Asia
sau,2041,77.71,Saudi Arabia,Asia
sau,2042,77.86,Saudi Arabia,Asia
sau,2043,78,Saudi Arabia,Asia
sau,2044,78.15,Saudi Arabia,Asia
sau,2045,78.3,Saudi Arabia,Asia
sau,2046,78.46,Saudi Arabia,Asia
sau,2047,78.6,Saudi Arabia,Asia
sau,2048,78.75,Saudi Arabia,Asia
sau,2049,78.9,Saudi Arabia,Asia
sau,2050,79.05,Saudi Arabia,Asia
sau,2051,79.2,Saudi Arabia,Asia
sau,2052,79.35,Saudi Arabia,Asia
sau,2053,79.49,Saudi Arabia,Asia
sau,2054,79.64,Saudi Arabia,Asia
sau,2055,79.79,Saudi Arabia,Asia
sau,2056,79.94,Saudi Arabia,Asia
sau,2057,80.08,Saudi Arabia,Asia
sau,2058,80.22,Saudi Arabia,Asia
sau,2059,80.36,Saudi Arabia,Asia
sau,2060,80.5,Saudi Arabia,Asia
sau,2061,80.63,Saudi Arabia,Asia
sau,2062,80.77,Saudi Arabia,Asia
sau,2063,80.9,Saudi Arabia,Asia
sau,2064,81.03,Saudi Arabia,Asia
sau,2065,81.17,Saudi Arabia,Asia
sau,2066,81.3,Saudi Arabia,Asia
sau,2067,81.43,Saudi Arabia,Asia
sau,2068,81.56,Saudi Arabia,Asia
sau,2069,81.69,Saudi Arabia,Asia
sau,2070,81.82,Saudi Arabia,Asia
sau,2071,81.95,Saudi Arabia,Asia
sau,2072,82.08,Saudi Arabia,Asia
sau,2073,82.21,Saudi Arabia,Asia
sau,2074,82.34,Saudi Arabia,Asia
sau,2075,82.47,Saudi Arabia,Asia
sau,2076,82.59,Saudi Arabia,Asia
sau,2077,82.72,Saudi Arabia,Asia
sau,2078,82.84,Saudi Arabia,Asia
sau,2079,82.96,Saudi Arabia,Asia
sau,2080,83.08,Saudi Arabia,Asia
sau,2081,83.19,Saudi Arabia,Asia
sau,2082,83.31,Saudi Arabia,Asia
sau,2083,83.42,Saudi Arabia,Asia
sau,2084,83.54,Saudi Arabia,Asia
sau,2085,83.65,Saudi Arabia,Asia
sau,2086,83.76,Saudi Arabia,Asia
sau,2087,83.87,Saudi Arabia,Asia
sau,2088,83.98,Saudi Arabia,Asia
sau,2089,84.09,Saudi Arabia,Asia
sau,2090,84.2,Saudi Arabia,Asia
sau,2091,84.3,Saudi Arabia,Asia
sau,2092,84.41,Saudi Arabia,Asia
sau,2093,84.51,Saudi Arabia,Asia
sau,2094,84.61,Saudi Arabia,Asia
sau,2095,84.71,Saudi Arabia,Asia
sau,2096,84.8,Saudi Arabia,Asia
sau,2097,84.9,Saudi Arabia,Asia
sau,2098,84.99,Saudi Arabia,Asia
sau,2099,85.09,Saudi Arabia,Asia
sau,2100,85.18,Saudi Arabia,Asia
sen,1800,25.2,Senegal,Africa
sen,1801,25.2,Senegal,Africa
sen,1802,25.2,Senegal,Africa
sen,1803,25.2,Senegal,Africa
sen,1804,25.2,Senegal,Africa
sen,1805,25.2,Senegal,Africa
sen,1806,25.2,Senegal,Africa
sen,1807,25.2,Senegal,Africa
sen,1808,25.2,Senegal,Africa
sen,1809,25.2,Senegal,Africa
sen,1810,25.2,Senegal,Africa
sen,1811,25.2,Senegal,Africa
sen,1812,25.2,Senegal,Africa
sen,1813,25.2,Senegal,Africa
sen,1814,25.2,Senegal,Africa
sen,1815,25.2,Senegal,Africa
sen,1816,25.2,Senegal,Africa
sen,1817,25.2,Senegal,Africa
sen,1818,25.2,Senegal,Africa
sen,1819,25.2,Senegal,Africa
sen,1820,25.2,Senegal,Africa
sen,1821,25.2,Senegal,Africa
sen,1822,25.2,Senegal,Africa
sen,1823,25.2,Senegal,Africa
sen,1824,25.2,Senegal,Africa
sen,1825,25.2,Senegal,Africa
sen,1826,25.2,Senegal,Africa
sen,1827,25.2,Senegal,Africa
sen,1828,25.2,Senegal,Africa
sen,1829,25.2,Senegal,Africa
sen,1830,25.2,Senegal,Africa
sen,1831,25.2,Senegal,Africa
sen,1832,25.2,Senegal,Africa
sen,1833,25.2,Senegal,Africa
sen,1834,25.2,Senegal,Africa
sen,1835,25.2,Senegal,Africa
sen,1836,25.2,Senegal,Africa
sen,1837,25.2,Senegal,Africa
sen,1838,25.2,Senegal,Africa
sen,1839,25.2,Senegal,Africa
sen,1840,25.2,Senegal,Africa
sen,1841,25.2,Senegal,Africa
sen,1842,25.2,Senegal,Africa
sen,1843,25.2,Senegal,Africa
sen,1844,25.2,Senegal,Africa
sen,1845,25.2,Senegal,Africa
sen,1846,25.2,Senegal,Africa
sen,1847,25.2,Senegal,Africa
sen,1848,25.2,Senegal,Africa
sen,1849,25.2,Senegal,Africa
sen,1850,25.2,Senegal,Africa
sen,1851,25.2,Senegal,Africa
sen,1852,25.2,Senegal,Africa
sen,1853,25.2,Senegal,Africa
sen,1854,25.2,Senegal,Africa
sen,1855,25.2,Senegal,Africa
sen,1856,25.2,Senegal,Africa
sen,1857,25.2,Senegal,Africa
sen,1858,25.2,Senegal,Africa
sen,1859,25.2,Senegal,Africa
sen,1860,25.2,Senegal,Africa
sen,1861,25.2,Senegal,Africa
sen,1862,25.2,Senegal,Africa
sen,1863,25.2,Senegal,Africa
sen,1864,25.2,Senegal,Africa
sen,1865,25.2,Senegal,Africa
sen,1866,25.2,Senegal,Africa
sen,1867,25.2,Senegal,Africa
sen,1868,25.2,Senegal,Africa
sen,1869,25.2,Senegal,Africa
sen,1870,25.2,Senegal,Africa
sen,1871,25.3,Senegal,Africa
sen,1872,25.4,Senegal,Africa
sen,1873,25.49,Senegal,Africa
sen,1874,25.59,Senegal,Africa
sen,1875,25.69,Senegal,Africa
sen,1876,25.79,Senegal,Africa
sen,1877,25.88,Senegal,Africa
sen,1878,25.98,Senegal,Africa
sen,1879,26.08,Senegal,Africa
sen,1880,26.18,Senegal,Africa
sen,1881,26.28,Senegal,Africa
sen,1882,26.37,Senegal,Africa
sen,1883,26.47,Senegal,Africa
sen,1884,26.57,Senegal,Africa
sen,1885,26.67,Senegal,Africa
sen,1886,26.76,Senegal,Africa
sen,1887,26.86,Senegal,Africa
sen,1888,26.96,Senegal,Africa
sen,1889,27.06,Senegal,Africa
sen,1890,27.15,Senegal,Africa
sen,1891,27.25,Senegal,Africa
sen,1892,27.35,Senegal,Africa
sen,1893,27.45,Senegal,Africa
sen,1894,27.55,Senegal,Africa
sen,1895,27.64,Senegal,Africa
sen,1896,27.74,Senegal,Africa
sen,1897,27.84,Senegal,Africa
sen,1898,27.94,Senegal,Africa
sen,1899,28.03,Senegal,Africa
sen,1900,28.13,Senegal,Africa
sen,1901,28.23,Senegal,Africa
sen,1902,28.33,Senegal,Africa
sen,1903,28.43,Senegal,Africa
sen,1904,28.52,Senegal,Africa
sen,1905,28.62,Senegal,Africa
sen,1906,28.72,Senegal,Africa
sen,1907,28.82,Senegal,Africa
sen,1908,28.91,Senegal,Africa
sen,1909,29.01,Senegal,Africa
sen,1910,29.11,Senegal,Africa
sen,1911,29.21,Senegal,Africa
sen,1912,29.3,Senegal,Africa
sen,1913,29.4,Senegal,Africa
sen,1914,29.5,Senegal,Africa
sen,1915,29.6,Senegal,Africa
sen,1916,29.7,Senegal,Africa
sen,1917,29.79,Senegal,Africa
sen,1918,14.12,Senegal,Africa
sen,1919,29.99,Senegal,Africa
sen,1920,30.09,Senegal,Africa
sen,1921,30.18,Senegal,Africa
sen,1922,30.28,Senegal,Africa
sen,1923,30.07,Senegal,Africa
sen,1924,29.85,Senegal,Africa
sen,1925,29.63,Senegal,Africa
sen,1926,29.41,Senegal,Africa
sen,1927,29.18,Senegal,Africa
sen,1928,29.58,Senegal,Africa
sen,1929,29.98,Senegal,Africa
sen,1930,30.39,Senegal,Africa
sen,1931,30.79,Senegal,Africa
sen,1932,31.2,Senegal,Africa
sen,1933,31.61,Senegal,Africa
sen,1934,32.02,Senegal,Africa
sen,1935,32.43,Senegal,Africa
sen,1936,32.84,Senegal,Africa
sen,1937,33.26,Senegal,Africa
sen,1938,33.74,Senegal,Africa
sen,1939,34.23,Senegal,Africa
sen,1940,34.71,Senegal,Africa
sen,1941,35.2,Senegal,Africa
sen,1942,35.69,Senegal,Africa
sen,1943,36.18,Senegal,Africa
sen,1944,36.68,Senegal,Africa
sen,1945,37.18,Senegal,Africa
sen,1946,38.77,Senegal,Africa
sen,1947,40.37,Senegal,Africa
sen,1948,41.97,Senegal,Africa
sen,1949,43.59,Senegal,Africa
sen,1950,45.21,Senegal,Africa
sen,1951,45.39,Senegal,Africa
sen,1952,45.66,Senegal,Africa
sen,1953,46.15,Senegal,Africa
sen,1954,45.96,Senegal,Africa
sen,1955,46.04,Senegal,Africa
sen,1956,46.26,Senegal,Africa
sen,1957,46.58,Senegal,Africa
sen,1958,46.74,Senegal,Africa
sen,1959,46.81,Senegal,Africa
sen,1960,46.91,Senegal,Africa
sen,1961,46.97,Senegal,Africa
sen,1962,47.01,Senegal,Africa
sen,1963,46.86,Senegal,Africa
sen,1964,46.93,Senegal,Africa
sen,1965,47.1,Senegal,Africa
sen,1966,47.25,Senegal,Africa
sen,1967,47.32,Senegal,Africa
sen,1968,47.45,Senegal,Africa
sen,1969,47.6,Senegal,Africa
sen,1970,47.87,Senegal,Africa
sen,1971,48.14,Senegal,Africa
sen,1972,48.54,Senegal,Africa
sen,1973,48.97,Senegal,Africa
sen,1974,49.41,Senegal,Africa
sen,1975,49.91,Senegal,Africa
sen,1976,50.52,Senegal,Africa
sen,1977,51.22,Senegal,Africa
sen,1978,51.81,Senegal,Africa
sen,1979,52.4,Senegal,Africa
sen,1980,52.92,Senegal,Africa
sen,1981,53.43,Senegal,Africa
sen,1982,54.11,Senegal,Africa
sen,1983,54.97,Senegal,Africa
sen,1984,55.66,Senegal,Africa
sen,1985,56.22,Senegal,Africa
sen,1986,56.79,Senegal,Africa
sen,1987,57.32,Senegal,Africa
sen,1988,57.88,Senegal,Africa
sen,1989,58.27,Senegal,Africa
sen,1990,58.61,Senegal,Africa
sen,1991,58.93,Senegal,Africa
sen,1992,59.01,Senegal,Africa
sen,1993,59.09,Senegal,Africa
sen,1994,59.18,Senegal,Africa
sen,1995,59.17,Senegal,Africa
sen,1996,59.46,Senegal,Africa
sen,1997,59.57,Senegal,Africa
sen,1998,59.73,Senegal,Africa
sen,1999,60.07,Senegal,Africa
sen,2000,60.63,Senegal,Africa
sen,2001,61.11,Senegal,Africa
sen,2002,61.36,Senegal,Africa
sen,2003,62.2,Senegal,Africa
sen,2004,62.7,Senegal,Africa
sen,2005,63.19,Senegal,Africa
sen,2006,63.71,Senegal,Africa
sen,2007,64.39,Senegal,Africa
sen,2008,64.99,Senegal,Africa
sen,2009,65.39,Senegal,Africa
sen,2010,65.67,Senegal,Africa
sen,2011,65.95,Senegal,Africa
sen,2012,66.21,Senegal,Africa
sen,2013,66.48,Senegal,Africa
sen,2014,66.76,Senegal,Africa
sen,2015,66.98,Senegal,Africa
sen,2016,67.27,Senegal,Africa
sen,2017,67.53,Senegal,Africa
sen,2018,68.05,Senegal,Africa
sen,2019,68.47,Senegal,Africa
sen,2020,68.47,Senegal,Africa
sen,2021,69.01,Senegal,Africa
sen,2022,69.28,Senegal,Africa
sen,2023,69.54,Senegal,Africa
sen,2024,69.79,Senegal,Africa
sen,2025,70.04,Senegal,Africa
sen,2026,70.28,Senegal,Africa
sen,2027,70.51,Senegal,Africa
sen,2028,70.74,Senegal,Africa
sen,2029,70.96,Senegal,Africa
sen,2030,71.17,Senegal,Africa
sen,2031,71.37,Senegal,Africa
sen,2032,71.57,Senegal,Africa
sen,2033,71.77,Senegal,Africa
sen,2034,71.96,Senegal,Africa
sen,2035,72.15,Senegal,Africa
sen,2036,72.33,Senegal,Africa
sen,2037,72.52,Senegal,Africa
sen,2038,72.7,Senegal,Africa
sen,2039,72.87,Senegal,Africa
sen,2040,73.05,Senegal,Africa
sen,2041,73.22,Senegal,Africa
sen,2042,73.39,Senegal,Africa
sen,2043,73.55,Senegal,Africa
sen,2044,73.72,Senegal,Africa
sen,2045,73.88,Senegal,Africa
sen,2046,74.04,Senegal,Africa
sen,2047,74.2,Senegal,Africa
sen,2048,74.36,Senegal,Africa
sen,2049,74.51,Senegal,Africa
sen,2050,74.67,Senegal,Africa
sen,2051,74.82,Senegal,Africa
sen,2052,74.97,Senegal,Africa
sen,2053,75.13,Senegal,Africa
sen,2054,75.28,Senegal,Africa
sen,2055,75.43,Senegal,Africa
sen,2056,75.57,Senegal,Africa
sen,2057,75.72,Senegal,Africa
sen,2058,75.86,Senegal,Africa
sen,2059,76.01,Senegal,Africa
sen,2060,76.15,Senegal,Africa
sen,2061,76.3,Senegal,Africa
sen,2062,76.44,Senegal,Africa
sen,2063,76.59,Senegal,Africa
sen,2064,76.74,Senegal,Africa
sen,2065,76.88,Senegal,Africa
sen,2066,77.03,Senegal,Africa
sen,2067,77.18,Senegal,Africa
sen,2068,77.33,Senegal,Africa
sen,2069,77.48,Senegal,Africa
sen,2070,77.62,Senegal,Africa
sen,2071,77.77,Senegal,Africa
sen,2072,77.92,Senegal,Africa
sen,2073,78.06,Senegal,Africa
sen,2074,78.21,Senegal,Africa
sen,2075,78.36,Senegal,Africa
sen,2076,78.51,Senegal,Africa
sen,2077,78.65,Senegal,Africa
sen,2078,78.8,Senegal,Africa
sen,2079,78.95,Senegal,Africa
sen,2080,79.1,Senegal,Africa
sen,2081,79.24,Senegal,Africa
sen,2082,79.39,Senegal,Africa
sen,2083,79.54,Senegal,Africa
sen,2084,79.69,Senegal,Africa
sen,2085,79.83,Senegal,Africa
sen,2086,79.98,Senegal,Africa
sen,2087,80.12,Senegal,Africa
sen,2088,80.27,Senegal,Africa
sen,2089,80.41,Senegal,Africa
sen,2090,80.56,Senegal,Africa
sen,2091,80.7,Senegal,Africa
sen,2092,80.85,Senegal,Africa
sen,2093,80.99,Senegal,Africa
sen,2094,81.14,Senegal,Africa
sen,2095,81.29,Senegal,Africa
sen,2096,81.43,Senegal,Africa
sen,2097,81.58,Senegal,Africa
sen,2098,81.73,Senegal,Africa
sen,2099,81.87,Senegal,Africa
sen,2100,82.02,Senegal,Africa
srb,1800,35.5,Serbia,Europe
srb,1801,35.5,Serbia,Europe
srb,1802,35.5,Serbia,Europe
srb,1803,35.5,Serbia,Europe
srb,1804,35.5,Serbia,Europe
srb,1805,35.5,Serbia,Europe
srb,1806,35.5,Serbia,Europe
srb,1807,35.5,Serbia,Europe
srb,1808,35.5,Serbia,Europe
srb,1809,35.5,Serbia,Europe
srb,1810,35.5,Serbia,Europe
srb,1811,35.5,Serbia,Europe
srb,1812,35.5,Serbia,Europe
srb,1813,35.5,Serbia,Europe
srb,1814,35.5,Serbia,Europe
srb,1815,35.5,Serbia,Europe
srb,1816,35.5,Serbia,Europe
srb,1817,35.5,Serbia,Europe
srb,1818,35.5,Serbia,Europe
srb,1819,35.5,Serbia,Europe
srb,1820,35.5,Serbia,Europe
srb,1821,35.5,Serbia,Europe
srb,1822,35.5,Serbia,Europe
srb,1823,35.5,Serbia,Europe
srb,1824,35.5,Serbia,Europe
srb,1825,35.5,Serbia,Europe
srb,1826,35.5,Serbia,Europe
srb,1827,35.5,Serbia,Europe
srb,1828,35.5,Serbia,Europe
srb,1829,35.5,Serbia,Europe
srb,1830,35.5,Serbia,Europe
srb,1831,35.5,Serbia,Europe
srb,1832,35.5,Serbia,Europe
srb,1833,35.5,Serbia,Europe
srb,1834,35.5,Serbia,Europe
srb,1835,35.5,Serbia,Europe
srb,1836,35.5,Serbia,Europe
srb,1837,35.5,Serbia,Europe
srb,1838,35.5,Serbia,Europe
srb,1839,35.5,Serbia,Europe
srb,1840,35.5,Serbia,Europe
srb,1841,35.5,Serbia,Europe
srb,1842,35.5,Serbia,Europe
srb,1843,35.5,Serbia,Europe
srb,1844,35.5,Serbia,Europe
srb,1845,35.5,Serbia,Europe
srb,1846,35.5,Serbia,Europe
srb,1847,35.5,Serbia,Europe
srb,1848,35.5,Serbia,Europe
srb,1849,35.5,Serbia,Europe
srb,1850,35.5,Serbia,Europe
srb,1851,35.5,Serbia,Europe
srb,1852,35.5,Serbia,Europe
srb,1853,35.5,Serbia,Europe
srb,1854,35.5,Serbia,Europe
srb,1855,35.5,Serbia,Europe
srb,1856,35.5,Serbia,Europe
srb,1857,35.5,Serbia,Europe
srb,1858,35.5,Serbia,Europe
srb,1859,35.5,Serbia,Europe
srb,1860,35.5,Serbia,Europe
srb,1861,35.5,Serbia,Europe
srb,1862,35.5,Serbia,Europe
srb,1863,35.5,Serbia,Europe
srb,1864,35.5,Serbia,Europe
srb,1865,35.5,Serbia,Europe
srb,1866,35.5,Serbia,Europe
srb,1867,35.5,Serbia,Europe
srb,1868,35.5,Serbia,Europe
srb,1869,35.5,Serbia,Europe
srb,1870,35.5,Serbia,Europe
srb,1871,35.47,Serbia,Europe
srb,1872,35.44,Serbia,Europe
srb,1873,35.41,Serbia,Europe
srb,1874,35.38,Serbia,Europe
srb,1875,35.36,Serbia,Europe
srb,1876,35.33,Serbia,Europe
srb,1877,35.3,Serbia,Europe
srb,1878,35.27,Serbia,Europe
srb,1879,35.24,Serbia,Europe
srb,1880,35.21,Serbia,Europe
srb,1881,35.18,Serbia,Europe
srb,1882,35.15,Serbia,Europe
srb,1883,35.12,Serbia,Europe
srb,1884,35.09,Serbia,Europe
srb,1885,35.07,Serbia,Europe
srb,1886,35.04,Serbia,Europe
srb,1887,35.01,Serbia,Europe
srb,1888,34.98,Serbia,Europe
srb,1889,34.95,Serbia,Europe
srb,1890,34.92,Serbia,Europe
srb,1891,34.89,Serbia,Europe
srb,1892,34.86,Serbia,Europe
srb,1893,34.83,Serbia,Europe
srb,1894,34.81,Serbia,Europe
srb,1895,34.78,Serbia,Europe
srb,1896,34.75,Serbia,Europe
srb,1897,34.72,Serbia,Europe
srb,1898,34.69,Serbia,Europe
srb,1899,34.66,Serbia,Europe
srb,1900,34.63,Serbia,Europe
srb,1901,34.6,Serbia,Europe
srb,1902,34.57,Serbia,Europe
srb,1903,34.55,Serbia,Europe
srb,1904,34.52,Serbia,Europe
srb,1905,34.49,Serbia,Europe
srb,1906,34.46,Serbia,Europe
srb,1907,34.43,Serbia,Europe
srb,1908,34.4,Serbia,Europe
srb,1909,34.37,Serbia,Europe
srb,1910,34.34,Serbia,Europe
srb,1911,34.31,Serbia,Europe
srb,1912,34.28,Serbia,Europe
srb,1913,34.26,Serbia,Europe
srb,1914,24.1,Serbia,Europe
srb,1915,15.41,Serbia,Europe
srb,1916,20.21,Serbia,Europe
srb,1917,19.23,Serbia,Europe
srb,1918,9.51,Serbia,Europe
srb,1919,34.08,Serbia,Europe
srb,1920,34.05,Serbia,Europe
srb,1921,34.75,Serbia,Europe
srb,1922,35.44,Serbia,Europe
srb,1923,36.14,Serbia,Europe
srb,1924,36.83,Serbia,Europe
srb,1925,37.52,Serbia,Europe
srb,1926,38.21,Serbia,Europe
srb,1927,38.9,Serbia,Europe
srb,1928,39.58,Serbia,Europe
srb,1929,40.27,Serbia,Europe
srb,1930,40.95,Serbia,Europe
srb,1931,41.64,Serbia,Europe
srb,1932,42.32,Serbia,Europe
srb,1933,43,Serbia,Europe
srb,1934,43.68,Serbia,Europe
srb,1935,44.36,Serbia,Europe
srb,1936,45.03,Serbia,Europe
srb,1937,45.71,Serbia,Europe
srb,1938,46.38,Serbia,Europe
srb,1939,47.06,Serbia,Europe
srb,1940,47.73,Serbia,Europe
srb,1941,41.53,Serbia,Europe
srb,1942,39.37,Serbia,Europe
srb,1943,37.91,Serbia,Europe
srb,1944,36.49,Serbia,Europe
srb,1945,40.69,Serbia,Europe
srb,1946,47.84,Serbia,Europe
srb,1947,51.74,Serbia,Europe
srb,1948,53,Serbia,Europe
srb,1949,53.7,Serbia,Europe
srb,1950,54.38,Serbia,Europe
srb,1951,53.66,Serbia,Europe
srb,1952,57.87,Serbia,Europe
srb,1953,58.33,Serbia,Europe
srb,1954,60.32,Serbia,Europe
srb,1955,59.19,Serbia,Europe
srb,1956,60.63,Serbia,Europe
srb,1957,60.97,Serbia,Europe
srb,1958,63.96,Serbia,Europe
srb,1959,63.28,Serbia,Europe
srb,1960,63.53,Serbia,Europe
srb,1961,63.21,Serbia,Europe
srb,1962,63.92,Serbia,Europe
srb,1963,65.15,Serbia,Europe
srb,1964,64.82,Serbia,Europe
srb,1965,65.45,Serbia,Europe
srb,1966,66.53,Serbia,Europe
srb,1967,65.98,Serbia,Europe
srb,1968,66.05,Serbia,Europe
srb,1969,65.51,Serbia,Europe
srb,1970,66.16,Serbia,Europe
srb,1971,66.44,Serbia,Europe
srb,1972,67.21,Serbia,Europe
srb,1973,68.3,Serbia,Europe
srb,1974,69,Serbia,Europe
srb,1975,69.24,Serbia,Europe
srb,1976,69.46,Serbia,Europe
srb,1977,69.45,Serbia,Europe
srb,1978,69.12,Serbia,Europe
srb,1979,69.45,Serbia,Europe
srb,1980,69.81,Serbia,Europe
srb,1981,69.84,Serbia,Europe
srb,1982,69.59,Serbia,Europe
srb,1983,69.24,Serbia,Europe
srb,1984,69.95,Serbia,Europe
srb,1985,70.42,Serbia,Europe
srb,1986,69.98,Serbia,Europe
srb,1987,69.81,Serbia,Europe
srb,1988,69.97,Serbia,Europe
srb,1989,70.13,Serbia,Europe
srb,1990,70.82,Serbia,Europe
srb,1991,70.49,Serbia,Europe
srb,1992,71.13,Serbia,Europe
srb,1993,71.02,Serbia,Europe
srb,1994,70.63,Serbia,Europe
srb,1995,70.58,Serbia,Europe
srb,1996,70.44,Serbia,Europe
srb,1997,70.16,Serbia,Europe
srb,1998,70.72,Serbia,Europe
srb,1999,68.94,Serbia,Europe
srb,2000,71.44,Serbia,Europe
srb,2001,71.91,Serbia,Europe
srb,2002,72.16,Serbia,Europe
srb,2003,72.15,Serbia,Europe
srb,2004,72.27,Serbia,Europe
srb,2005,72.35,Serbia,Europe
srb,2006,72.74,Serbia,Europe
srb,2007,73.15,Serbia,Europe
srb,2008,73.45,Serbia,Europe
srb,2009,73.64,Serbia,Europe
srb,2010,74.06,Serbia,Europe
srb,2011,74.33,Serbia,Europe
srb,2012,74.79,Serbia,Europe
srb,2013,74.89,Serbia,Europe
srb,2014,74.98,Serbia,Europe
srb,2015,75.07,Serbia,Europe
srb,2016,75.48,Serbia,Europe
srb,2017,75.58,Serbia,Europe
srb,2018,75.62,Serbia,Europe
srb,2019,75.68,Serbia,Europe
srb,2020,75.15,Serbia,Europe
srb,2021,75.96,Serbia,Europe
srb,2022,76.09,Serbia,Europe
srb,2023,76.22,Serbia,Europe
srb,2024,76.35,Serbia,Europe
srb,2025,76.49,Serbia,Europe
srb,2026,76.63,Serbia,Europe
srb,2027,76.77,Serbia,Europe
srb,2028,76.9,Serbia,Europe
srb,2029,77.04,Serbia,Europe
srb,2030,77.18,Serbia,Europe
srb,2031,77.32,Serbia,Europe
srb,2032,77.45,Serbia,Europe
srb,2033,77.59,Serbia,Europe
srb,2034,77.73,Serbia,Europe
srb,2035,77.87,Serbia,Europe
srb,2036,78,Serbia,Europe
srb,2037,78.14,Serbia,Europe
srb,2038,78.28,Serbia,Europe
srb,2039,78.41,Serbia,Europe
srb,2040,78.55,Serbia,Europe
srb,2041,78.69,Serbia,Europe
srb,2042,78.82,Serbia,Europe
srb,2043,78.96,Serbia,Europe
srb,2044,79.1,Serbia,Europe
srb,2045,79.24,Serbia,Europe
srb,2046,79.38,Serbia,Europe
srb,2047,79.52,Serbia,Europe
srb,2048,79.66,Serbia,Europe
srb,2049,79.8,Serbia,Europe
srb,2050,79.94,Serbia,Europe
srb,2051,80.08,Serbia,Europe
srb,2052,80.21,Serbia,Europe
srb,2053,80.35,Serbia,Europe
srb,2054,80.49,Serbia,Europe
srb,2055,80.63,Serbia,Europe
srb,2056,80.77,Serbia,Europe
srb,2057,80.91,Serbia,Europe
srb,2058,81.05,Serbia,Europe
srb,2059,81.18,Serbia,Europe
srb,2060,81.32,Serbia,Europe
srb,2061,81.46,Serbia,Europe
srb,2062,81.6,Serbia,Europe
srb,2063,81.74,Serbia,Europe
srb,2064,81.88,Serbia,Europe
srb,2065,82.02,Serbia,Europe
srb,2066,82.16,Serbia,Europe
srb,2067,82.29,Serbia,Europe
srb,2068,82.42,Serbia,Europe
srb,2069,82.56,Serbia,Europe
srb,2070,82.69,Serbia,Europe
srb,2071,82.82,Serbia,Europe
srb,2072,82.94,Serbia,Europe
srb,2073,83.07,Serbia,Europe
srb,2074,83.19,Serbia,Europe
srb,2075,83.32,Serbia,Europe
srb,2076,83.44,Serbia,Europe
srb,2077,83.56,Serbia,Europe
srb,2078,83.68,Serbia,Europe
srb,2079,83.8,Serbia,Europe
srb,2080,83.92,Serbia,Europe
srb,2081,84.04,Serbia,Europe
srb,2082,84.15,Serbia,Europe
srb,2083,84.26,Serbia,Europe
srb,2084,84.38,Serbia,Europe
srb,2085,84.49,Serbia,Europe
srb,2086,84.6,Serbia,Europe
srb,2087,84.7,Serbia,Europe
srb,2088,84.81,Serbia,Europe
srb,2089,84.92,Serbia,Europe
srb,2090,85.02,Serbia,Europe
srb,2091,85.13,Serbia,Europe
srb,2092,85.23,Serbia,Europe
srb,2093,85.34,Serbia,Europe
srb,2094,85.44,Serbia,Europe
srb,2095,85.54,Serbia,Europe
srb,2096,85.65,Serbia,Europe
srb,2097,85.75,Serbia,Europe
srb,2098,85.85,Serbia,Europe
srb,2099,85.95,Serbia,Europe
srb,2100,86.05,Serbia,Europe
syc,1800,37,Seychelles,Africa
syc,1801,37,Seychelles,Africa
syc,1802,37,Seychelles,Africa
syc,1803,37,Seychelles,Africa
syc,1804,37,Seychelles,Africa
syc,1805,37,Seychelles,Africa
syc,1806,37,Seychelles,Africa
syc,1807,37,Seychelles,Africa
syc,1808,37,Seychelles,Africa
syc,1809,37,Seychelles,Africa
syc,1810,37,Seychelles,Africa
syc,1811,37,Seychelles,Africa
syc,1812,37,Seychelles,Africa
syc,1813,37,Seychelles,Africa
syc,1814,37,Seychelles,Africa
syc,1815,37,Seychelles,Africa
syc,1816,37,Seychelles,Africa
syc,1817,37,Seychelles,Africa
syc,1818,37,Seychelles,Africa
syc,1819,37,Seychelles,Africa
syc,1820,37,Seychelles,Africa
syc,1821,37,Seychelles,Africa
syc,1822,37,Seychelles,Africa
syc,1823,37,Seychelles,Africa
syc,1824,37,Seychelles,Africa
syc,1825,37,Seychelles,Africa
syc,1826,37,Seychelles,Africa
syc,1827,37,Seychelles,Africa
syc,1828,37,Seychelles,Africa
syc,1829,37,Seychelles,Africa
syc,1830,37,Seychelles,Africa
syc,1831,37,Seychelles,Africa
syc,1832,37,Seychelles,Africa
syc,1833,37,Seychelles,Africa
syc,1834,37,Seychelles,Africa
syc,1835,37,Seychelles,Africa
syc,1836,37,Seychelles,Africa
syc,1837,37,Seychelles,Africa
syc,1838,37,Seychelles,Africa
syc,1839,37,Seychelles,Africa
syc,1840,37,Seychelles,Africa
syc,1841,37,Seychelles,Africa
syc,1842,37,Seychelles,Africa
syc,1843,37,Seychelles,Africa
syc,1844,37,Seychelles,Africa
syc,1845,37,Seychelles,Africa
syc,1846,37,Seychelles,Africa
syc,1847,37,Seychelles,Africa
syc,1848,37,Seychelles,Africa
syc,1849,37,Seychelles,Africa
syc,1850,37,Seychelles,Africa
syc,1851,37,Seychelles,Africa
syc,1852,37,Seychelles,Africa
syc,1853,37,Seychelles,Africa
syc,1854,37,Seychelles,Africa
syc,1855,37,Seychelles,Africa
syc,1856,37,Seychelles,Africa
syc,1857,37,Seychelles,Africa
syc,1858,37,Seychelles,Africa
syc,1859,37,Seychelles,Africa
syc,1860,37,Seychelles,Africa
syc,1861,37,Seychelles,Africa
syc,1862,37,Seychelles,Africa
syc,1863,37,Seychelles,Africa
syc,1864,37,Seychelles,Africa
syc,1865,37,Seychelles,Africa
syc,1866,37,Seychelles,Africa
syc,1867,37,Seychelles,Africa
syc,1868,37,Seychelles,Africa
syc,1869,37,Seychelles,Africa
syc,1870,37,Seychelles,Africa
syc,1871,37.28,Seychelles,Africa
syc,1872,37.56,Seychelles,Africa
syc,1873,37.84,Seychelles,Africa
syc,1874,38.11,Seychelles,Africa
syc,1875,38.39,Seychelles,Africa
syc,1876,38.67,Seychelles,Africa
syc,1877,38.95,Seychelles,Africa
syc,1878,39.23,Seychelles,Africa
syc,1879,39.51,Seychelles,Africa
syc,1880,39.79,Seychelles,Africa
syc,1881,40.07,Seychelles,Africa
syc,1882,40.35,Seychelles,Africa
syc,1883,40.63,Seychelles,Africa
syc,1884,40.91,Seychelles,Africa
syc,1885,41.2,Seychelles,Africa
syc,1886,41.48,Seychelles,Africa
syc,1887,41.76,Seychelles,Africa
syc,1888,42.04,Seychelles,Africa
syc,1889,42.32,Seychelles,Africa
syc,1890,42.61,Seychelles,Africa
syc,1891,42.89,Seychelles,Africa
syc,1892,43.17,Seychelles,Africa
syc,1893,43.45,Seychelles,Africa
syc,1894,43.74,Seychelles,Africa
syc,1895,44.02,Seychelles,Africa
syc,1896,44.31,Seychelles,Africa
syc,1897,44.59,Seychelles,Africa
syc,1898,44.87,Seychelles,Africa
syc,1899,45.16,Seychelles,Africa
syc,1900,45.44,Seychelles,Africa
syc,1901,45.73,Seychelles,Africa
syc,1902,46.01,Seychelles,Africa
syc,1903,46.3,Seychelles,Africa
syc,1904,46.58,Seychelles,Africa
syc,1905,46.87,Seychelles,Africa
syc,1906,47.15,Seychelles,Africa
syc,1907,47.44,Seychelles,Africa
syc,1908,47.73,Seychelles,Africa
syc,1909,48.01,Seychelles,Africa
syc,1910,48.3,Seychelles,Africa
syc,1911,48.59,Seychelles,Africa
syc,1912,48.88,Seychelles,Africa
syc,1913,49.16,Seychelles,Africa
syc,1914,49.45,Seychelles,Africa
syc,1915,49.74,Seychelles,Africa
syc,1916,50.03,Seychelles,Africa
syc,1917,50.31,Seychelles,Africa
syc,1918,50.6,Seychelles,Africa
syc,1919,50.89,Seychelles,Africa
syc,1920,51.18,Seychelles,Africa
syc,1921,51.47,Seychelles,Africa
syc,1922,51.76,Seychelles,Africa
syc,1923,52.05,Seychelles,Africa
syc,1924,52.34,Seychelles,Africa
syc,1925,52.63,Seychelles,Africa
syc,1926,52.92,Seychelles,Africa
syc,1927,53.21,Seychelles,Africa
syc,1928,53.5,Seychelles,Africa
syc,1929,53.79,Seychelles,Africa
syc,1930,54.08,Seychelles,Africa
syc,1931,54.38,Seychelles,Africa
syc,1932,54.67,Seychelles,Africa
syc,1933,54.96,Seychelles,Africa
syc,1934,55.25,Seychelles,Africa
syc,1935,55.54,Seychelles,Africa
syc,1936,55.84,Seychelles,Africa
syc,1937,56.13,Seychelles,Africa
syc,1938,56.42,Seychelles,Africa
syc,1939,56.72,Seychelles,Africa
syc,1940,57.01,Seychelles,Africa
syc,1941,57.3,Seychelles,Africa
syc,1942,57.6,Seychelles,Africa
syc,1943,57.89,Seychelles,Africa
syc,1944,58.19,Seychelles,Africa
syc,1945,58.48,Seychelles,Africa
syc,1946,58.78,Seychelles,Africa
syc,1947,59.07,Seychelles,Africa
syc,1948,59.37,Seychelles,Africa
syc,1949,59.66,Seychelles,Africa
syc,1950,59.96,Seychelles,Africa
syc,1951,60.36,Seychelles,Africa
syc,1952,60.76,Seychelles,Africa
syc,1953,61.15,Seychelles,Africa
syc,1954,61.53,Seychelles,Africa
syc,1955,62.01,Seychelles,Africa
syc,1956,62.54,Seychelles,Africa
syc,1957,63.01,Seychelles,Africa
syc,1958,63.33,Seychelles,Africa
syc,1959,63.56,Seychelles,Africa
syc,1960,63.64,Seychelles,Africa
syc,1961,63.38,Seychelles,Africa
syc,1962,63.52,Seychelles,Africa
syc,1963,63.67,Seychelles,Africa
syc,1964,63.81,Seychelles,Africa
syc,1965,63.89,Seychelles,Africa
syc,1966,64.1,Seychelles,Africa
syc,1967,64.31,Seychelles,Africa
syc,1968,64.7,Seychelles,Africa
syc,1969,65.11,Seychelles,Africa
syc,1970,65.73,Seychelles,Africa
syc,1971,66.44,Seychelles,Africa
syc,1972,67.24,Seychelles,Africa
syc,1973,67.78,Seychelles,Africa
syc,1974,68.33,Seychelles,Africa
syc,1975,68.91,Seychelles,Africa
syc,1976,69.43,Seychelles,Africa
syc,1977,69.84,Seychelles,Africa
syc,1978,70.29,Seychelles,Africa
syc,1979,70.76,Seychelles,Africa
syc,1980,71.06,Seychelles,Africa
syc,1981,71.14,Seychelles,Africa
syc,1982,70.72,Seychelles,Africa
syc,1983,71.36,Seychelles,Africa
syc,1984,71.49,Seychelles,Africa
syc,1985,71.25,Seychelles,Africa
syc,1986,71.12,Seychelles,Africa
syc,1987,70.95,Seychelles,Africa
syc,1988,70.92,Seychelles,Africa
syc,1989,70.53,Seychelles,Africa
syc,1990,70.56,Seychelles,Africa
syc,1991,70.75,Seychelles,Africa
syc,1992,70.8,Seychelles,Africa
syc,1993,70.7,Seychelles,Africa
syc,1994,70.62,Seychelles,Africa
syc,1995,70.95,Seychelles,Africa
syc,1996,71.06,Seychelles,Africa
syc,1997,71.19,Seychelles,Africa
syc,1998,71.58,Seychelles,Africa
syc,1999,71.83,Seychelles,Africa
syc,2000,72.2,Seychelles,Africa
syc,2001,72.32,Seychelles,Africa
syc,2002,72.11,Seychelles,Africa
syc,2003,71.9,Seychelles,Africa
syc,2004,72.05,Seychelles,Africa
syc,2005,72.24,Seychelles,Africa
syc,2006,72.4,Seychelles,Africa
syc,2007,72.53,Seychelles,Africa
syc,2008,72.76,Seychelles,Africa
syc,2009,72.94,Seychelles,Africa
syc,2010,73.21,Seychelles,Africa
syc,2011,73.42,Seychelles,Africa
syc,2012,73.4,Seychelles,Africa
syc,2013,73.49,Seychelles,Africa
syc,2014,73.5,Seychelles,Africa
syc,2015,73.41,Seychelles,Africa
syc,2016,73.31,Seychelles,Africa
syc,2017,73.42,Seychelles,Africa
syc,2018,73.51,Seychelles,Africa
syc,2019,73.56,Seychelles,Africa
syc,2020,73.6,Seychelles,Africa
syc,2021,73.74,Seychelles,Africa
syc,2022,73.84,Seychelles,Africa
syc,2023,73.95,Seychelles,Africa
syc,2024,74.08,Seychelles,Africa
syc,2025,74.21,Seychelles,Africa
syc,2026,74.36,Seychelles,Africa
syc,2027,74.51,Seychelles,Africa
syc,2028,74.68,Seychelles,Africa
syc,2029,74.85,Seychelles,Africa
syc,2030,75.03,Seychelles,Africa
syc,2031,75.21,Seychelles,Africa
syc,2032,75.38,Seychelles,Africa
syc,2033,75.55,Seychelles,Africa
syc,2034,75.7,Seychelles,Africa
syc,2035,75.85,Seychelles,Africa
syc,2036,75.99,Seychelles,Africa
syc,2037,76.12,Seychelles,Africa
syc,2038,76.26,Seychelles,Africa
syc,2039,76.4,Seychelles,Africa
syc,2040,76.53,Seychelles,Africa
syc,2041,76.67,Seychelles,Africa
syc,2042,76.81,Seychelles,Africa
syc,2043,76.95,Seychelles,Africa
syc,2044,77.09,Seychelles,Africa
syc,2045,77.23,Seychelles,Africa
syc,2046,77.37,Seychelles,Africa
syc,2047,77.51,Seychelles,Africa
syc,2048,77.65,Seychelles,Africa
syc,2049,77.79,Seychelles,Africa
syc,2050,77.93,Seychelles,Africa
syc,2051,78.07,Seychelles,Africa
syc,2052,78.22,Seychelles,Africa
syc,2053,78.36,Seychelles,Africa
syc,2054,78.51,Seychelles,Africa
syc,2055,78.65,Seychelles,Africa
syc,2056,78.79,Seychelles,Africa
syc,2057,78.94,Seychelles,Africa
syc,2058,79.08,Seychelles,Africa
syc,2059,79.23,Seychelles,Africa
syc,2060,79.38,Seychelles,Africa
syc,2061,79.53,Seychelles,Africa
syc,2062,79.68,Seychelles,Africa
syc,2063,79.82,Seychelles,Africa
syc,2064,79.97,Seychelles,Africa
syc,2065,80.12,Seychelles,Africa
syc,2066,80.27,Seychelles,Africa
syc,2067,80.42,Seychelles,Africa
syc,2068,80.57,Seychelles,Africa
syc,2069,80.72,Seychelles,Africa
syc,2070,80.86,Seychelles,Africa
syc,2071,81.01,Seychelles,Africa
syc,2072,81.15,Seychelles,Africa
syc,2073,81.3,Seychelles,Africa
syc,2074,81.45,Seychelles,Africa
syc,2075,81.59,Seychelles,Africa
syc,2076,81.74,Seychelles,Africa
syc,2077,81.88,Seychelles,Africa
syc,2078,82.03,Seychelles,Africa
syc,2079,82.17,Seychelles,Africa
syc,2080,82.31,Seychelles,Africa
syc,2081,82.44,Seychelles,Africa
syc,2082,82.58,Seychelles,Africa
syc,2083,82.71,Seychelles,Africa
syc,2084,82.84,Seychelles,Africa
syc,2085,82.97,Seychelles,Africa
syc,2086,83.1,Seychelles,Africa
syc,2087,83.22,Seychelles,Africa
syc,2088,83.34,Seychelles,Africa
syc,2089,83.47,Seychelles,Africa
syc,2090,83.59,Seychelles,Africa
syc,2091,83.71,Seychelles,Africa
syc,2092,83.83,Seychelles,Africa
syc,2093,83.95,Seychelles,Africa
syc,2094,84.07,Seychelles,Africa
syc,2095,84.19,Seychelles,Africa
syc,2096,84.31,Seychelles,Africa
syc,2097,84.42,Seychelles,Africa
syc,2098,84.53,Seychelles,Africa
syc,2099,84.65,Seychelles,Africa
syc,2100,84.76,Seychelles,Africa
sle,1800,25.1,Sierra Leone,Africa
sle,1801,25.1,Sierra Leone,Africa
sle,1802,25.1,Sierra Leone,Africa
sle,1803,25.1,Sierra Leone,Africa
sle,1804,25.1,Sierra Leone,Africa
sle,1805,25.1,Sierra Leone,Africa
sle,1806,25.1,Sierra Leone,Africa
sle,1807,25.1,Sierra Leone,Africa
sle,1808,25.1,Sierra Leone,Africa
sle,1809,25.1,Sierra Leone,Africa
sle,1810,25.1,Sierra Leone,Africa
sle,1811,25.1,Sierra Leone,Africa
sle,1812,25.1,Sierra Leone,Africa
sle,1813,25.1,Sierra Leone,Africa
sle,1814,25.1,Sierra Leone,Africa
sle,1815,25.1,Sierra Leone,Africa
sle,1816,25.1,Sierra Leone,Africa
sle,1817,25.1,Sierra Leone,Africa
sle,1818,25.1,Sierra Leone,Africa
sle,1819,25.1,Sierra Leone,Africa
sle,1820,25.1,Sierra Leone,Africa
sle,1821,25.1,Sierra Leone,Africa
sle,1822,25.1,Sierra Leone,Africa
sle,1823,25.1,Sierra Leone,Africa
sle,1824,25.1,Sierra Leone,Africa
sle,1825,25.1,Sierra Leone,Africa
sle,1826,25.1,Sierra Leone,Africa
sle,1827,25.1,Sierra Leone,Africa
sle,1828,25.1,Sierra Leone,Africa
sle,1829,25.1,Sierra Leone,Africa
sle,1830,25.1,Sierra Leone,Africa
sle,1831,25.1,Sierra Leone,Africa
sle,1832,25.1,Sierra Leone,Africa
sle,1833,25.1,Sierra Leone,Africa
sle,1834,25.1,Sierra Leone,Africa
sle,1835,25.1,Sierra Leone,Africa
sle,1836,25.1,Sierra Leone,Africa
sle,1837,25.1,Sierra Leone,Africa
sle,1838,25.1,Sierra Leone,Africa
sle,1839,25.1,Sierra Leone,Africa
sle,1840,25.1,Sierra Leone,Africa
sle,1841,25.1,Sierra Leone,Africa
sle,1842,25.1,Sierra Leone,Africa
sle,1843,25.1,Sierra Leone,Africa
sle,1844,25.1,Sierra Leone,Africa
sle,1845,25.1,Sierra Leone,Africa
sle,1846,25.1,Sierra Leone,Africa
sle,1847,25.1,Sierra Leone,Africa
sle,1848,25.1,Sierra Leone,Africa
sle,1849,25.1,Sierra Leone,Africa
sle,1850,25.1,Sierra Leone,Africa
sle,1851,25.1,Sierra Leone,Africa
sle,1852,25.1,Sierra Leone,Africa
sle,1853,25.1,Sierra Leone,Africa
sle,1854,25.1,Sierra Leone,Africa
sle,1855,25.1,Sierra Leone,Africa
sle,1856,25.1,Sierra Leone,Africa
sle,1857,25.1,Sierra Leone,Africa
sle,1858,25.1,Sierra Leone,Africa
sle,1859,25.1,Sierra Leone,Africa
sle,1860,25.1,Sierra Leone,Africa
sle,1861,25.1,Sierra Leone,Africa
sle,1862,25.1,Sierra Leone,Africa
sle,1863,25.1,Sierra Leone,Africa
sle,1864,25.1,Sierra Leone,Africa
sle,1865,25.1,Sierra Leone,Africa
sle,1866,25.1,Sierra Leone,Africa
sle,1867,25.1,Sierra Leone,Africa
sle,1868,25.1,Sierra Leone,Africa
sle,1869,25.1,Sierra Leone,Africa
sle,1870,25.1,Sierra Leone,Africa
sle,1871,25.23,Sierra Leone,Africa
sle,1872,25.36,Sierra Leone,Africa
sle,1873,25.48,Sierra Leone,Africa
sle,1874,25.61,Sierra Leone,Africa
sle,1875,25.74,Sierra Leone,Africa
sle,1876,25.87,Sierra Leone,Africa
sle,1877,26,Sierra Leone,Africa
sle,1878,26.13,Sierra Leone,Africa
sle,1879,26.25,Sierra Leone,Africa
sle,1880,26.38,Sierra Leone,Africa
sle,1881,26.51,Sierra Leone,Africa
sle,1882,26.64,Sierra Leone,Africa
sle,1883,26.77,Sierra Leone,Africa
sle,1884,26.89,Sierra Leone,Africa
sle,1885,27.02,Sierra Leone,Africa
sle,1886,27.15,Sierra Leone,Africa
sle,1887,27.28,Sierra Leone,Africa
sle,1888,27.41,Sierra Leone,Africa
sle,1889,27.54,Sierra Leone,Africa
sle,1890,27.66,Sierra Leone,Africa
sle,1891,27.79,Sierra Leone,Africa
sle,1892,27.92,Sierra Leone,Africa
sle,1893,28.05,Sierra Leone,Africa
sle,1894,28.18,Sierra Leone,Africa
sle,1895,28.3,Sierra Leone,Africa
sle,1896,28.43,Sierra Leone,Africa
sle,1897,28.56,Sierra Leone,Africa
sle,1898,28.69,Sierra Leone,Africa
sle,1899,28.82,Sierra Leone,Africa
sle,1900,28.95,Sierra Leone,Africa
sle,1901,29.07,Sierra Leone,Africa
sle,1902,29.2,Sierra Leone,Africa
sle,1903,29.33,Sierra Leone,Africa
sle,1904,29.46,Sierra Leone,Africa
sle,1905,29.59,Sierra Leone,Africa
sle,1906,29.71,Sierra Leone,Africa
sle,1907,29.84,Sierra Leone,Africa
sle,1908,29.97,Sierra Leone,Africa
sle,1909,30.1,Sierra Leone,Africa
sle,1910,30.23,Sierra Leone,Africa
sle,1911,30.36,Sierra Leone,Africa
sle,1912,30.48,Sierra Leone,Africa
sle,1913,30.61,Sierra Leone,Africa
sle,1914,30.74,Sierra Leone,Africa
sle,1915,30.87,Sierra Leone,Africa
sle,1916,31,Sierra Leone,Africa
sle,1917,31.12,Sierra Leone,Africa
sle,1918,14.76,Sierra Leone,Africa
sle,1919,31.38,Sierra Leone,Africa
sle,1920,31.51,Sierra Leone,Africa
sle,1921,31.64,Sierra Leone,Africa
sle,1922,31.77,Sierra Leone,Africa
sle,1923,31.89,Sierra Leone,Africa
sle,1924,32.02,Sierra Leone,Africa
sle,1925,32.15,Sierra Leone,Africa
sle,1926,32.28,Sierra Leone,Africa
sle,1927,32.25,Sierra Leone,Africa
sle,1928,32.22,Sierra Leone,Africa
sle,1929,32.19,Sierra Leone,Africa
sle,1930,32.16,Sierra Leone,Africa
sle,1931,32.13,Sierra Leone,Africa
sle,1932,32.31,Sierra Leone,Africa
sle,1933,32.5,Sierra Leone,Africa
sle,1934,32.68,Sierra Leone,Africa
sle,1935,32.86,Sierra Leone,Africa
sle,1936,33.04,Sierra Leone,Africa
sle,1937,33.23,Sierra Leone,Africa
sle,1938,33.41,Sierra Leone,Africa
sle,1939,33.6,Sierra Leone,Africa
sle,1940,33.78,Sierra Leone,Africa
sle,1941,33.97,Sierra Leone,Africa
sle,1942,34.15,Sierra Leone,Africa
sle,1943,34.34,Sierra Leone,Africa
sle,1944,34.53,Sierra Leone,Africa
sle,1945,34.71,Sierra Leone,Africa
sle,1946,35.76,Sierra Leone,Africa
sle,1947,36.82,Sierra Leone,Africa
sle,1948,37.88,Sierra Leone,Africa
sle,1949,38.95,Sierra Leone,Africa
sle,1950,40.03,Sierra Leone,Africa
sle,1951,40.31,Sierra Leone,Africa
sle,1952,40.57,Sierra Leone,Africa
sle,1953,40.84,Sierra Leone,Africa
sle,1954,41.12,Sierra Leone,Africa
sle,1955,41.37,Sierra Leone,Africa
sle,1956,41.63,Sierra Leone,Africa
sle,1957,41.87,Sierra Leone,Africa
sle,1958,42.12,Sierra Leone,Africa
sle,1959,42.42,Sierra Leone,Africa
sle,1960,42.7,Sierra Leone,Africa
sle,1961,42.96,Sierra Leone,Africa
sle,1962,43.23,Sierra Leone,Africa
sle,1963,43.5,Sierra Leone,Africa
sle,1964,43.83,Sierra Leone,Africa
sle,1965,44.17,Sierra Leone,Africa
sle,1966,44.52,Sierra Leone,Africa
sle,1967,44.76,Sierra Leone,Africa
sle,1968,45.04,Sierra Leone,Africa
sle,1969,45.37,Sierra Leone,Africa
sle,1970,45.74,Sierra Leone,Africa
sle,1971,46.13,Sierra Leone,Africa
sle,1972,46.46,Sierra Leone,Africa
sle,1973,46.78,Sierra Leone,Africa
sle,1974,47.1,Sierra Leone,Africa
sle,1975,47.36,Sierra Leone,Africa
sle,1976,47.67,Sierra Leone,Africa
sle,1977,47.93,Sierra Leone,Africa
sle,1978,48.13,Sierra Leone,Africa
sle,1979,48.26,Sierra Leone,Africa
sle,1980,48.35,Sierra Leone,Africa
sle,1981,48.49,Sierra Leone,Africa
sle,1982,48.72,Sierra Leone,Africa
sle,1983,48.94,Sierra Leone,Africa
sle,1984,49.2,Sierra Leone,Africa
sle,1985,49.33,Sierra Leone,Africa
sle,1986,49.46,Sierra Leone,Africa
sle,1987,50.01,Sierra Leone,Africa
sle,1988,50.37,Sierra Leone,Africa
sle,1989,50.72,Sierra Leone,Africa
sle,1990,51.09,Sierra Leone,Africa
sle,1991,50.71,Sierra Leone,Africa
sle,1992,51.3,Sierra Leone,Africa
sle,1993,51.62,Sierra Leone,Africa
sle,1994,50.84,Sierra Leone,Africa
sle,1995,50.6,Sierra Leone,Africa
sle,1996,51.76,Sierra Leone,Africa
sle,1997,51.55,Sierra Leone,Africa
sle,1998,49.78,Sierra Leone,Africa
sle,1999,50,Sierra Leone,Africa
sle,2000,51.63,Sierra Leone,Africa
sle,2001,52.2,Sierra Leone,Africa
sle,2002,52.36,Sierra Leone,Africa
sle,2003,52.62,Sierra Leone,Africa
sle,2004,52.92,Sierra Leone,Africa
sle,2005,53.28,Sierra Leone,Africa
sle,2006,53.69,Sierra Leone,Africa
sle,2007,54.1,Sierra Leone,Africa
sle,2008,54.7,Sierra Leone,Africa
sle,2009,55.25,Sierra Leone,Africa
sle,2010,55.99,Sierra Leone,Africa
sle,2011,56.65,Sierra Leone,Africa
sle,2012,57.35,Sierra Leone,Africa
sle,2013,58.22,Sierra Leone,Africa
sle,2014,57.14,Sierra Leone,Africa
sle,2015,58.67,Sierra Leone,Africa
sle,2016,60.02,Sierra Leone,Africa
sle,2017,60.22,Sierra Leone,Africa
sle,2018,61.2,Sierra Leone,Africa
sle,2019,61.78,Sierra Leone,Africa
sle,2020,61.94,Sierra Leone,Africa
sle,2021,62.6,Sierra Leone,Africa
sle,2022,63,Sierra Leone,Africa
sle,2023,63.39,Sierra Leone,Africa
sle,2024,63.78,Sierra Leone,Africa
sle,2025,64.17,Sierra Leone,Africa
sle,2026,64.56,Sierra Leone,Africa
sle,2027,64.95,Sierra Leone,Africa
sle,2028,65.34,Sierra Leone,Africa
sle,2029,65.72,Sierra Leone,Africa
sle,2030,66.1,Sierra Leone,Africa
sle,2031,66.47,Sierra Leone,Africa
sle,2032,66.84,Sierra Leone,Africa
sle,2033,67.2,Sierra Leone,Africa
sle,2034,67.56,Sierra Leone,Africa
sle,2035,67.91,Sierra Leone,Africa
sle,2036,68.25,Sierra Leone,Africa
sle,2037,68.58,Sierra Leone,Africa
sle,2038,68.91,Sierra Leone,Africa
sle,2039,69.23,Sierra Leone,Africa
sle,2040,69.54,Sierra Leone,Africa
sle,2041,69.85,Sierra Leone,Africa
sle,2042,70.15,Sierra Leone,Africa
sle,2043,70.44,Sierra Leone,Africa
sle,2044,70.73,Sierra Leone,Africa
sle,2045,71.01,Sierra Leone,Africa
sle,2046,71.29,Sierra Leone,Africa
sle,2047,71.56,Sierra Leone,Africa
sle,2048,71.82,Sierra Leone,Africa
sle,2049,72.08,Sierra Leone,Africa
sle,2050,72.33,Sierra Leone,Africa
sle,2051,72.57,Sierra Leone,Africa
sle,2052,72.81,Sierra Leone,Africa
sle,2053,73.04,Sierra Leone,Africa
sle,2054,73.26,Sierra Leone,Africa
sle,2055,73.48,Sierra Leone,Africa
sle,2056,73.7,Sierra Leone,Africa
sle,2057,73.91,Sierra Leone,Africa
sle,2058,74.11,Sierra Leone,Africa
sle,2059,74.31,Sierra Leone,Africa
sle,2060,74.5,Sierra Leone,Africa
sle,2061,74.69,Sierra Leone,Africa
sle,2062,74.88,Sierra Leone,Africa
sle,2063,75.07,Sierra Leone,Africa
sle,2064,75.25,Sierra Leone,Africa
sle,2065,75.43,Sierra Leone,Africa
sle,2066,75.6,Sierra Leone,Africa
sle,2067,75.77,Sierra Leone,Africa
sle,2068,75.94,Sierra Leone,Africa
sle,2069,76.1,Sierra Leone,Africa
sle,2070,76.25,Sierra Leone,Africa
sle,2071,76.41,Sierra Leone,Africa
sle,2072,76.56,Sierra Leone,Africa
sle,2073,76.71,Sierra Leone,Africa
sle,2074,76.86,Sierra Leone,Africa
sle,2075,77,Sierra Leone,Africa
sle,2076,77.15,Sierra Leone,Africa
sle,2077,77.29,Sierra Leone,Africa
sle,2078,77.44,Sierra Leone,Africa
sle,2079,77.58,Sierra Leone,Africa
sle,2080,77.72,Sierra Leone,Africa
sle,2081,77.86,Sierra Leone,Africa
sle,2082,78,Sierra Leone,Africa
sle,2083,78.13,Sierra Leone,Africa
sle,2084,78.27,Sierra Leone,Africa
sle,2085,78.4,Sierra Leone,Africa
sle,2086,78.53,Sierra Leone,Africa
sle,2087,78.66,Sierra Leone,Africa
sle,2088,78.79,Sierra Leone,Africa
sle,2089,78.91,Sierra Leone,Africa
sle,2090,79.04,Sierra Leone,Africa
sle,2091,79.16,Sierra Leone,Africa
sle,2092,79.28,Sierra Leone,Africa
sle,2093,79.4,Sierra Leone,Africa
sle,2094,79.53,Sierra Leone,Africa
sle,2095,79.65,Sierra Leone,Africa
sle,2096,79.77,Sierra Leone,Africa
sle,2097,79.89,Sierra Leone,Africa
sle,2098,80.02,Sierra Leone,Africa
sle,2099,80.14,Sierra Leone,Africa
sle,2100,80.27,Sierra Leone,Africa
sgp,1800,29.1,Singapore,Asia
sgp,1801,29.1,Singapore,Asia
sgp,1802,29.1,Singapore,Asia
sgp,1803,29.1,Singapore,Asia
sgp,1804,29.1,Singapore,Asia
sgp,1805,29.1,Singapore,Asia
sgp,1806,29.1,Singapore,Asia
sgp,1807,29.1,Singapore,Asia
sgp,1808,29.1,Singapore,Asia
sgp,1809,29.1,Singapore,Asia
sgp,1810,29.1,Singapore,Asia
sgp,1811,29.1,Singapore,Asia
sgp,1812,29.1,Singapore,Asia
sgp,1813,29.1,Singapore,Asia
sgp,1814,29.1,Singapore,Asia
sgp,1815,29.1,Singapore,Asia
sgp,1816,29.1,Singapore,Asia
sgp,1817,29.1,Singapore,Asia
sgp,1818,29.1,Singapore,Asia
sgp,1819,29.1,Singapore,Asia
sgp,1820,30.08,Singapore,Asia
sgp,1821,31.06,Singapore,Asia
sgp,1822,32.04,Singapore,Asia
sgp,1823,33.02,Singapore,Asia
sgp,1824,34,Singapore,Asia
sgp,1825,34,Singapore,Asia
sgp,1826,34,Singapore,Asia
sgp,1827,34,Singapore,Asia
sgp,1828,34,Singapore,Asia
sgp,1829,34,Singapore,Asia
sgp,1830,34,Singapore,Asia
sgp,1831,34,Singapore,Asia
sgp,1832,34,Singapore,Asia
sgp,1833,34,Singapore,Asia
sgp,1834,34,Singapore,Asia
sgp,1835,34,Singapore,Asia
sgp,1836,34,Singapore,Asia
sgp,1837,34,Singapore,Asia
sgp,1838,34,Singapore,Asia
sgp,1839,34,Singapore,Asia
sgp,1840,34,Singapore,Asia
sgp,1841,34,Singapore,Asia
sgp,1842,34,Singapore,Asia
sgp,1843,34,Singapore,Asia
sgp,1844,34,Singapore,Asia
sgp,1845,34,Singapore,Asia
sgp,1846,34,Singapore,Asia
sgp,1847,34,Singapore,Asia
sgp,1848,34,Singapore,Asia
sgp,1849,34,Singapore,Asia
sgp,1850,34,Singapore,Asia
sgp,1851,34,Singapore,Asia
sgp,1852,34,Singapore,Asia
sgp,1853,34,Singapore,Asia
sgp,1854,34,Singapore,Asia
sgp,1855,34,Singapore,Asia
sgp,1856,34,Singapore,Asia
sgp,1857,34,Singapore,Asia
sgp,1858,34,Singapore,Asia
sgp,1859,34,Singapore,Asia
sgp,1860,34,Singapore,Asia
sgp,1861,34,Singapore,Asia
sgp,1862,34,Singapore,Asia
sgp,1863,34,Singapore,Asia
sgp,1864,34,Singapore,Asia
sgp,1865,34,Singapore,Asia
sgp,1866,34,Singapore,Asia
sgp,1867,34,Singapore,Asia
sgp,1868,34,Singapore,Asia
sgp,1869,34,Singapore,Asia
sgp,1870,34,Singapore,Asia
sgp,1871,33.99,Singapore,Asia
sgp,1872,33.98,Singapore,Asia
sgp,1873,33.97,Singapore,Asia
sgp,1874,33.96,Singapore,Asia
sgp,1875,33.95,Singapore,Asia
sgp,1876,33.94,Singapore,Asia
sgp,1877,33.93,Singapore,Asia
sgp,1878,33.92,Singapore,Asia
sgp,1879,33.91,Singapore,Asia
sgp,1880,33.9,Singapore,Asia
sgp,1881,33.89,Singapore,Asia
sgp,1882,33.88,Singapore,Asia
sgp,1883,33.87,Singapore,Asia
sgp,1884,33.86,Singapore,Asia
sgp,1885,33.85,Singapore,Asia
sgp,1886,33.84,Singapore,Asia
sgp,1887,33.83,Singapore,Asia
sgp,1888,33.82,Singapore,Asia
sgp,1889,33.81,Singapore,Asia
sgp,1890,33.8,Singapore,Asia
sgp,1891,33.79,Singapore,Asia
sgp,1892,33.78,Singapore,Asia
sgp,1893,33.77,Singapore,Asia
sgp,1894,33.76,Singapore,Asia
sgp,1895,33.75,Singapore,Asia
sgp,1896,33.74,Singapore,Asia
sgp,1897,33.73,Singapore,Asia
sgp,1898,33.72,Singapore,Asia
sgp,1899,33.71,Singapore,Asia
sgp,1900,33.7,Singapore,Asia
sgp,1901,33.69,Singapore,Asia
sgp,1902,33.68,Singapore,Asia
sgp,1903,33.67,Singapore,Asia
sgp,1904,33.66,Singapore,Asia
sgp,1905,33.65,Singapore,Asia
sgp,1906,33.64,Singapore,Asia
sgp,1907,33.63,Singapore,Asia
sgp,1908,33.62,Singapore,Asia
sgp,1909,33.61,Singapore,Asia
sgp,1910,33.6,Singapore,Asia
sgp,1911,33.59,Singapore,Asia
sgp,1912,33.58,Singapore,Asia
sgp,1913,33.57,Singapore,Asia
sgp,1914,33.56,Singapore,Asia
sgp,1915,33.55,Singapore,Asia
sgp,1916,33.54,Singapore,Asia
sgp,1917,33.53,Singapore,Asia
sgp,1918,21.48,Singapore,Asia
sgp,1919,33.51,Singapore,Asia
sgp,1920,33.5,Singapore,Asia
sgp,1921,34.29,Singapore,Asia
sgp,1922,35.08,Singapore,Asia
sgp,1923,35.87,Singapore,Asia
sgp,1924,36.66,Singapore,Asia
sgp,1925,37.45,Singapore,Asia
sgp,1926,38.24,Singapore,Asia
sgp,1927,39.03,Singapore,Asia
sgp,1928,39.82,Singapore,Asia
sgp,1929,40.6,Singapore,Asia
sgp,1930,41.39,Singapore,Asia
sgp,1931,42.18,Singapore,Asia
sgp,1932,42.96,Singapore,Asia
sgp,1933,43.75,Singapore,Asia
sgp,1934,44.53,Singapore,Asia
sgp,1935,45.32,Singapore,Asia
sgp,1936,46.1,Singapore,Asia
sgp,1937,46.88,Singapore,Asia
sgp,1938,47.67,Singapore,Asia
sgp,1939,48.45,Singapore,Asia
sgp,1940,49.23,Singapore,Asia
sgp,1941,47.98,Singapore,Asia
sgp,1942,34.36,Singapore,Asia
sgp,1943,36.01,Singapore,Asia
sgp,1944,35.32,Singapore,Asia
sgp,1945,34.13,Singapore,Asia
sgp,1946,43.02,Singapore,Asia
sgp,1947,51.81,Singapore,Asia
sgp,1948,54.72,Singapore,Asia
sgp,1949,56.07,Singapore,Asia
sgp,1950,57.02,Singapore,Asia
sgp,1951,57.58,Singapore,Asia
sgp,1952,58.43,Singapore,Asia
sgp,1953,59.9,Singapore,Asia
sgp,1954,61.52,Singapore,Asia
sgp,1955,62.61,Singapore,Asia
sgp,1956,63.6,Singapore,Asia
sgp,1957,63.74,Singapore,Asia
sgp,1958,64.27,Singapore,Asia
sgp,1959,64.98,Singapore,Asia
sgp,1960,65.55,Singapore,Asia
sgp,1961,66.06,Singapore,Asia
sgp,1962,66.45,Singapore,Asia
sgp,1963,66.91,Singapore,Asia
sgp,1964,67.09,Singapore,Asia
sgp,1965,67.4,Singapore,Asia
sgp,1966,67.59,Singapore,Asia
sgp,1967,67.88,Singapore,Asia
sgp,1968,68.1,Singapore,Asia
sgp,1969,68.86,Singapore,Asia
sgp,1970,69.01,Singapore,Asia
sgp,1971,69.07,Singapore,Asia
sgp,1972,69.26,Singapore,Asia
sgp,1973,69.44,Singapore,Asia
sgp,1974,70.02,Singapore,Asia
sgp,1975,70.52,Singapore,Asia
sgp,1976,70.91,Singapore,Asia
sgp,1977,71.01,Singapore,Asia
sgp,1978,71.27,Singapore,Asia
sgp,1979,71.43,Singapore,Asia
sgp,1980,71.72,Singapore,Asia
sgp,1981,71.9,Singapore,Asia
sgp,1982,72.32,Singapore,Asia
sgp,1983,72.55,Singapore,Asia
sgp,1984,72.9,Singapore,Asia
sgp,1985,73.45,Singapore,Asia
sgp,1986,74.11,Singapore,Asia
sgp,1987,74.45,Singapore,Asia
sgp,1988,74.74,Singapore,Asia
sgp,1989,75.23,Singapore,Asia
sgp,1990,75.61,Singapore,Asia
sgp,1991,76.1,Singapore,Asia
sgp,1992,76.52,Singapore,Asia
sgp,1993,76.83,Singapore,Asia
sgp,1994,76.96,Singapore,Asia
sgp,1995,77.13,Singapore,Asia
sgp,1996,77.43,Singapore,Asia
sgp,1997,77.88,Singapore,Asia
sgp,1998,78.28,Singapore,Asia
sgp,1999,78.85,Singapore,Asia
sgp,2000,79.39,Singapore,Asia
sgp,2001,79.84,Singapore,Asia
sgp,2002,80.11,Singapore,Asia
sgp,2003,80.37,Singapore,Asia
sgp,2004,80.66,Singapore,Asia
sgp,2005,81.31,Singapore,Asia
sgp,2006,81.58,Singapore,Asia
sgp,2007,81.79,Singapore,Asia
sgp,2008,82.07,Singapore,Asia
sgp,2009,82.48,Singapore,Asia
sgp,2010,82.76,Singapore,Asia
sgp,2011,83.1,Singapore,Asia
sgp,2012,83.26,Singapore,Asia
sgp,2013,83.54,Singapore,Asia
sgp,2014,83.84,Singapore,Asia
sgp,2015,84.14,Singapore,Asia
sgp,2016,84.41,Singapore,Asia
sgp,2017,84.66,Singapore,Asia
sgp,2018,84.71,Singapore,Asia
sgp,2019,84.85,Singapore,Asia
sgp,2020,84.89,Singapore,Asia
sgp,2021,85.14,Singapore,Asia
sgp,2022,85.26,Singapore,Asia
sgp,2023,85.38,Singapore,Asia
sgp,2024,85.51,Singapore,Asia
sgp,2025,85.63,Singapore,Asia
sgp,2026,85.75,Singapore,Asia
sgp,2027,85.87,Singapore,Asia
sgp,2028,85.99,Singapore,Asia
sgp,2029,86.11,Singapore,Asia
sgp,2030,86.23,Singapore,Asia
sgp,2031,86.35,Singapore,Asia
sgp,2032,86.48,Singapore,Asia
sgp,2033,86.6,Singapore,Asia
sgp,2034,86.72,Singapore,Asia
sgp,2035,86.84,Singapore,Asia
sgp,2036,86.96,Singapore,Asia
sgp,2037,87.08,Singapore,Asia
sgp,2038,87.2,Singapore,Asia
sgp,2039,87.32,Singapore,Asia
sgp,2040,87.44,Singapore,Asia
sgp,2041,87.56,Singapore,Asia
sgp,2042,87.68,Singapore,Asia
sgp,2043,87.8,Singapore,Asia
sgp,2044,87.92,Singapore,Asia
sgp,2045,88.04,Singapore,Asia
sgp,2046,88.16,Singapore,Asia
sgp,2047,88.27,Singapore,Asia
sgp,2048,88.39,Singapore,Asia
sgp,2049,88.51,Singapore,Asia
sgp,2050,88.63,Singapore,Asia
sgp,2051,88.75,Singapore,Asia
sgp,2052,88.86,Singapore,Asia
sgp,2053,88.98,Singapore,Asia
sgp,2054,89.1,Singapore,Asia
sgp,2055,89.22,Singapore,Asia
sgp,2056,89.34,Singapore,Asia
sgp,2057,89.46,Singapore,Asia
sgp,2058,89.58,Singapore,Asia
sgp,2059,89.7,Singapore,Asia
sgp,2060,89.82,Singapore,Asia
sgp,2061,89.93,Singapore,Asia
sgp,2062,90.05,Singapore,Asia
sgp,2063,90.17,Singapore,Asia
sgp,2064,90.28,Singapore,Asia
sgp,2065,90.4,Singapore,Asia
sgp,2066,90.51,Singapore,Asia
sgp,2067,90.63,Singapore,Asia
sgp,2068,90.75,Singapore,Asia
sgp,2069,90.86,Singapore,Asia
sgp,2070,90.98,Singapore,Asia
sgp,2071,91.09,Singapore,Asia
sgp,2072,91.21,Singapore,Asia
sgp,2073,91.32,Singapore,Asia
sgp,2074,91.43,Singapore,Asia
sgp,2075,91.55,Singapore,Asia
sgp,2076,91.66,Singapore,Asia
sgp,2077,91.77,Singapore,Asia
sgp,2078,91.89,Singapore,Asia
sgp,2079,92,Singapore,Asia
sgp,2080,92.12,Singapore,Asia
sgp,2081,92.23,Singapore,Asia
sgp,2082,92.35,Singapore,Asia
sgp,2083,92.46,Singapore,Asia
sgp,2084,92.58,Singapore,Asia
sgp,2085,92.69,Singapore,Asia
sgp,2086,92.8,Singapore,Asia
sgp,2087,92.92,Singapore,Asia
sgp,2088,93.03,Singapore,Asia
sgp,2089,93.15,Singapore,Asia
sgp,2090,93.26,Singapore,Asia
sgp,2091,93.38,Singapore,Asia
sgp,2092,93.49,Singapore,Asia
sgp,2093,93.61,Singapore,Asia
sgp,2094,93.73,Singapore,Asia
sgp,2095,93.84,Singapore,Asia
sgp,2096,93.96,Singapore,Asia
sgp,2097,94.07,Singapore,Asia
sgp,2098,94.19,Singapore,Asia
sgp,2099,94.3,Singapore,Asia
sgp,2100,94.42,Singapore,Asia
svk,1800,36.4,Slovak Republic,Europe
svk,1801,36.4,Slovak Republic,Europe
svk,1802,36.4,Slovak Republic,Europe
svk,1803,36.4,Slovak Republic,Europe
svk,1804,36.4,Slovak Republic,Europe
svk,1805,36.4,Slovak Republic,Europe
svk,1806,36.4,Slovak Republic,Europe
svk,1807,36.4,Slovak Republic,Europe
svk,1808,36.4,Slovak Republic,Europe
svk,1809,36.4,Slovak Republic,Europe
svk,1810,36.4,Slovak Republic,Europe
svk,1811,36.4,Slovak Republic,Europe
svk,1812,36.4,Slovak Republic,Europe
svk,1813,36.4,Slovak Republic,Europe
svk,1814,36.4,Slovak Republic,Europe
svk,1815,36.4,Slovak Republic,Europe
svk,1816,36.4,Slovak Republic,Europe
svk,1817,36.4,Slovak Republic,Europe
svk,1818,36.4,Slovak Republic,Europe
svk,1819,36.4,Slovak Republic,Europe
svk,1820,36.4,Slovak Republic,Europe
svk,1821,36.4,Slovak Republic,Europe
svk,1822,36.4,Slovak Republic,Europe
svk,1823,36.4,Slovak Republic,Europe
svk,1824,36.4,Slovak Republic,Europe
svk,1825,36.4,Slovak Republic,Europe
svk,1826,36.4,Slovak Republic,Europe
svk,1827,36.4,Slovak Republic,Europe
svk,1828,36.4,Slovak Republic,Europe
svk,1829,36.4,Slovak Republic,Europe
svk,1830,36.4,Slovak Republic,Europe
svk,1831,36.4,Slovak Republic,Europe
svk,1832,36.4,Slovak Republic,Europe
svk,1833,36.4,Slovak Republic,Europe
svk,1834,36.4,Slovak Republic,Europe
svk,1835,36.4,Slovak Republic,Europe
svk,1836,36.4,Slovak Republic,Europe
svk,1837,36.4,Slovak Republic,Europe
svk,1838,36.4,Slovak Republic,Europe
svk,1839,36.4,Slovak Republic,Europe
svk,1840,36.4,Slovak Republic,Europe
svk,1841,36.4,Slovak Republic,Europe
svk,1842,36.4,Slovak Republic,Europe
svk,1843,36.4,Slovak Republic,Europe
svk,1844,36.4,Slovak Republic,Europe
svk,1845,36.4,Slovak Republic,Europe
svk,1846,36.4,Slovak Republic,Europe
svk,1847,36.4,Slovak Republic,Europe
svk,1848,36.4,Slovak Republic,Europe
svk,1849,36.4,Slovak Republic,Europe
svk,1850,36.4,Slovak Republic,Europe
svk,1851,36.4,Slovak Republic,Europe
svk,1852,36.4,Slovak Republic,Europe
svk,1853,36.4,Slovak Republic,Europe
svk,1854,36.4,Slovak Republic,Europe
svk,1855,36.4,Slovak Republic,Europe
svk,1856,36.4,Slovak Republic,Europe
svk,1857,36.4,Slovak Republic,Europe
svk,1858,36.4,Slovak Republic,Europe
svk,1859,36.4,Slovak Republic,Europe
svk,1860,36.4,Slovak Republic,Europe
svk,1861,36.4,Slovak Republic,Europe
svk,1862,36.4,Slovak Republic,Europe
svk,1863,36.4,Slovak Republic,Europe
svk,1864,36.4,Slovak Republic,Europe
svk,1865,36.4,Slovak Republic,Europe
svk,1866,36.4,Slovak Republic,Europe
svk,1867,36.4,Slovak Republic,Europe
svk,1868,36.4,Slovak Republic,Europe
svk,1869,36.4,Slovak Republic,Europe
svk,1870,36.4,Slovak Republic,Europe
svk,1871,36.4,Slovak Republic,Europe
svk,1872,36.4,Slovak Republic,Europe
svk,1873,36.4,Slovak Republic,Europe
svk,1874,36.4,Slovak Republic,Europe
svk,1875,36.39,Slovak Republic,Europe
svk,1876,36.39,Slovak Republic,Europe
svk,1877,36.39,Slovak Republic,Europe
svk,1878,36.39,Slovak Republic,Europe
svk,1879,36.39,Slovak Republic,Europe
svk,1880,36.39,Slovak Republic,Europe
svk,1881,36.39,Slovak Republic,Europe
svk,1882,36.39,Slovak Republic,Europe
svk,1883,36.38,Slovak Republic,Europe
svk,1884,36.38,Slovak Republic,Europe
svk,1885,36.38,Slovak Republic,Europe
svk,1886,36.38,Slovak Republic,Europe
svk,1887,36.38,Slovak Republic,Europe
svk,1888,36.38,Slovak Republic,Europe
svk,1889,36.38,Slovak Republic,Europe
svk,1890,36.38,Slovak Republic,Europe
svk,1891,36.37,Slovak Republic,Europe
svk,1892,36.37,Slovak Republic,Europe
svk,1893,36.37,Slovak Republic,Europe
svk,1894,36.37,Slovak Republic,Europe
svk,1895,36.37,Slovak Republic,Europe
svk,1896,36.67,Slovak Republic,Europe
svk,1897,36.97,Slovak Republic,Europe
svk,1898,37.27,Slovak Republic,Europe
svk,1899,37.56,Slovak Republic,Europe
svk,1900,37.86,Slovak Republic,Europe
svk,1901,38.16,Slovak Republic,Europe
svk,1902,38.46,Slovak Republic,Europe
svk,1903,38.76,Slovak Republic,Europe
svk,1904,39.06,Slovak Republic,Europe
svk,1905,39.35,Slovak Republic,Europe
svk,1906,39.65,Slovak Republic,Europe
svk,1907,39.95,Slovak Republic,Europe
svk,1908,40.25,Slovak Republic,Europe
svk,1909,40.55,Slovak Republic,Europe
svk,1910,40.85,Slovak Republic,Europe
svk,1911,41.14,Slovak Republic,Europe
svk,1912,41.44,Slovak Republic,Europe
svk,1913,41.74,Slovak Republic,Europe
svk,1914,42.04,Slovak Republic,Europe
svk,1915,42.34,Slovak Republic,Europe
svk,1916,42.63,Slovak Republic,Europe
svk,1917,42.93,Slovak Republic,Europe
svk,1918,31.8,Slovak Republic,Europe
svk,1919,43.53,Slovak Republic,Europe
svk,1920,43.83,Slovak Republic,Europe
svk,1921,44.13,Slovak Republic,Europe
svk,1922,44.76,Slovak Republic,Europe
svk,1923,45.39,Slovak Republic,Europe
svk,1924,46.02,Slovak Republic,Europe
svk,1925,46.65,Slovak Republic,Europe
svk,1926,47.28,Slovak Republic,Europe
svk,1927,47.91,Slovak Republic,Europe
svk,1928,48.54,Slovak Republic,Europe
svk,1929,49.17,Slovak Republic,Europe
svk,1930,49.8,Slovak Republic,Europe
svk,1931,50.27,Slovak Republic,Europe
svk,1932,50.74,Slovak Republic,Europe
svk,1933,51.21,Slovak Republic,Europe
svk,1934,51.68,Slovak Republic,Europe
svk,1935,52.14,Slovak Republic,Europe
svk,1936,52.61,Slovak Republic,Europe
svk,1937,53.08,Slovak Republic,Europe
svk,1938,53.67,Slovak Republic,Europe
svk,1939,53.98,Slovak Republic,Europe
svk,1940,53.87,Slovak Republic,Europe
svk,1941,53.67,Slovak Republic,Europe
svk,1942,51.88,Slovak Republic,Europe
svk,1943,47.38,Slovak Republic,Europe
svk,1944,42.4,Slovak Republic,Europe
svk,1945,40.4,Slovak Republic,Europe
svk,1946,53.86,Slovak Republic,Europe
svk,1947,57.85,Slovak Republic,Europe
svk,1948,58.85,Slovak Republic,Europe
svk,1949,60.14,Slovak Republic,Europe
svk,1950,60.73,Slovak Republic,Europe
svk,1951,61.33,Slovak Republic,Europe
svk,1952,64.19,Slovak Republic,Europe
svk,1953,65.64,Slovak Republic,Europe
svk,1954,66.89,Slovak Republic,Europe
svk,1955,67.83,Slovak Republic,Europe
svk,1956,68.34,Slovak Republic,Europe
svk,1957,67.68,Slovak Republic,Europe
svk,1958,69.16,Slovak Republic,Europe
svk,1959,69.28,Slovak Republic,Europe
svk,1960,70.37,Slovak Republic,Europe
svk,1961,70.76,Slovak Republic,Europe
svk,1962,70.57,Slovak Republic,Europe
svk,1963,70.71,Slovak Republic,Europe
svk,1964,70.99,Slovak Republic,Europe
svk,1965,70.52,Slovak Republic,Europe
svk,1966,70.61,Slovak Republic,Europe
svk,1967,71.08,Slovak Republic,Europe
svk,1968,70.59,Slovak Republic,Europe
svk,1969,70.12,Slovak Republic,Europe
svk,1970,69.94,Slovak Republic,Europe
svk,1971,70.12,Slovak Republic,Europe
svk,1972,70.47,Slovak Republic,Europe
svk,1973,70.24,Slovak Republic,Europe
svk,1974,70.43,Slovak Republic,Europe
svk,1975,70.57,Slovak Republic,Europe
svk,1976,70.7,Slovak Republic,Europe
svk,1977,70.64,Slovak Republic,Europe
svk,1978,70.58,Slovak Republic,Europe
svk,1979,70.86,Slovak Republic,Europe
svk,1980,70.71,Slovak Republic,Europe
svk,1981,70.75,Slovak Republic,Europe
svk,1982,71.03,Slovak Republic,Europe
svk,1983,70.7,Slovak Republic,Europe
svk,1984,70.9,Slovak Republic,Europe
svk,1985,70.97,Slovak Republic,Europe
svk,1986,71.22,Slovak Republic,Europe
svk,1987,71.21,Slovak Republic,Europe
svk,1988,71.43,Slovak Republic,Europe
svk,1989,71.27,Slovak Republic,Europe
svk,1990,71.07,Slovak Republic,Europe
svk,1991,71.28,Slovak Republic,Europe
svk,1992,71.66,Slovak Republic,Europe
svk,1993,72.18,Slovak Republic,Europe
svk,1994,72.66,Slovak Republic,Europe
svk,1995,72.68,Slovak Republic,Europe
svk,1996,73.18,Slovak Republic,Europe
svk,1997,72.95,Slovak Republic,Europe
svk,1998,72.95,Slovak Republic,Europe
svk,1999,73.26,Slovak Republic,Europe
svk,2000,73.67,Slovak Republic,Europe
svk,2001,73.91,Slovak Republic,Europe
svk,2002,74.09,Slovak Republic,Europe
svk,2003,74.2,Slovak Republic,Europe
svk,2004,74.57,Slovak Republic,Europe
svk,2005,74.47,Slovak Republic,Europe
svk,2006,74.72,Slovak Republic,Europe
svk,2007,74.69,Slovak Republic,Europe
svk,2008,75.04,Slovak Republic,Europe
svk,2009,75.31,Slovak Republic,Europe
svk,2010,75.82,Slovak Republic,Europe
svk,2011,76.01,Slovak Republic,Europe
svk,2012,76.35,Slovak Republic,Europe
svk,2013,76.69,Slovak Republic,Europe
svk,2014,76.92,Slovak Republic,Europe
svk,2015,76.8,Slovak Republic,Europe
svk,2016,77.3,Slovak Republic,Europe
svk,2017,77.4,Slovak Republic,Europe
svk,2018,77.5,Slovak Republic,Europe
svk,2019,77.57,Slovak Republic,Europe
svk,2020,76.67,Slovak Republic,Europe
svk,2021,77.85,Slovak Republic,Europe
svk,2022,77.98,Slovak Republic,Europe
svk,2023,78.11,Slovak Republic,Europe
svk,2024,78.24,Slovak Republic,Europe
svk,2025,78.38,Slovak Republic,Europe
svk,2026,78.52,Slovak Republic,Europe
svk,2027,78.66,Slovak Republic,Europe
svk,2028,78.81,Slovak Republic,Europe
svk,2029,78.95,Slovak Republic,Europe
svk,2030,79.09,Slovak Republic,Europe
svk,2031,79.24,Slovak Republic,Europe
svk,2032,79.38,Slovak Republic,Europe
svk,2033,79.53,Slovak Republic,Europe
svk,2034,79.67,Slovak Republic,Europe
svk,2035,79.82,Slovak Republic,Europe
svk,2036,79.97,Slovak Republic,Europe
svk,2037,80.11,Slovak Republic,Europe
svk,2038,80.26,Slovak Republic,Europe
svk,2039,80.4,Slovak Republic,Europe
svk,2040,80.55,Slovak Republic,Europe
svk,2041,80.7,Slovak Republic,Europe
svk,2042,80.84,Slovak Republic,Europe
svk,2043,80.99,Slovak Republic,Europe
svk,2044,81.13,Slovak Republic,Europe
svk,2045,81.27,Slovak Republic,Europe
svk,2046,81.42,Slovak Republic,Europe
svk,2047,81.56,Slovak Republic,Europe
svk,2048,81.7,Slovak Republic,Europe
svk,2049,81.84,Slovak Republic,Europe
svk,2050,81.98,Slovak Republic,Europe
svk,2051,82.12,Slovak Republic,Europe
svk,2052,82.26,Slovak Republic,Europe
svk,2053,82.4,Slovak Republic,Europe
svk,2054,82.54,Slovak Republic,Europe
svk,2055,82.67,Slovak Republic,Europe
svk,2056,82.8,Slovak Republic,Europe
svk,2057,82.93,Slovak Republic,Europe
svk,2058,83.06,Slovak Republic,Europe
svk,2059,83.19,Slovak Republic,Europe
svk,2060,83.31,Slovak Republic,Europe
svk,2061,83.44,Slovak Republic,Europe
svk,2062,83.56,Slovak Republic,Europe
svk,2063,83.68,Slovak Republic,Europe
svk,2064,83.8,Slovak Republic,Europe
svk,2065,83.92,Slovak Republic,Europe
svk,2066,84.03,Slovak Republic,Europe
svk,2067,84.15,Slovak Republic,Europe
svk,2068,84.26,Slovak Republic,Europe
svk,2069,84.38,Slovak Republic,Europe
svk,2070,84.49,Slovak Republic,Europe
svk,2071,84.6,Slovak Republic,Europe
svk,2072,84.72,Slovak Republic,Europe
svk,2073,84.83,Slovak Republic,Europe
svk,2074,84.93,Slovak Republic,Europe
svk,2075,85.04,Slovak Republic,Europe
svk,2076,85.15,Slovak Republic,Europe
svk,2077,85.26,Slovak Republic,Europe
svk,2078,85.36,Slovak Republic,Europe
svk,2079,85.47,Slovak Republic,Europe
svk,2080,85.58,Slovak Republic,Europe
svk,2081,85.68,Slovak Republic,Europe
svk,2082,85.79,Slovak Republic,Europe
svk,2083,85.9,Slovak Republic,Europe
svk,2084,86.01,Slovak Republic,Europe
svk,2085,86.11,Slovak Republic,Europe
svk,2086,86.22,Slovak Republic,Europe
svk,2087,86.32,Slovak Republic,Europe
svk,2088,86.42,Slovak Republic,Europe
svk,2089,86.53,Slovak Republic,Europe
svk,2090,86.63,Slovak Republic,Europe
svk,2091,86.73,Slovak Republic,Europe
svk,2092,86.83,Slovak Republic,Europe
svk,2093,86.93,Slovak Republic,Europe
svk,2094,87.03,Slovak Republic,Europe
svk,2095,87.14,Slovak Republic,Europe
svk,2096,87.24,Slovak Republic,Europe
svk,2097,87.34,Slovak Republic,Europe
svk,2098,87.44,Slovak Republic,Europe
svk,2099,87.54,Slovak Republic,Europe
svk,2100,87.64,Slovak Republic,Europe
svn,1800,36.6,Slovenia,Europe
svn,1801,36.6,Slovenia,Europe
svn,1802,36.6,Slovenia,Europe
svn,1803,36.6,Slovenia,Europe
svn,1804,36.6,Slovenia,Europe
svn,1805,36.6,Slovenia,Europe
svn,1806,36.6,Slovenia,Europe
svn,1807,36.6,Slovenia,Europe
svn,1808,36.6,Slovenia,Europe
svn,1809,36.6,Slovenia,Europe
svn,1810,36.6,Slovenia,Europe
svn,1811,36.6,Slovenia,Europe
svn,1812,36.6,Slovenia,Europe
svn,1813,36.6,Slovenia,Europe
svn,1814,36.6,Slovenia,Europe
svn,1815,36.6,Slovenia,Europe
svn,1816,36.6,Slovenia,Europe
svn,1817,36.6,Slovenia,Europe
svn,1818,36.6,Slovenia,Europe
svn,1819,36.6,Slovenia,Europe
svn,1820,36.6,Slovenia,Europe
svn,1821,36.6,Slovenia,Europe
svn,1822,36.6,Slovenia,Europe
svn,1823,36.6,Slovenia,Europe
svn,1824,36.6,Slovenia,Europe
svn,1825,36.6,Slovenia,Europe
svn,1826,36.6,Slovenia,Europe
svn,1827,36.6,Slovenia,Europe
svn,1828,36.6,Slovenia,Europe
svn,1829,36.6,Slovenia,Europe
svn,1830,36.6,Slovenia,Europe
svn,1831,36.6,Slovenia,Europe
svn,1832,36.6,Slovenia,Europe
svn,1833,36.6,Slovenia,Europe
svn,1834,36.6,Slovenia,Europe
svn,1835,36.6,Slovenia,Europe
svn,1836,36.6,Slovenia,Europe
svn,1837,36.6,Slovenia,Europe
svn,1838,36.6,Slovenia,Europe
svn,1839,36.6,Slovenia,Europe
svn,1840,36.6,Slovenia,Europe
svn,1841,36.6,Slovenia,Europe
svn,1842,36.6,Slovenia,Europe
svn,1843,36.6,Slovenia,Europe
svn,1844,36.6,Slovenia,Europe
svn,1845,36.6,Slovenia,Europe
svn,1846,36.6,Slovenia,Europe
svn,1847,36.6,Slovenia,Europe
svn,1848,36.6,Slovenia,Europe
svn,1849,36.6,Slovenia,Europe
svn,1850,36.6,Slovenia,Europe
svn,1851,36.6,Slovenia,Europe
svn,1852,36.6,Slovenia,Europe
svn,1853,36.6,Slovenia,Europe
svn,1854,36.6,Slovenia,Europe
svn,1855,36.6,Slovenia,Europe
svn,1856,36.6,Slovenia,Europe
svn,1857,36.6,Slovenia,Europe
svn,1858,36.6,Slovenia,Europe
svn,1859,36.6,Slovenia,Europe
svn,1860,36.6,Slovenia,Europe
svn,1861,36.6,Slovenia,Europe
svn,1862,36.6,Slovenia,Europe
svn,1863,36.6,Slovenia,Europe
svn,1864,36.6,Slovenia,Europe
svn,1865,36.6,Slovenia,Europe
svn,1866,36.6,Slovenia,Europe
svn,1867,36.6,Slovenia,Europe
svn,1868,36.6,Slovenia,Europe
svn,1869,36.6,Slovenia,Europe
svn,1870,36.6,Slovenia,Europe
svn,1871,36.6,Slovenia,Europe
svn,1872,36.6,Slovenia,Europe
svn,1873,36.6,Slovenia,Europe
svn,1874,36.6,Slovenia,Europe
svn,1875,36.6,Slovenia,Europe
svn,1876,36.6,Slovenia,Europe
svn,1877,36.6,Slovenia,Europe
svn,1878,36.6,Slovenia,Europe
svn,1879,36.6,Slovenia,Europe
svn,1880,36.6,Slovenia,Europe
svn,1881,36.6,Slovenia,Europe
svn,1882,36.6,Slovenia,Europe
svn,1883,36.6,Slovenia,Europe
svn,1884,36.6,Slovenia,Europe
svn,1885,36.6,Slovenia,Europe
svn,1886,36.6,Slovenia,Europe
svn,1887,36.6,Slovenia,Europe
svn,1888,36.6,Slovenia,Europe
svn,1889,36.6,Slovenia,Europe
svn,1890,36.6,Slovenia,Europe
svn,1891,36.6,Slovenia,Europe
svn,1892,36.6,Slovenia,Europe
svn,1893,36.6,Slovenia,Europe
svn,1894,36.6,Slovenia,Europe
svn,1895,36.6,Slovenia,Europe
svn,1896,36.6,Slovenia,Europe
svn,1897,36.6,Slovenia,Europe
svn,1898,36.6,Slovenia,Europe
svn,1899,36.6,Slovenia,Europe
svn,1900,36.6,Slovenia,Europe
svn,1901,36.6,Slovenia,Europe
svn,1902,36.6,Slovenia,Europe
svn,1903,36.6,Slovenia,Europe
svn,1904,36.6,Slovenia,Europe
svn,1905,36.6,Slovenia,Europe
svn,1906,36.6,Slovenia,Europe
svn,1907,36.6,Slovenia,Europe
svn,1908,36.6,Slovenia,Europe
svn,1909,36.6,Slovenia,Europe
svn,1910,36.6,Slovenia,Europe
svn,1911,36.6,Slovenia,Europe
svn,1912,36.6,Slovenia,Europe
svn,1913,36.6,Slovenia,Europe
svn,1914,36.6,Slovenia,Europe
svn,1915,36.6,Slovenia,Europe
svn,1916,36.6,Slovenia,Europe
svn,1917,36.6,Slovenia,Europe
svn,1918,20.09,Slovenia,Europe
svn,1919,36.6,Slovenia,Europe
svn,1920,36.6,Slovenia,Europe
svn,1921,37.53,Slovenia,Europe
svn,1922,38.46,Slovenia,Europe
svn,1923,39.39,Slovenia,Europe
svn,1924,40.31,Slovenia,Europe
svn,1925,41.24,Slovenia,Europe
svn,1926,42.17,Slovenia,Europe
svn,1927,43.1,Slovenia,Europe
svn,1928,44.03,Slovenia,Europe
svn,1929,44.96,Slovenia,Europe
svn,1930,45.88,Slovenia,Europe
svn,1931,46.81,Slovenia,Europe
svn,1932,47.74,Slovenia,Europe
svn,1933,48.67,Slovenia,Europe
svn,1934,49.6,Slovenia,Europe
svn,1935,50.53,Slovenia,Europe
svn,1936,51.45,Slovenia,Europe
svn,1937,52.38,Slovenia,Europe
svn,1938,53.31,Slovenia,Europe
svn,1939,54.24,Slovenia,Europe
svn,1940,55.17,Slovenia,Europe
svn,1941,52.2,Slovenia,Europe
svn,1942,50.42,Slovenia,Europe
svn,1943,48.77,Slovenia,Europe
svn,1944,47.33,Slovenia,Europe
svn,1945,49.09,Slovenia,Europe
svn,1946,54.03,Slovenia,Europe
svn,1947,58.83,Slovenia,Europe
svn,1948,59.12,Slovenia,Europe
svn,1949,58.87,Slovenia,Europe
svn,1950,58.48,Slovenia,Europe
svn,1951,58.01,Slovenia,Europe
svn,1952,60.24,Slovenia,Europe
svn,1953,60.64,Slovenia,Europe
svn,1954,62.21,Slovenia,Europe
svn,1955,61.92,Slovenia,Europe
svn,1956,62.36,Slovenia,Europe
svn,1957,63.22,Slovenia,Europe
svn,1958,65.13,Slovenia,Europe
svn,1959,64.88,Slovenia,Europe
svn,1960,65.31,Slovenia,Europe
svn,1961,66.25,Slovenia,Europe
svn,1962,65.93,Slovenia,Europe
svn,1963,66.93,Slovenia,Europe
svn,1964,67.04,Slovenia,Europe
svn,1965,67.89,Slovenia,Europe
svn,1966,68.73,Slovenia,Europe
svn,1967,68.53,Slovenia,Europe
svn,1968,68.55,Slovenia,Europe
svn,1969,68.07,Slovenia,Europe
svn,1970,68.6,Slovenia,Europe
svn,1971,69,Slovenia,Europe
svn,1972,68.86,Slovenia,Europe
svn,1973,69.71,Slovenia,Europe
svn,1974,70.06,Slovenia,Europe
svn,1975,70.15,Slovenia,Europe
svn,1976,70.5,Slovenia,Europe
svn,1977,70.6,Slovenia,Europe
svn,1978,70.45,Slovenia,Europe
svn,1979,70.65,Slovenia,Europe
svn,1980,71.34,Slovenia,Europe
svn,1981,71.48,Slovenia,Europe
svn,1982,71.23,Slovenia,Europe
svn,1983,71.11,Slovenia,Europe
svn,1984,71.53,Slovenia,Europe
svn,1985,72.09,Slovenia,Europe
svn,1986,72.51,Slovenia,Europe
svn,1987,72.92,Slovenia,Europe
svn,1988,73.32,Slovenia,Europe
svn,1989,73.71,Slovenia,Europe
svn,1990,73.97,Slovenia,Europe
svn,1991,74.2,Slovenia,Europe
svn,1992,74.5,Slovenia,Europe
svn,1993,74.73,Slovenia,Europe
svn,1994,74.91,Slovenia,Europe
svn,1995,75.13,Slovenia,Europe
svn,1996,75.26,Slovenia,Europe
svn,1997,75.35,Slovenia,Europe
svn,1998,75.48,Slovenia,Europe
svn,1999,75.79,Slovenia,Europe
svn,2000,76.26,Slovenia,Europe
svn,2001,76.27,Slovenia,Europe
svn,2002,76.83,Slovenia,Europe
svn,2003,77.02,Slovenia,Europe
svn,2004,77.44,Slovenia,Europe
svn,2005,78.12,Slovenia,Europe
svn,2006,78.33,Slovenia,Europe
svn,2007,78.58,Slovenia,Europe
svn,2008,79.06,Slovenia,Europe
svn,2009,79.44,Slovenia,Europe
svn,2010,79.69,Slovenia,Europe
svn,2011,80.03,Slovenia,Europe
svn,2012,80.15,Slovenia,Europe
svn,2013,80.5,Slovenia,Europe
svn,2014,81.29,Slovenia,Europe
svn,2015,81.03,Slovenia,Europe
svn,2016,81.29,Slovenia,Europe
svn,2017,81.31,Slovenia,Europe
svn,2018,81.36,Slovenia,Europe
svn,2019,81.41,Slovenia,Europe
svn,2020,80.41,Slovenia,Europe
svn,2021,81.71,Slovenia,Europe
svn,2022,81.86,Slovenia,Europe
svn,2023,82.02,Slovenia,Europe
svn,2024,82.17,Slovenia,Europe
svn,2025,82.33,Slovenia,Europe
svn,2026,82.48,Slovenia,Europe
svn,2027,82.64,Slovenia,Europe
svn,2028,82.79,Slovenia,Europe
svn,2029,82.94,Slovenia,Europe
svn,2030,83.08,Slovenia,Europe
svn,2031,83.22,Slovenia,Europe
svn,2032,83.36,Slovenia,Europe
svn,2033,83.49,Slovenia,Europe
svn,2034,83.62,Slovenia,Europe
svn,2035,83.75,Slovenia,Europe
svn,2036,83.88,Slovenia,Europe
svn,2037,84,Slovenia,Europe
svn,2038,84.12,Slovenia,Europe
svn,2039,84.25,Slovenia,Europe
svn,2040,84.37,Slovenia,Europe
svn,2041,84.49,Slovenia,Europe
svn,2042,84.61,Slovenia,Europe
svn,2043,84.73,Slovenia,Europe
svn,2044,84.85,Slovenia,Europe
svn,2045,84.96,Slovenia,Europe
svn,2046,85.08,Slovenia,Europe
svn,2047,85.2,Slovenia,Europe
svn,2048,85.31,Slovenia,Europe
svn,2049,85.43,Slovenia,Europe
svn,2050,85.55,Slovenia,Europe
svn,2051,85.66,Slovenia,Europe
svn,2052,85.78,Slovenia,Europe
svn,2053,85.9,Slovenia,Europe
svn,2054,86.01,Slovenia,Europe
svn,2055,86.12,Slovenia,Europe
svn,2056,86.24,Slovenia,Europe
svn,2057,86.35,Slovenia,Europe
svn,2058,86.46,Slovenia,Europe
svn,2059,86.57,Slovenia,Europe
svn,2060,86.69,Slovenia,Europe
svn,2061,86.8,Slovenia,Europe
svn,2062,86.91,Slovenia,Europe
svn,2063,87.02,Slovenia,Europe
svn,2064,87.13,Slovenia,Europe
svn,2065,87.25,Slovenia,Europe
svn,2066,87.36,Slovenia,Europe
svn,2067,87.47,Slovenia,Europe
svn,2068,87.59,Slovenia,Europe
svn,2069,87.7,Slovenia,Europe
svn,2070,87.81,Slovenia,Europe
svn,2071,87.93,Slovenia,Europe
svn,2072,88.04,Slovenia,Europe
svn,2073,88.15,Slovenia,Europe
svn,2074,88.26,Slovenia,Europe
svn,2075,88.37,Slovenia,Europe
svn,2076,88.49,Slovenia,Europe
svn,2077,88.6,Slovenia,Europe
svn,2078,88.71,Slovenia,Europe
svn,2079,88.82,Slovenia,Europe
svn,2080,88.93,Slovenia,Europe
svn,2081,89.04,Slovenia,Europe
svn,2082,89.15,Slovenia,Europe
svn,2083,89.26,Slovenia,Europe
svn,2084,89.38,Slovenia,Europe
svn,2085,89.49,Slovenia,Europe
svn,2086,89.6,Slovenia,Europe
svn,2087,89.71,Slovenia,Europe
svn,2088,89.82,Slovenia,Europe
svn,2089,89.93,Slovenia,Europe
svn,2090,90.04,Slovenia,Europe
svn,2091,90.15,Slovenia,Europe
svn,2092,90.26,Slovenia,Europe
svn,2093,90.38,Slovenia,Europe
svn,2094,90.49,Slovenia,Europe
svn,2095,90.6,Slovenia,Europe
svn,2096,90.71,Slovenia,Europe
svn,2097,90.82,Slovenia,Europe
svn,2098,90.93,Slovenia,Europe
svn,2099,91.04,Slovenia,Europe
svn,2100,91.15,Slovenia,Europe
slb,1800,25.1,Solomon Islands,Oceania
slb,1801,25.1,Solomon Islands,Oceania
slb,1802,25.1,Solomon Islands,Oceania
slb,1803,25.1,Solomon Islands,Oceania
slb,1804,25.1,Solomon Islands,Oceania
slb,1805,25.1,Solomon Islands,Oceania
slb,1806,25.1,Solomon Islands,Oceania
slb,1807,25.1,Solomon Islands,Oceania
slb,1808,25.1,Solomon Islands,Oceania
slb,1809,25.1,Solomon Islands,Oceania
slb,1810,25.1,Solomon Islands,Oceania
slb,1811,25.1,Solomon Islands,Oceania
slb,1812,25.1,Solomon Islands,Oceania
slb,1813,25.1,Solomon Islands,Oceania
slb,1814,25.1,Solomon Islands,Oceania
slb,1815,25.1,Solomon Islands,Oceania
slb,1816,25.1,Solomon Islands,Oceania
slb,1817,25.1,Solomon Islands,Oceania
slb,1818,25.1,Solomon Islands,Oceania
slb,1819,25.1,Solomon Islands,Oceania
slb,1820,25.1,Solomon Islands,Oceania
slb,1821,25.1,Solomon Islands,Oceania
slb,1822,25.1,Solomon Islands,Oceania
slb,1823,25.1,Solomon Islands,Oceania
slb,1824,25.1,Solomon Islands,Oceania
slb,1825,25.1,Solomon Islands,Oceania
slb,1826,25.1,Solomon Islands,Oceania
slb,1827,25.1,Solomon Islands,Oceania
slb,1828,25.1,Solomon Islands,Oceania
slb,1829,25.1,Solomon Islands,Oceania
slb,1830,25.1,Solomon Islands,Oceania
slb,1831,25.1,Solomon Islands,Oceania
slb,1832,25.1,Solomon Islands,Oceania
slb,1833,25.1,Solomon Islands,Oceania
slb,1834,25.1,Solomon Islands,Oceania
slb,1835,25.1,Solomon Islands,Oceania
slb,1836,25.1,Solomon Islands,Oceania
slb,1837,25.1,Solomon Islands,Oceania
slb,1838,25.1,Solomon Islands,Oceania
slb,1839,25.1,Solomon Islands,Oceania
slb,1840,25.1,Solomon Islands,Oceania
slb,1841,25.1,Solomon Islands,Oceania
slb,1842,25.1,Solomon Islands,Oceania
slb,1843,25.1,Solomon Islands,Oceania
slb,1844,25.1,Solomon Islands,Oceania
slb,1845,25.1,Solomon Islands,Oceania
slb,1846,25.1,Solomon Islands,Oceania
slb,1847,25.1,Solomon Islands,Oceania
slb,1848,25.1,Solomon Islands,Oceania
slb,1849,25.1,Solomon Islands,Oceania
slb,1850,25.1,Solomon Islands,Oceania
slb,1851,25.1,Solomon Islands,Oceania
slb,1852,25.1,Solomon Islands,Oceania
slb,1853,25.1,Solomon Islands,Oceania
slb,1854,25.1,Solomon Islands,Oceania
slb,1855,25.1,Solomon Islands,Oceania
slb,1856,25.1,Solomon Islands,Oceania
slb,1857,25.1,Solomon Islands,Oceania
slb,1858,25.1,Solomon Islands,Oceania
slb,1859,25.1,Solomon Islands,Oceania
slb,1860,25.1,Solomon Islands,Oceania
slb,1861,25.1,Solomon Islands,Oceania
slb,1862,25.1,Solomon Islands,Oceania
slb,1863,25.1,Solomon Islands,Oceania
slb,1864,25.1,Solomon Islands,Oceania
slb,1865,25.1,Solomon Islands,Oceania
slb,1866,25.1,Solomon Islands,Oceania
slb,1867,25.1,Solomon Islands,Oceania
slb,1868,25.1,Solomon Islands,Oceania
slb,1869,25.1,Solomon Islands,Oceania
slb,1870,25.1,Solomon Islands,Oceania
slb,1871,25.08,Solomon Islands,Oceania
slb,1872,25.07,Solomon Islands,Oceania
slb,1873,25.05,Solomon Islands,Oceania
slb,1874,25.03,Solomon Islands,Oceania
slb,1875,25.02,Solomon Islands,Oceania
slb,1876,25,Solomon Islands,Oceania
slb,1877,24.99,Solomon Islands,Oceania
slb,1878,24.97,Solomon Islands,Oceania
slb,1879,24.95,Solomon Islands,Oceania
slb,1880,24.94,Solomon Islands,Oceania
slb,1881,24.92,Solomon Islands,Oceania
slb,1882,24.9,Solomon Islands,Oceania
slb,1883,24.89,Solomon Islands,Oceania
slb,1884,24.87,Solomon Islands,Oceania
slb,1885,24.85,Solomon Islands,Oceania
slb,1886,24.84,Solomon Islands,Oceania
slb,1887,24.82,Solomon Islands,Oceania
slb,1888,24.8,Solomon Islands,Oceania
slb,1889,24.79,Solomon Islands,Oceania
slb,1890,24.77,Solomon Islands,Oceania
slb,1891,24.76,Solomon Islands,Oceania
slb,1892,24.74,Solomon Islands,Oceania
slb,1893,24.72,Solomon Islands,Oceania
slb,1894,24.71,Solomon Islands,Oceania
slb,1895,24.69,Solomon Islands,Oceania
slb,1896,24.67,Solomon Islands,Oceania
slb,1897,24.66,Solomon Islands,Oceania
slb,1898,24.64,Solomon Islands,Oceania
slb,1899,24.62,Solomon Islands,Oceania
slb,1900,24.61,Solomon Islands,Oceania
slb,1901,24.59,Solomon Islands,Oceania
slb,1902,24.58,Solomon Islands,Oceania
slb,1903,24.56,Solomon Islands,Oceania
slb,1904,24.54,Solomon Islands,Oceania
slb,1905,24.53,Solomon Islands,Oceania
slb,1906,24.51,Solomon Islands,Oceania
slb,1907,24.49,Solomon Islands,Oceania
slb,1908,24.48,Solomon Islands,Oceania
slb,1909,24.46,Solomon Islands,Oceania
slb,1910,24.44,Solomon Islands,Oceania
slb,1911,24.43,Solomon Islands,Oceania
slb,1912,24.41,Solomon Islands,Oceania
slb,1913,24.4,Solomon Islands,Oceania
slb,1914,24.38,Solomon Islands,Oceania
slb,1915,24.36,Solomon Islands,Oceania
slb,1916,24.35,Solomon Islands,Oceania
slb,1917,24.33,Solomon Islands,Oceania
slb,1918,23.73,Solomon Islands,Oceania
slb,1919,24.3,Solomon Islands,Oceania
slb,1920,24.28,Solomon Islands,Oceania
slb,1921,24.26,Solomon Islands,Oceania
slb,1922,24.25,Solomon Islands,Oceania
slb,1923,24.23,Solomon Islands,Oceania
slb,1924,24.21,Solomon Islands,Oceania
slb,1925,24.2,Solomon Islands,Oceania
slb,1926,24.18,Solomon Islands,Oceania
slb,1927,24.17,Solomon Islands,Oceania
slb,1928,24.15,Solomon Islands,Oceania
slb,1929,24.13,Solomon Islands,Oceania
slb,1930,24.12,Solomon Islands,Oceania
slb,1931,24.1,Solomon Islands,Oceania
slb,1932,24.08,Solomon Islands,Oceania
slb,1933,24.07,Solomon Islands,Oceania
slb,1934,24.05,Solomon Islands,Oceania
slb,1935,25.19,Solomon Islands,Oceania
slb,1936,26.32,Solomon Islands,Oceania
slb,1937,27.46,Solomon Islands,Oceania
slb,1938,28.59,Solomon Islands,Oceania
slb,1939,29.72,Solomon Islands,Oceania
slb,1940,30.85,Solomon Islands,Oceania
slb,1941,31.98,Solomon Islands,Oceania
slb,1942,26.68,Solomon Islands,Oceania
slb,1943,24.76,Solomon Islands,Oceania
slb,1944,29.5,Solomon Islands,Oceania
slb,1945,33.29,Solomon Islands,Oceania
slb,1946,36.11,Solomon Islands,Oceania
slb,1947,37.99,Solomon Islands,Oceania
slb,1948,39.77,Solomon Islands,Oceania
slb,1949,40.88,Solomon Islands,Oceania
slb,1950,42.06,Solomon Islands,Oceania
slb,1951,42.29,Solomon Islands,Oceania
slb,1952,42.53,Solomon Islands,Oceania
slb,1953,42.9,Solomon Islands,Oceania
slb,1954,43.27,Solomon Islands,Oceania
slb,1955,43.61,Solomon Islands,Oceania
slb,1956,42.11,Solomon Islands,Oceania
slb,1957,44.46,Solomon Islands,Oceania
slb,1958,44.82,Solomon Islands,Oceania
slb,1959,45.29,Solomon Islands,Oceania
slb,1960,45.82,Solomon Islands,Oceania
slb,1961,46.31,Solomon Islands,Oceania
slb,1962,46.82,Solomon Islands,Oceania
slb,1963,47.33,Solomon Islands,Oceania
slb,1964,47.8,Solomon Islands,Oceania
slb,1965,48.29,Solomon Islands,Oceania
slb,1966,48.76,Solomon Islands,Oceania
slb,1967,49.06,Solomon Islands,Oceania
slb,1968,49.58,Solomon Islands,Oceania
slb,1969,50.01,Solomon Islands,Oceania
slb,1970,50.4,Solomon Islands,Oceania
slb,1971,50.8,Solomon Islands,Oceania
slb,1972,51.2,Solomon Islands,Oceania
slb,1973,51.5,Solomon Islands,Oceania
slb,1974,51.92,Solomon Islands,Oceania
slb,1975,50.65,Solomon Islands,Oceania
slb,1976,52.63,Solomon Islands,Oceania
slb,1977,52.78,Solomon Islands,Oceania
slb,1978,53.47,Solomon Islands,Oceania
slb,1979,53.96,Solomon Islands,Oceania
slb,1980,54.37,Solomon Islands,Oceania
slb,1981,54.71,Solomon Islands,Oceania
slb,1982,54.93,Solomon Islands,Oceania
slb,1983,55.14,Solomon Islands,Oceania
slb,1984,55.31,Solomon Islands,Oceania
slb,1985,55.39,Solomon Islands,Oceania
slb,1986,54.88,Solomon Islands,Oceania
slb,1987,55.57,Solomon Islands,Oceania
slb,1988,55.64,Solomon Islands,Oceania
slb,1989,55.73,Solomon Islands,Oceania
slb,1990,55.83,Solomon Islands,Oceania
slb,1991,55.75,Solomon Islands,Oceania
slb,1992,56.08,Solomon Islands,Oceania
slb,1993,56.22,Solomon Islands,Oceania
slb,1994,56.41,Solomon Islands,Oceania
slb,1995,56.59,Solomon Islands,Oceania
slb,1996,56.73,Solomon Islands,Oceania
slb,1997,56.83,Solomon Islands,Oceania
slb,1998,56.92,Solomon Islands,Oceania
slb,1999,56.99,Solomon Islands,Oceania
slb,2000,56.98,Solomon Islands,Oceania
slb,2001,56.94,Solomon Islands,Oceania
slb,2002,56.88,Solomon Islands,Oceania
slb,2003,56.85,Solomon Islands,Oceania
slb,2004,56.81,Solomon Islands,Oceania
slb,2005,56.82,Solomon Islands,Oceania
slb,2006,56.87,Solomon Islands,Oceania
slb,2007,56.78,Solomon Islands,Oceania
slb,2008,57.09,Solomon Islands,Oceania
slb,2009,57.15,Solomon Islands,Oceania
slb,2010,57.39,Solomon Islands,Oceania
slb,2011,57.64,Solomon Islands,Oceania
slb,2012,57.87,Solomon Islands,Oceania
slb,2013,58.03,Solomon Islands,Oceania
slb,2014,58.13,Solomon Islands,Oceania
slb,2015,58.44,Solomon Islands,Oceania
slb,2016,58.65,Solomon Islands,Oceania
slb,2017,58.84,Solomon Islands,Oceania
slb,2018,59.02,Solomon Islands,Oceania
slb,2019,59.2,Solomon Islands,Oceania
slb,2020,59.24,Solomon Islands,Oceania
slb,2021,59.41,Solomon Islands,Oceania
slb,2022,59.49,Solomon Islands,Oceania
slb,2023,59.58,Solomon Islands,Oceania
slb,2024,59.67,Solomon Islands,Oceania
slb,2025,59.76,Solomon Islands,Oceania
slb,2026,59.86,Solomon Islands,Oceania
slb,2027,59.96,Solomon Islands,Oceania
slb,2028,60.07,Solomon Islands,Oceania
slb,2029,60.17,Solomon Islands,Oceania
slb,2030,60.27,Solomon Islands,Oceania
slb,2031,60.38,Solomon Islands,Oceania
slb,2032,60.48,Solomon Islands,Oceania
slb,2033,60.58,Solomon Islands,Oceania
slb,2034,60.69,Solomon Islands,Oceania
slb,2035,60.79,Solomon Islands,Oceania
slb,2036,60.89,Solomon Islands,Oceania
slb,2037,60.99,Solomon Islands,Oceania
slb,2038,61.09,Solomon Islands,Oceania
slb,2039,61.19,Solomon Islands,Oceania
slb,2040,61.29,Solomon Islands,Oceania
slb,2041,61.39,Solomon Islands,Oceania
slb,2042,61.49,Solomon Islands,Oceania
slb,2043,61.59,Solomon Islands,Oceania
slb,2044,61.69,Solomon Islands,Oceania
slb,2045,61.8,Solomon Islands,Oceania
slb,2046,61.9,Solomon Islands,Oceania
slb,2047,62,Solomon Islands,Oceania
slb,2048,62.11,Solomon Islands,Oceania
slb,2049,62.21,Solomon Islands,Oceania
slb,2050,62.31,Solomon Islands,Oceania
slb,2051,62.42,Solomon Islands,Oceania
slb,2052,62.52,Solomon Islands,Oceania
slb,2053,62.63,Solomon Islands,Oceania
slb,2054,62.73,Solomon Islands,Oceania
slb,2055,62.83,Solomon Islands,Oceania
slb,2056,62.94,Solomon Islands,Oceania
slb,2057,63.04,Solomon Islands,Oceania
slb,2058,63.15,Solomon Islands,Oceania
slb,2059,63.25,Solomon Islands,Oceania
slb,2060,63.36,Solomon Islands,Oceania
slb,2061,63.46,Solomon Islands,Oceania
slb,2062,63.57,Solomon Islands,Oceania
slb,2063,63.67,Solomon Islands,Oceania
slb,2064,63.78,Solomon Islands,Oceania
slb,2065,63.89,Solomon Islands,Oceania
slb,2066,63.99,Solomon Islands,Oceania
slb,2067,64.1,Solomon Islands,Oceania
slb,2068,64.21,Solomon Islands,Oceania
slb,2069,64.32,Solomon Islands,Oceania
slb,2070,64.43,Solomon Islands,Oceania
slb,2071,64.54,Solomon Islands,Oceania
slb,2072,64.65,Solomon Islands,Oceania
slb,2073,64.75,Solomon Islands,Oceania
slb,2074,64.86,Solomon Islands,Oceania
slb,2075,64.97,Solomon Islands,Oceania
slb,2076,65.08,Solomon Islands,Oceania
slb,2077,65.19,Solomon Islands,Oceania
slb,2078,65.3,Solomon Islands,Oceania
slb,2079,65.42,Solomon Islands,Oceania
slb,2080,65.53,Solomon Islands,Oceania
slb,2081,65.64,Solomon Islands,Oceania
slb,2082,65.75,Solomon Islands,Oceania
slb,2083,65.86,Solomon Islands,Oceania
slb,2084,65.97,Solomon Islands,Oceania
slb,2085,66.08,Solomon Islands,Oceania
slb,2086,66.19,Solomon Islands,Oceania
slb,2087,66.3,Solomon Islands,Oceania
slb,2088,66.41,Solomon Islands,Oceania
slb,2089,66.52,Solomon Islands,Oceania
slb,2090,66.63,Solomon Islands,Oceania
slb,2091,66.74,Solomon Islands,Oceania
slb,2092,66.85,Solomon Islands,Oceania
slb,2093,66.95,Solomon Islands,Oceania
slb,2094,67.06,Solomon Islands,Oceania
slb,2095,67.17,Solomon Islands,Oceania
slb,2096,67.28,Solomon Islands,Oceania
slb,2097,67.38,Solomon Islands,Oceania
slb,2098,67.49,Solomon Islands,Oceania
slb,2099,67.59,Solomon Islands,Oceania
slb,2100,67.7,Solomon Islands,Oceania
som,1800,29.4,Somalia,Africa
som,1801,29.4,Somalia,Africa
som,1802,29.4,Somalia,Africa
som,1803,29.4,Somalia,Africa
som,1804,29.4,Somalia,Africa
som,1805,29.4,Somalia,Africa
som,1806,29.4,Somalia,Africa
som,1807,29.4,Somalia,Africa
som,1808,29.4,Somalia,Africa
som,1809,29.4,Somalia,Africa
som,1810,29.4,Somalia,Africa
som,1811,29.4,Somalia,Africa
som,1812,29.4,Somalia,Africa
som,1813,29.4,Somalia,Africa
som,1814,29.4,Somalia,Africa
som,1815,29.4,Somalia,Africa
som,1816,29.4,Somalia,Africa
som,1817,29.4,Somalia,Africa
som,1818,29.4,Somalia,Africa
som,1819,29.4,Somalia,Africa
som,1820,29.4,Somalia,Africa
som,1821,29.4,Somalia,Africa
som,1822,29.4,Somalia,Africa
som,1823,29.4,Somalia,Africa
som,1824,29.4,Somalia,Africa
som,1825,29.4,Somalia,Africa
som,1826,29.4,Somalia,Africa
som,1827,29.4,Somalia,Africa
som,1828,29.4,Somalia,Africa
som,1829,29.4,Somalia,Africa
som,1830,29.4,Somalia,Africa
som,1831,29.4,Somalia,Africa
som,1832,29.4,Somalia,Africa
som,1833,29.4,Somalia,Africa
som,1834,29.4,Somalia,Africa
som,1835,29.4,Somalia,Africa
som,1836,29.4,Somalia,Africa
som,1837,29.4,Somalia,Africa
som,1838,29.4,Somalia,Africa
som,1839,29.4,Somalia,Africa
som,1840,29.4,Somalia,Africa
som,1841,29.4,Somalia,Africa
som,1842,29.4,Somalia,Africa
som,1843,29.4,Somalia,Africa
som,1844,29.4,Somalia,Africa
som,1845,29.4,Somalia,Africa
som,1846,29.4,Somalia,Africa
som,1847,29.4,Somalia,Africa
som,1848,29.4,Somalia,Africa
som,1849,29.4,Somalia,Africa
som,1850,29.4,Somalia,Africa
som,1851,29.4,Somalia,Africa
som,1852,29.4,Somalia,Africa
som,1853,29.4,Somalia,Africa
som,1854,29.4,Somalia,Africa
som,1855,29.4,Somalia,Africa
som,1856,29.4,Somalia,Africa
som,1857,29.4,Somalia,Africa
som,1858,29.4,Somalia,Africa
som,1859,29.4,Somalia,Africa
som,1860,29.4,Somalia,Africa
som,1861,29.4,Somalia,Africa
som,1862,29.4,Somalia,Africa
som,1863,29.4,Somalia,Africa
som,1864,29.4,Somalia,Africa
som,1865,29.4,Somalia,Africa
som,1866,29.4,Somalia,Africa
som,1867,29.4,Somalia,Africa
som,1868,29.4,Somalia,Africa
som,1869,29.4,Somalia,Africa
som,1870,29.4,Somalia,Africa
som,1871,29.52,Somalia,Africa
som,1872,29.64,Somalia,Africa
som,1873,29.77,Somalia,Africa
som,1874,29.89,Somalia,Africa
som,1875,30.01,Somalia,Africa
som,1876,30.13,Somalia,Africa
som,1877,30.25,Somalia,Africa
som,1878,30.38,Somalia,Africa
som,1879,30.5,Somalia,Africa
som,1880,30.62,Somalia,Africa
som,1881,30.74,Somalia,Africa
som,1882,30.86,Somalia,Africa
som,1883,30.99,Somalia,Africa
som,1884,31.11,Somalia,Africa
som,1885,31.23,Somalia,Africa
som,1886,31.35,Somalia,Africa
som,1887,31.47,Somalia,Africa
som,1888,31.6,Somalia,Africa
som,1889,31.72,Somalia,Africa
som,1890,31.84,Somalia,Africa
som,1891,31.96,Somalia,Africa
som,1892,32.08,Somalia,Africa
som,1893,32.21,Somalia,Africa
som,1894,32.33,Somalia,Africa
som,1895,32.45,Somalia,Africa
som,1896,32.57,Somalia,Africa
som,1897,32.69,Somalia,Africa
som,1898,32.82,Somalia,Africa
som,1899,32.94,Somalia,Africa
som,1900,33.06,Somalia,Africa
som,1901,33.18,Somalia,Africa
som,1902,33.3,Somalia,Africa
som,1903,33.43,Somalia,Africa
som,1904,33.55,Somalia,Africa
som,1905,33.67,Somalia,Africa
som,1906,33.79,Somalia,Africa
som,1907,33.92,Somalia,Africa
som,1908,34.04,Somalia,Africa
som,1909,34.16,Somalia,Africa
som,1910,34.28,Somalia,Africa
som,1911,34.4,Somalia,Africa
som,1912,34.53,Somalia,Africa
som,1913,34.65,Somalia,Africa
som,1914,34.77,Somalia,Africa
som,1915,34.89,Somalia,Africa
som,1916,35.01,Somalia,Africa
som,1917,35.14,Somalia,Africa
som,1918,18.59,Somalia,Africa
som,1919,35.38,Somalia,Africa
som,1920,35.5,Somalia,Africa
som,1921,35.62,Somalia,Africa
som,1922,35.75,Somalia,Africa
som,1923,35.87,Somalia,Africa
som,1924,35.99,Somalia,Africa
som,1925,36.11,Somalia,Africa
som,1926,36.23,Somalia,Africa
som,1927,36.36,Somalia,Africa
som,1928,36.48,Somalia,Africa
som,1929,36.6,Somalia,Africa
som,1930,36.72,Somalia,Africa
som,1931,36.84,Somalia,Africa
som,1932,36.97,Somalia,Africa
som,1933,37.09,Somalia,Africa
som,1934,37.21,Somalia,Africa
som,1935,37.33,Somalia,Africa
som,1936,37.45,Somalia,Africa
som,1937,37.58,Somalia,Africa
som,1938,37.7,Somalia,Africa
som,1939,37.82,Somalia,Africa
som,1940,37.94,Somalia,Africa
som,1941,38.06,Somalia,Africa
som,1942,38.19,Somalia,Africa
som,1943,38.31,Somalia,Africa
som,1944,38.43,Somalia,Africa
som,1945,38.55,Somalia,Africa
som,1946,39.67,Somalia,Africa
som,1947,40.79,Somalia,Africa
som,1948,41.92,Somalia,Africa
som,1949,43.05,Somalia,Africa
som,1950,44.19,Somalia,Africa
som,1951,44.23,Somalia,Africa
som,1952,44.26,Somalia,Africa
som,1953,44.33,Somalia,Africa
som,1954,44.44,Somalia,Africa
som,1955,44.52,Somalia,Africa
som,1956,44.61,Somalia,Africa
som,1957,44.67,Somalia,Africa
som,1958,44.77,Somalia,Africa
som,1959,44.85,Somalia,Africa
som,1960,44.96,Somalia,Africa
som,1961,45.04,Somalia,Africa
som,1962,45.28,Somalia,Africa
som,1963,45.42,Somalia,Africa
som,1964,45.53,Somalia,Africa
som,1965,45.72,Somalia,Africa
som,1966,45.83,Somalia,Africa
som,1967,45.96,Somalia,Africa
som,1968,46.21,Somalia,Africa
som,1969,46.46,Somalia,Africa
som,1970,46.7,Somalia,Africa
som,1971,46.98,Somalia,Africa
som,1972,47.47,Somalia,Africa
som,1973,47.78,Somalia,Africa
som,1974,47.85,Somalia,Africa
som,1975,46.14,Somalia,Africa
som,1976,46.42,Somalia,Africa
som,1977,48.81,Somalia,Africa
som,1978,48.82,Somalia,Africa
som,1979,48.99,Somalia,Africa
som,1980,48.91,Somalia,Africa
som,1981,48.92,Somalia,Africa
som,1982,48.81,Somalia,Africa
som,1983,48.84,Somalia,Africa
som,1984,48.82,Somalia,Africa
som,1985,48.72,Somalia,Africa
som,1986,48.72,Somalia,Africa
som,1987,49.13,Somalia,Africa
som,1988,47.04,Somalia,Africa
som,1989,49.53,Somalia,Africa
som,1990,49.3,Somalia,Africa
som,1991,48.07,Somalia,Africa
som,1992,49.09,Somalia,Africa
som,1993,50.33,Somalia,Africa
som,1994,50.08,Somalia,Africa
som,1995,50.33,Somalia,Africa
som,1996,50.4,Somalia,Africa
som,1997,50.09,Somalia,Africa
som,1998,50.81,Somalia,Africa
som,1999,51.09,Somalia,Africa
som,2000,51.44,Somalia,Africa
som,2001,51.84,Somalia,Africa
som,2002,52.23,Somalia,Africa
som,2003,52.65,Somalia,Africa
som,2004,52.84,Somalia,Africa
som,2005,53.52,Somalia,Africa
som,2006,53.82,Somalia,Africa
som,2007,53.91,Somalia,Africa
som,2008,54.33,Somalia,Africa
som,2009,54.63,Somalia,Africa
som,2010,53.85,Somalia,Africa
som,2011,54.26,Somalia,Africa
som,2012,55.53,Somalia,Africa
som,2013,56.16,Somalia,Africa
som,2014,56.59,Somalia,Africa
som,2015,56.97,Somalia,Africa
som,2016,57.18,Somalia,Africa
som,2017,57.35,Somalia,Africa
som,2018,57.89,Somalia,Africa
som,2019,58.52,Somalia,Africa
som,2020,58.63,Somalia,Africa
som,2021,59.11,Somalia,Africa
som,2022,59.38,Somalia,Africa
som,2023,59.64,Somalia,Africa
som,2024,59.91,Somalia,Africa
som,2025,60.17,Somalia,Africa
som,2026,60.44,Somalia,Africa
som,2027,60.71,Somalia,Africa
som,2028,60.97,Somalia,Africa
som,2029,61.23,Somalia,Africa
som,2030,61.49,Somalia,Africa
som,2031,61.75,Somalia,Africa
som,2032,62.01,Somalia,Africa
som,2033,62.26,Somalia,Africa
som,2034,62.51,Somalia,Africa
som,2035,62.75,Somalia,Africa
som,2036,62.99,Somalia,Africa
som,2037,63.23,Somalia,Africa
som,2038,63.46,Somalia,Africa
som,2039,63.69,Somalia,Africa
som,2040,63.91,Somalia,Africa
som,2041,64.13,Somalia,Africa
som,2042,64.35,Somalia,Africa
som,2043,64.56,Somalia,Africa
som,2044,64.77,Somalia,Africa
som,2045,64.97,Somalia,Africa
som,2046,65.17,Somalia,Africa
som,2047,65.37,Somalia,Africa
som,2048,65.56,Somalia,Africa
som,2049,65.76,Somalia,Africa
som,2050,65.95,Somalia,Africa
som,2051,66.14,Somalia,Africa
som,2052,66.33,Somalia,Africa
som,2053,66.51,Somalia,Africa
som,2054,66.69,Somalia,Africa
som,2055,66.87,Somalia,Africa
som,2056,67.04,Somalia,Africa
som,2057,67.21,Somalia,Africa
som,2058,67.38,Somalia,Africa
som,2059,67.55,Somalia,Africa
som,2060,67.71,Somalia,Africa
som,2061,67.87,Somalia,Africa
som,2062,68.03,Somalia,Africa
som,2063,68.18,Somalia,Africa
som,2064,68.34,Somalia,Africa
som,2065,68.49,Somalia,Africa
som,2066,68.64,Somalia,Africa
som,2067,68.79,Somalia,Africa
som,2068,68.93,Somalia,Africa
som,2069,69.08,Somalia,Africa
som,2070,69.22,Somalia,Africa
som,2071,69.37,Somalia,Africa
som,2072,69.51,Somalia,Africa
som,2073,69.65,Somalia,Africa
som,2074,69.79,Somalia,Africa
som,2075,69.92,Somalia,Africa
som,2076,70.05,Somalia,Africa
som,2077,70.19,Somalia,Africa
som,2078,70.32,Somalia,Africa
som,2079,70.45,Somalia,Africa
som,2080,70.58,Somalia,Africa
som,2081,70.7,Somalia,Africa
som,2082,70.83,Somalia,Africa
som,2083,70.96,Somalia,Africa
som,2084,71.08,Somalia,Africa
som,2085,71.21,Somalia,Africa
som,2086,71.33,Somalia,Africa
som,2087,71.46,Somalia,Africa
som,2088,71.58,Somalia,Africa
som,2089,71.7,Somalia,Africa
som,2090,71.82,Somalia,Africa
som,2091,71.94,Somalia,Africa
som,2092,72.06,Somalia,Africa
som,2093,72.18,Somalia,Africa
som,2094,72.29,Somalia,Africa
som,2095,72.41,Somalia,Africa
som,2096,72.52,Somalia,Africa
som,2097,72.64,Somalia,Africa
som,2098,72.75,Somalia,Africa
som,2099,72.87,Somalia,Africa
som,2100,72.98,Somalia,Africa
zaf,1800,33.5,South Africa,Africa
zaf,1801,33.5,South Africa,Africa
zaf,1802,33.5,South Africa,Africa
zaf,1803,33.5,South Africa,Africa
zaf,1804,33.5,South Africa,Africa
zaf,1805,33.5,South Africa,Africa
zaf,1806,33.5,South Africa,Africa
zaf,1807,33.5,South Africa,Africa
zaf,1808,33.5,South Africa,Africa
zaf,1809,33.5,South Africa,Africa
zaf,1810,33.5,South Africa,Africa
zaf,1811,33.5,South Africa,Africa
zaf,1812,33.5,South Africa,Africa
zaf,1813,33.5,South Africa,Africa
zaf,1814,33.5,South Africa,Africa
zaf,1815,33.5,South Africa,Africa
zaf,1816,33.5,South Africa,Africa
zaf,1817,33.5,South Africa,Africa
zaf,1818,33.5,South Africa,Africa
zaf,1819,33.5,South Africa,Africa
zaf,1820,33.5,South Africa,Africa
zaf,1821,33.5,South Africa,Africa
zaf,1822,33.5,South Africa,Africa
zaf,1823,33.5,South Africa,Africa
zaf,1824,33.5,South Africa,Africa
zaf,1825,33.5,South Africa,Africa
zaf,1826,33.5,South Africa,Africa
zaf,1827,33.5,South Africa,Africa
zaf,1828,33.5,South Africa,Africa
zaf,1829,33.5,South Africa,Africa
zaf,1830,33.5,South Africa,Africa
zaf,1831,33.5,South Africa,Africa
zaf,1832,33.5,South Africa,Africa
zaf,1833,33.5,South Africa,Africa
zaf,1834,33.5,South Africa,Africa
zaf,1835,33.5,South Africa,Africa
zaf,1836,33.5,South Africa,Africa
zaf,1837,33.5,South Africa,Africa
zaf,1838,33.5,South Africa,Africa
zaf,1839,33.5,South Africa,Africa
zaf,1840,33.5,South Africa,Africa
zaf,1841,33.5,South Africa,Africa
zaf,1842,33.5,South Africa,Africa
zaf,1843,33.5,South Africa,Africa
zaf,1844,33.5,South Africa,Africa
zaf,1845,33.5,South Africa,Africa
zaf,1846,33.5,South Africa,Africa
zaf,1847,33.5,South Africa,Africa
zaf,1848,33.5,South Africa,Africa
zaf,1849,33.5,South Africa,Africa
zaf,1850,33.5,South Africa,Africa
zaf,1851,33.5,South Africa,Africa
zaf,1852,33.5,South Africa,Africa
zaf,1853,33.5,South Africa,Africa
zaf,1854,33.5,South Africa,Africa
zaf,1855,33.5,South Africa,Africa
zaf,1856,33.5,South Africa,Africa
zaf,1857,33.5,South Africa,Africa
zaf,1858,33.5,South Africa,Africa
zaf,1859,33.5,South Africa,Africa
zaf,1860,33.5,South Africa,Africa
zaf,1861,33.5,South Africa,Africa
zaf,1862,33.5,South Africa,Africa
zaf,1863,33.5,South Africa,Africa
zaf,1864,33.5,South Africa,Africa
zaf,1865,33.5,South Africa,Africa
zaf,1866,33.5,South Africa,Africa
zaf,1867,33.5,South Africa,Africa
zaf,1868,33.5,South Africa,Africa
zaf,1869,33.5,South Africa,Africa
zaf,1870,33.5,South Africa,Africa
zaf,1871,33.58,South Africa,Africa
zaf,1872,33.66,South Africa,Africa
zaf,1873,33.75,South Africa,Africa
zaf,1874,33.83,South Africa,Africa
zaf,1875,33.91,South Africa,Africa
zaf,1876,33.99,South Africa,Africa
zaf,1877,34.07,South Africa,Africa
zaf,1878,34.15,South Africa,Africa
zaf,1879,34.24,South Africa,Africa
zaf,1880,34.32,South Africa,Africa
zaf,1881,34.4,South Africa,Africa
zaf,1882,34.48,South Africa,Africa
zaf,1883,34.56,South Africa,Africa
zaf,1884,34.65,South Africa,Africa
zaf,1885,34.73,South Africa,Africa
zaf,1886,34.81,South Africa,Africa
zaf,1887,34.89,South Africa,Africa
zaf,1888,34.97,South Africa,Africa
zaf,1889,35.06,South Africa,Africa
zaf,1890,35.14,South Africa,Africa
zaf,1891,35.22,South Africa,Africa
zaf,1892,35.3,South Africa,Africa
zaf,1893,35.38,South Africa,Africa
zaf,1894,35.46,South Africa,Africa
zaf,1895,35.55,South Africa,Africa
zaf,1896,35.63,South Africa,Africa
zaf,1897,35.71,South Africa,Africa
zaf,1898,35.79,South Africa,Africa
zaf,1899,35.87,South Africa,Africa
zaf,1900,35.96,South Africa,Africa
zaf,1901,36.04,South Africa,Africa
zaf,1902,36.12,South Africa,Africa
zaf,1903,36.2,South Africa,Africa
zaf,1904,36.28,South Africa,Africa
zaf,1905,36.37,South Africa,Africa
zaf,1906,36.45,South Africa,Africa
zaf,1907,36.53,South Africa,Africa
zaf,1908,36.61,South Africa,Africa
zaf,1909,36.69,South Africa,Africa
zaf,1910,36.77,South Africa,Africa
zaf,1911,36.86,South Africa,Africa
zaf,1912,36.94,South Africa,Africa
zaf,1913,37.02,South Africa,Africa
zaf,1914,37.1,South Africa,Africa
zaf,1915,37.18,South Africa,Africa
zaf,1916,37.27,South Africa,Africa
zaf,1917,37.35,South Africa,Africa
zaf,1918,12.37,South Africa,Africa
zaf,1919,37.51,South Africa,Africa
zaf,1920,37.59,South Africa,Africa
zaf,1921,37.68,South Africa,Africa
zaf,1922,37.76,South Africa,Africa
zaf,1923,37.84,South Africa,Africa
zaf,1924,37.92,South Africa,Africa
zaf,1925,38,South Africa,Africa
zaf,1926,38.08,South Africa,Africa
zaf,1927,38.17,South Africa,Africa
zaf,1928,38.25,South Africa,Africa
zaf,1929,38.33,South Africa,Africa
zaf,1930,38.41,South Africa,Africa
zaf,1931,39.07,South Africa,Africa
zaf,1932,39.73,South Africa,Africa
zaf,1933,40.4,South Africa,Africa
zaf,1934,41.06,South Africa,Africa
zaf,1935,41.73,South Africa,Africa
zaf,1936,42.4,South Africa,Africa
zaf,1937,43.08,South Africa,Africa
zaf,1938,43.75,South Africa,Africa
zaf,1939,44.43,South Africa,Africa
zaf,1940,45.11,South Africa,Africa
zaf,1941,45.8,South Africa,Africa
zaf,1942,46.48,South Africa,Africa
zaf,1943,47.17,South Africa,Africa
zaf,1944,47.86,South Africa,Africa
zaf,1945,48.56,South Africa,Africa
zaf,1946,49.25,South Africa,Africa
zaf,1947,49.95,South Africa,Africa
zaf,1948,50.65,South Africa,Africa
zaf,1949,51.35,South Africa,Africa
zaf,1950,52.06,South Africa,Africa
zaf,1951,52.28,South Africa,Africa
zaf,1952,52.43,South Africa,Africa
zaf,1953,52.74,South Africa,Africa
zaf,1954,52.87,South Africa,Africa
zaf,1955,53.04,South Africa,Africa
zaf,1956,53.28,South Africa,Africa
zaf,1957,53.48,South Africa,Africa
zaf,1958,53.64,South Africa,Africa
zaf,1959,53.79,South Africa,Africa
zaf,1960,53.93,South Africa,Africa
zaf,1961,54.18,South Africa,Africa
zaf,1962,54.39,South Africa,Africa
zaf,1963,54.63,South Africa,Africa
zaf,1964,54.93,South Africa,Africa
zaf,1965,55.19,South Africa,Africa
zaf,1966,55.46,South Africa,Africa
zaf,1967,55.77,South Africa,Africa
zaf,1968,56.07,South Africa,Africa
zaf,1969,56.38,South Africa,Africa
zaf,1970,56.69,South Africa,Africa
zaf,1971,57,South Africa,Africa
zaf,1972,57.31,South Africa,Africa
zaf,1973,57.63,South Africa,Africa
zaf,1974,57.98,South Africa,Africa
zaf,1975,58.3,South Africa,Africa
zaf,1976,58.59,South Africa,Africa
zaf,1977,58.82,South Africa,Africa
zaf,1978,59.07,South Africa,Africa
zaf,1979,59.31,South Africa,Africa
zaf,1980,59.52,South Africa,Africa
zaf,1981,59.8,South Africa,Africa
zaf,1982,60.2,South Africa,Africa
zaf,1983,60.54,South Africa,Africa
zaf,1984,61.28,South Africa,Africa
zaf,1985,61.92,South Africa,Africa
zaf,1986,62.12,South Africa,Africa
zaf,1987,62.8,South Africa,Africa
zaf,1988,63.52,South Africa,Africa
zaf,1989,63.77,South Africa,Africa
zaf,1990,64.18,South Africa,Africa
zaf,1991,64.3,South Africa,Africa
zaf,1992,63.59,South Africa,Africa
zaf,1993,64.27,South Africa,Africa
zaf,1994,63.42,South Africa,Africa
zaf,1995,62.93,South Africa,Africa
zaf,1996,61.78,South Africa,Africa
zaf,1997,59.48,South Africa,Africa
zaf,1998,58.02,South Africa,Africa
zaf,1999,57.16,South Africa,Africa
zaf,2000,55.58,South Africa,Africa
zaf,2001,54.75,South Africa,Africa
zaf,2002,53.67,South Africa,Africa
zaf,2003,52.71,South Africa,Africa
zaf,2004,52.22,South Africa,Africa
zaf,2005,52.1,South Africa,Africa
zaf,2006,52.28,South Africa,Africa
zaf,2007,53.18,South Africa,Africa
zaf,2008,54.25,South Africa,Africa
zaf,2009,55.66,South Africa,Africa
zaf,2010,57.07,South Africa,Africa
zaf,2011,58.67,South Africa,Africa
zaf,2012,60.13,South Africa,Africa
zaf,2013,61.29,South Africa,Africa
zaf,2014,61.82,South Africa,Africa
zaf,2015,62.26,South Africa,Africa
zaf,2016,62.7,South Africa,Africa
zaf,2017,63.2,South Africa,Africa
zaf,2018,64.42,South Africa,Africa
zaf,2019,65.14,South Africa,Africa
zaf,2020,64.33,South Africa,Africa
zaf,2021,65.63,South Africa,Africa
zaf,2022,65.86,South Africa,Africa
zaf,2023,66.07,South Africa,Africa
zaf,2024,66.28,South Africa,Africa
zaf,2025,66.5,South Africa,Africa
zaf,2026,66.71,South Africa,Africa
zaf,2027,66.93,South Africa,Africa
zaf,2028,67.14,South Africa,Africa
zaf,2029,67.34,South Africa,Africa
zaf,2030,67.54,South Africa,Africa
zaf,2031,67.74,South Africa,Africa
zaf,2032,67.93,South Africa,Africa
zaf,2033,68.11,South Africa,Africa
zaf,2034,68.3,South Africa,Africa
zaf,2035,68.48,South Africa,Africa
zaf,2036,68.65,South Africa,Africa
zaf,2037,68.83,South Africa,Africa
zaf,2038,69,South Africa,Africa
zaf,2039,69.16,South Africa,Africa
zaf,2040,69.33,South Africa,Africa
zaf,2041,69.49,South Africa,Africa
zaf,2042,69.65,South Africa,Africa
zaf,2043,69.81,South Africa,Africa
zaf,2044,69.97,South Africa,Africa
zaf,2045,70.12,South Africa,Africa
zaf,2046,70.27,South Africa,Africa
zaf,2047,70.42,South Africa,Africa
zaf,2048,70.57,South Africa,Africa
zaf,2049,70.72,South Africa,Africa
zaf,2050,70.86,South Africa,Africa
zaf,2051,71,South Africa,Africa
zaf,2052,71.14,South Africa,Africa
zaf,2053,71.28,South Africa,Africa
zaf,2054,71.42,South Africa,Africa
zaf,2055,71.55,South Africa,Africa
zaf,2056,71.69,South Africa,Africa
zaf,2057,71.83,South Africa,Africa
zaf,2058,71.96,South Africa,Africa
zaf,2059,72.1,South Africa,Africa
zaf,2060,72.23,South Africa,Africa
zaf,2061,72.37,South Africa,Africa
zaf,2062,72.5,South Africa,Africa
zaf,2063,72.64,South Africa,Africa
zaf,2064,72.77,South Africa,Africa
zaf,2065,72.91,South Africa,Africa
zaf,2066,73.05,South Africa,Africa
zaf,2067,73.18,South Africa,Africa
zaf,2068,73.32,South Africa,Africa
zaf,2069,73.45,South Africa,Africa
zaf,2070,73.59,South Africa,Africa
zaf,2071,73.72,South Africa,Africa
zaf,2072,73.86,South Africa,Africa
zaf,2073,73.99,South Africa,Africa
zaf,2074,74.12,South Africa,Africa
zaf,2075,74.26,South Africa,Africa
zaf,2076,74.39,South Africa,Africa
zaf,2077,74.53,South Africa,Africa
zaf,2078,74.66,South Africa,Africa
zaf,2079,74.79,South Africa,Africa
zaf,2080,74.93,South Africa,Africa
zaf,2081,75.06,South Africa,Africa
zaf,2082,75.19,South Africa,Africa
zaf,2083,75.32,South Africa,Africa
zaf,2084,75.46,South Africa,Africa
zaf,2085,75.59,South Africa,Africa
zaf,2086,75.72,South Africa,Africa
zaf,2087,75.86,South Africa,Africa
zaf,2088,75.99,South Africa,Africa
zaf,2089,76.13,South Africa,Africa
zaf,2090,76.26,South Africa,Africa
zaf,2091,76.4,South Africa,Africa
zaf,2092,76.54,South Africa,Africa
zaf,2093,76.68,South Africa,Africa
zaf,2094,76.82,South Africa,Africa
zaf,2095,76.96,South Africa,Africa
zaf,2096,77.11,South Africa,Africa
zaf,2097,77.25,South Africa,Africa
zaf,2098,77.4,South Africa,Africa
zaf,2099,77.54,South Africa,Africa
zaf,2100,77.69,South Africa,Africa
kor,1800,25.8,South Korea,Asia
kor,1801,25.8,South Korea,Asia
kor,1802,25.8,South Korea,Asia
kor,1803,25.8,South Korea,Asia
kor,1804,25.8,South Korea,Asia
kor,1805,25.8,South Korea,Asia
kor,1806,25.8,South Korea,Asia
kor,1807,25.8,South Korea,Asia
kor,1808,25.8,South Korea,Asia
kor,1809,25.8,South Korea,Asia
kor,1810,25.8,South Korea,Asia
kor,1811,25.8,South Korea,Asia
kor,1812,25.8,South Korea,Asia
kor,1813,25.8,South Korea,Asia
kor,1814,25.8,South Korea,Asia
kor,1815,25.8,South Korea,Asia
kor,1816,25.8,South Korea,Asia
kor,1817,25.8,South Korea,Asia
kor,1818,25.8,South Korea,Asia
kor,1819,25.8,South Korea,Asia
kor,1820,25.8,South Korea,Asia
kor,1821,25.8,South Korea,Asia
kor,1822,25.8,South Korea,Asia
kor,1823,25.8,South Korea,Asia
kor,1824,25.8,South Korea,Asia
kor,1825,25.8,South Korea,Asia
kor,1826,25.8,South Korea,Asia
kor,1827,25.8,South Korea,Asia
kor,1828,25.8,South Korea,Asia
kor,1829,25.8,South Korea,Asia
kor,1830,25.8,South Korea,Asia
kor,1831,25.8,South Korea,Asia
kor,1832,25.8,South Korea,Asia
kor,1833,25.8,South Korea,Asia
kor,1834,25.8,South Korea,Asia
kor,1835,25.8,South Korea,Asia
kor,1836,25.8,South Korea,Asia
kor,1837,25.8,South Korea,Asia
kor,1838,25.8,South Korea,Asia
kor,1839,25.8,South Korea,Asia
kor,1840,25.8,South Korea,Asia
kor,1841,25.8,South Korea,Asia
kor,1842,25.8,South Korea,Asia
kor,1843,25.8,South Korea,Asia
kor,1844,25.8,South Korea,Asia
kor,1845,25.8,South Korea,Asia
kor,1846,25.8,South Korea,Asia
kor,1847,25.8,South Korea,Asia
kor,1848,25.8,South Korea,Asia
kor,1849,25.8,South Korea,Asia
kor,1850,25.8,South Korea,Asia
kor,1851,25.8,South Korea,Asia
kor,1852,25.8,South Korea,Asia
kor,1853,25.8,South Korea,Asia
kor,1854,25.8,South Korea,Asia
kor,1855,25.8,South Korea,Asia
kor,1856,25.8,South Korea,Asia
kor,1857,25.8,South Korea,Asia
kor,1858,25.8,South Korea,Asia
kor,1859,25.8,South Korea,Asia
kor,1860,25.8,South Korea,Asia
kor,1861,25.8,South Korea,Asia
kor,1862,25.8,South Korea,Asia
kor,1863,25.8,South Korea,Asia
kor,1864,25.8,South Korea,Asia
kor,1865,25.8,South Korea,Asia
kor,1866,25.8,South Korea,Asia
kor,1867,25.8,South Korea,Asia
kor,1868,25.8,South Korea,Asia
kor,1869,25.8,South Korea,Asia
kor,1870,25.8,South Korea,Asia
kor,1871,25.8,South Korea,Asia
kor,1872,25.8,South Korea,Asia
kor,1873,25.8,South Korea,Asia
kor,1874,25.8,South Korea,Asia
kor,1875,25.8,South Korea,Asia
kor,1876,25.8,South Korea,Asia
kor,1877,25.8,South Korea,Asia
kor,1878,25.8,South Korea,Asia
kor,1879,25.8,South Korea,Asia
kor,1880,25.8,South Korea,Asia
kor,1881,25.8,South Korea,Asia
kor,1882,25.8,South Korea,Asia
kor,1883,25.8,South Korea,Asia
kor,1884,25.8,South Korea,Asia
kor,1885,25.8,South Korea,Asia
kor,1886,25.8,South Korea,Asia
kor,1887,25.8,South Korea,Asia
kor,1888,25.8,South Korea,Asia
kor,1889,25.8,South Korea,Asia
kor,1890,25.8,South Korea,Asia
kor,1891,25.8,South Korea,Asia
kor,1892,25.8,South Korea,Asia
kor,1893,25.8,South Korea,Asia
kor,1894,25.8,South Korea,Asia
kor,1895,25.8,South Korea,Asia
kor,1896,25.8,South Korea,Asia
kor,1897,25.8,South Korea,Asia
kor,1898,25.8,South Korea,Asia
kor,1899,25.8,South Korea,Asia
kor,1900,25.8,South Korea,Asia
kor,1901,25.8,South Korea,Asia
kor,1902,25.8,South Korea,Asia
kor,1903,25.8,South Korea,Asia
kor,1904,25.34,South Korea,Asia
kor,1905,24.88,South Korea,Asia
kor,1906,24.42,South Korea,Asia
kor,1907,23.97,South Korea,Asia
kor,1908,23.51,South Korea,Asia
kor,1909,23.8,South Korea,Asia
kor,1910,24.1,South Korea,Asia
kor,1911,24.39,South Korea,Asia
kor,1912,24.69,South Korea,Asia
kor,1913,24.98,South Korea,Asia
kor,1914,25.48,South Korea,Asia
kor,1915,25.98,South Korea,Asia
kor,1916,26.48,South Korea,Asia
kor,1917,26.98,South Korea,Asia
kor,1918,17.03,South Korea,Asia
kor,1919,27.49,South Korea,Asia
kor,1920,28,South Korea,Asia
kor,1921,28.51,South Korea,Asia
kor,1922,29.02,South Korea,Asia
kor,1923,29.53,South Korea,Asia
kor,1924,30.35,South Korea,Asia
kor,1925,31.16,South Korea,Asia
kor,1926,31.98,South Korea,Asia
kor,1927,32.79,South Korea,Asia
kor,1928,33.61,South Korea,Asia
kor,1929,34.36,South Korea,Asia
kor,1930,35.12,South Korea,Asia
kor,1931,35.87,South Korea,Asia
kor,1932,36.63,South Korea,Asia
kor,1933,37.39,South Korea,Asia
kor,1934,38.42,South Korea,Asia
kor,1935,39.46,South Korea,Asia
kor,1936,40.5,South Korea,Asia
kor,1937,41.53,South Korea,Asia
kor,1938,42.57,South Korea,Asia
kor,1939,43.15,South Korea,Asia
kor,1940,43.73,South Korea,Asia
kor,1941,44.31,South Korea,Asia
kor,1942,44.89,South Korea,Asia
kor,1943,43,South Korea,Asia
kor,1944,42,South Korea,Asia
kor,1945,42.5,South Korea,Asia
kor,1946,45,South Korea,Asia
kor,1947,47,South Korea,Asia
kor,1948,47.59,South Korea,Asia
kor,1949,48.04,South Korea,Asia
kor,1950,43,South Korea,Asia
kor,1951,41.13,South Korea,Asia
kor,1952,44.73,South Korea,Asia
kor,1953,50.54,South Korea,Asia
kor,1954,53.48,South Korea,Asia
kor,1955,55.9,South Korea,Asia
kor,1956,56.6,South Korea,Asia
kor,1957,57.36,South Korea,Asia
kor,1958,57.99,South Korea,Asia
kor,1959,58.55,South Korea,Asia
kor,1960,59.11,South Korea,Asia
kor,1961,59.53,South Korea,Asia
kor,1962,60.03,South Korea,Asia
kor,1963,60.47,South Korea,Asia
kor,1964,60.91,South Korea,Asia
kor,1965,61.36,South Korea,Asia
kor,1966,61.78,South Korea,Asia
kor,1967,62.23,South Korea,Asia
kor,1968,62.61,South Korea,Asia
kor,1969,63.12,South Korea,Asia
kor,1970,63.57,South Korea,Asia
kor,1971,64.09,South Korea,Asia
kor,1972,64.43,South Korea,Asia
kor,1973,64.95,South Korea,Asia
kor,1974,65.33,South Korea,Asia
kor,1975,65.73,South Korea,Asia
kor,1976,66.12,South Korea,Asia
kor,1977,66.46,South Korea,Asia
kor,1978,67.07,South Korea,Asia
kor,1979,67.64,South Korea,Asia
kor,1980,67.33,South Korea,Asia
kor,1981,68.49,South Korea,Asia
kor,1982,68.6,South Korea,Asia
kor,1983,68.5,South Korea,Asia
kor,1984,69.45,South Korea,Asia
kor,1985,69.87,South Korea,Asia
kor,1986,70.33,South Korea,Asia
kor,1987,70.61,South Korea,Asia
kor,1988,71.33,South Korea,Asia
kor,1989,71.7,South Korea,Asia
kor,1990,72.13,South Korea,Asia
kor,1991,72.54,South Korea,Asia
kor,1992,73.12,South Korea,Asia
kor,1993,73.57,South Korea,Asia
kor,1994,73.86,South Korea,Asia
kor,1995,74.34,South Korea,Asia
kor,1996,74.84,South Korea,Asia
kor,1997,75.27,South Korea,Asia
kor,1998,75.58,South Korea,Asia
kor,1999,75.96,South Korea,Asia
kor,2000,76.34,South Korea,Asia
kor,2001,76.87,South Korea,Asia
kor,2002,77.29,South Korea,Asia
kor,2003,77.71,South Korea,Asia
kor,2004,78.25,South Korea,Asia
kor,2005,78.78,South Korea,Asia
kor,2006,79.31,South Korea,Asia
kor,2007,79.75,South Korea,Asia
kor,2008,80.17,South Korea,Asia
kor,2009,80.53,South Korea,Asia
kor,2010,80.82,South Korea,Asia
kor,2011,81.16,South Korea,Asia
kor,2012,81.5,South Korea,Asia
kor,2013,81.93,South Korea,Asia
kor,2014,82.31,South Korea,Asia
kor,2015,82.61,South Korea,Asia
kor,2016,82.84,South Korea,Asia
kor,2017,82.88,South Korea,Asia
kor,2018,82.94,South Korea,Asia
kor,2019,82.92,South Korea,Asia
kor,2020,82.79,South Korea,Asia
kor,2021,83.22,South Korea,Asia
kor,2022,83.35,South Korea,Asia
kor,2023,83.47,South Korea,Asia
kor,2024,83.6,South Korea,Asia
kor,2025,83.73,South Korea,Asia
kor,2026,83.86,South Korea,Asia
kor,2027,84,South Korea,Asia
kor,2028,84.13,South Korea,Asia
kor,2029,84.27,South Korea,Asia
kor,2030,84.4,South Korea,Asia
kor,2031,84.53,South Korea,Asia
kor,2032,84.66,South Korea,Asia
kor,2033,84.79,South Korea,Asia
kor,2034,84.92,South Korea,Asia
kor,2035,85.05,South Korea,Asia
kor,2036,85.17,South Korea,Asia
kor,2037,85.3,South Korea,Asia
kor,2038,85.43,South Korea,Asia
kor,2039,85.55,South Korea,Asia
kor,2040,85.68,South Korea,Asia
kor,2041,85.81,South Korea,Asia
kor,2042,85.93,South Korea,Asia
kor,2043,86.06,South Korea,Asia
kor,2044,86.18,South Korea,Asia
kor,2045,86.3,South Korea,Asia
kor,2046,86.43,South Korea,Asia
kor,2047,86.55,South Korea,Asia
kor,2048,86.67,South Korea,Asia
kor,2049,86.8,South Korea,Asia
kor,2050,86.92,South Korea,Asia
kor,2051,87.04,South Korea,Asia
kor,2052,87.16,South Korea,Asia
kor,2053,87.28,South Korea,Asia
kor,2054,87.4,South Korea,Asia
kor,2055,87.52,South Korea,Asia
kor,2056,87.64,South Korea,Asia
kor,2057,87.75,South Korea,Asia
kor,2058,87.87,South Korea,Asia
kor,2059,87.99,South Korea,Asia
kor,2060,88.11,South Korea,Asia
kor,2061,88.22,South Korea,Asia
kor,2062,88.34,South Korea,Asia
kor,2063,88.46,South Korea,Asia
kor,2064,88.57,South Korea,Asia
kor,2065,88.69,South Korea,Asia
kor,2066,88.8,South Korea,Asia
kor,2067,88.92,South Korea,Asia
kor,2068,89.03,South Korea,Asia
kor,2069,89.15,South Korea,Asia
kor,2070,89.26,South Korea,Asia
kor,2071,89.38,South Korea,Asia
kor,2072,89.49,South Korea,Asia
kor,2073,89.61,South Korea,Asia
kor,2074,89.72,South Korea,Asia
kor,2075,89.84,South Korea,Asia
kor,2076,89.95,South Korea,Asia
kor,2077,90.07,South Korea,Asia
kor,2078,90.19,South Korea,Asia
kor,2079,90.3,South Korea,Asia
kor,2080,90.42,South Korea,Asia
kor,2081,90.53,South Korea,Asia
kor,2082,90.65,South Korea,Asia
kor,2083,90.76,South Korea,Asia
kor,2084,90.88,South Korea,Asia
kor,2085,90.99,South Korea,Asia
kor,2086,91.11,South Korea,Asia
kor,2087,91.22,South Korea,Asia
kor,2088,91.34,South Korea,Asia
kor,2089,91.45,South Korea,Asia
kor,2090,91.56,South Korea,Asia
kor,2091,91.68,South Korea,Asia
kor,2092,91.79,South Korea,Asia
kor,2093,91.91,South Korea,Asia
kor,2094,92.02,South Korea,Asia
kor,2095,92.13,South Korea,Asia
kor,2096,92.25,South Korea,Asia
kor,2097,92.36,South Korea,Asia
kor,2098,92.48,South Korea,Asia
kor,2099,92.59,South Korea,Asia
kor,2100,92.7,South Korea,Asia
ssd,1800,26.67,South Sudan,Africa
ssd,1801,26.67,South Sudan,Africa
ssd,1802,26.67,South Sudan,Africa
ssd,1803,26.67,South Sudan,Africa
ssd,1804,26.67,South Sudan,Africa
ssd,1805,26.67,South Sudan,Africa
ssd,1806,26.67,South Sudan,Africa
ssd,1807,26.67,South Sudan,Africa
ssd,1808,26.67,South Sudan,Africa
ssd,1809,26.67,South Sudan,Africa
ssd,1810,26.67,South Sudan,Africa
ssd,1811,26.67,South Sudan,Africa
ssd,1812,26.67,South Sudan,Africa
ssd,1813,26.67,South Sudan,Africa
ssd,1814,26.67,South Sudan,Africa
ssd,1815,26.67,South Sudan,Africa
ssd,1816,26.67,South Sudan,Africa
ssd,1817,26.67,South Sudan,Africa
ssd,1818,26.67,South Sudan,Africa
ssd,1819,26.67,South Sudan,Africa
ssd,1820,26.67,South Sudan,Africa
ssd,1821,26.67,South Sudan,Africa
ssd,1822,26.67,South Sudan,Africa
ssd,1823,26.67,South Sudan,Africa
ssd,1824,26.67,South Sudan,Africa
ssd,1825,26.67,South Sudan,Africa
ssd,1826,26.67,South Sudan,Africa
ssd,1827,26.67,South Sudan,Africa
ssd,1828,26.67,South Sudan,Africa
ssd,1829,26.67,South Sudan,Africa
ssd,1830,26.67,South Sudan,Africa
ssd,1831,26.67,South Sudan,Africa
ssd,1832,26.67,South Sudan,Africa
ssd,1833,26.67,South Sudan,Africa
ssd,1834,26.67,South Sudan,Africa
ssd,1835,26.67,South Sudan,Africa
ssd,1836,26.67,South Sudan,Africa
ssd,1837,26.67,South Sudan,Africa
ssd,1838,26.67,South Sudan,Africa
ssd,1839,26.67,South Sudan,Africa
ssd,1840,26.67,South Sudan,Africa
ssd,1841,26.67,South Sudan,Africa
ssd,1842,26.67,South Sudan,Africa
ssd,1843,26.67,South Sudan,Africa
ssd,1844,26.67,South Sudan,Africa
ssd,1845,26.67,South Sudan,Africa
ssd,1846,26.67,South Sudan,Africa
ssd,1847,26.67,South Sudan,Africa
ssd,1848,26.67,South Sudan,Africa
ssd,1849,26.67,South Sudan,Africa
ssd,1850,26.67,South Sudan,Africa
ssd,1851,26.67,South Sudan,Africa
ssd,1852,26.67,South Sudan,Africa
ssd,1853,26.67,South Sudan,Africa
ssd,1854,26.67,South Sudan,Africa
ssd,1855,26.67,South Sudan,Africa
ssd,1856,26.67,South Sudan,Africa
ssd,1857,26.67,South Sudan,Africa
ssd,1858,26.67,South Sudan,Africa
ssd,1859,26.67,South Sudan,Africa
ssd,1860,26.67,South Sudan,Africa
ssd,1861,26.67,South Sudan,Africa
ssd,1862,26.67,South Sudan,Africa
ssd,1863,26.67,South Sudan,Africa
ssd,1864,26.67,South Sudan,Africa
ssd,1865,26.67,South Sudan,Africa
ssd,1866,26.67,South Sudan,Africa
ssd,1867,26.67,South Sudan,Africa
ssd,1868,26.67,South Sudan,Africa
ssd,1869,26.67,South Sudan,Africa
ssd,1870,26.67,South Sudan,Africa
ssd,1871,26.92,South Sudan,Africa
ssd,1872,27.18,South Sudan,Africa
ssd,1873,27.44,South Sudan,Africa
ssd,1874,27.69,South Sudan,Africa
ssd,1875,27.95,South Sudan,Africa
ssd,1876,28.21,South Sudan,Africa
ssd,1877,28.46,South Sudan,Africa
ssd,1878,28.72,South Sudan,Africa
ssd,1879,28.98,South Sudan,Africa
ssd,1880,29.24,South Sudan,Africa
ssd,1881,29.49,South Sudan,Africa
ssd,1882,29.75,South Sudan,Africa
ssd,1883,30.01,South Sudan,Africa
ssd,1884,30.26,South Sudan,Africa
ssd,1885,30.52,South Sudan,Africa
ssd,1886,30.78,South Sudan,Africa
ssd,1887,31.03,South Sudan,Africa
ssd,1888,31.29,South Sudan,Africa
ssd,1889,31.55,South Sudan,Africa
ssd,1890,31.81,South Sudan,Africa
ssd,1891,32.06,South Sudan,Africa
ssd,1892,32.32,South Sudan,Africa
ssd,1893,32.58,South Sudan,Africa
ssd,1894,32.83,South Sudan,Africa
ssd,1895,33.09,South Sudan,Africa
ssd,1896,33.35,South Sudan,Africa
ssd,1897,33.6,South Sudan,Africa
ssd,1898,33.86,South Sudan,Africa
ssd,1899,34.12,South Sudan,Africa
ssd,1900,34.38,South Sudan,Africa
ssd,1901,34.63,South Sudan,Africa
ssd,1902,34.89,South Sudan,Africa
ssd,1903,35.15,South Sudan,Africa
ssd,1904,35.4,South Sudan,Africa
ssd,1905,35.66,South Sudan,Africa
ssd,1906,35.92,South Sudan,Africa
ssd,1907,36.17,South Sudan,Africa
ssd,1908,36.43,South Sudan,Africa
ssd,1909,36.69,South Sudan,Africa
ssd,1910,36.95,South Sudan,Africa
ssd,1911,37.2,South Sudan,Africa
ssd,1912,37.46,South Sudan,Africa
ssd,1913,37.72,South Sudan,Africa
ssd,1914,37.97,South Sudan,Africa
ssd,1915,38.23,South Sudan,Africa
ssd,1916,38.49,South Sudan,Africa
ssd,1917,38.74,South Sudan,Africa
ssd,1918,15.08,South Sudan,Africa
ssd,1919,39.26,South Sudan,Africa
ssd,1920,39.52,South Sudan,Africa
ssd,1921,39.77,South Sudan,Africa
ssd,1922,40.03,South Sudan,Africa
ssd,1923,40.29,South Sudan,Africa
ssd,1924,40.54,South Sudan,Africa
ssd,1925,40.8,South Sudan,Africa
ssd,1926,41.06,South Sudan,Africa
ssd,1927,41.31,South Sudan,Africa
ssd,1928,41.57,South Sudan,Africa
ssd,1929,41.83,South Sudan,Africa
ssd,1930,42.09,South Sudan,Africa
ssd,1931,42.34,South Sudan,Africa
ssd,1932,42.6,South Sudan,Africa
ssd,1933,42.86,South Sudan,Africa
ssd,1934,43.11,South Sudan,Africa
ssd,1935,43.37,South Sudan,Africa
ssd,1936,43.63,South Sudan,Africa
ssd,1937,43.88,South Sudan,Africa
ssd,1938,44.14,South Sudan,Africa
ssd,1939,44.4,South Sudan,Africa
ssd,1940,44.66,South Sudan,Africa
ssd,1941,44.91,South Sudan,Africa
ssd,1942,45.17,South Sudan,Africa
ssd,1943,45.43,South Sudan,Africa
ssd,1944,45.68,South Sudan,Africa
ssd,1945,45.94,South Sudan,Africa
ssd,1946,46.2,South Sudan,Africa
ssd,1947,46.46,South Sudan,Africa
ssd,1948,46.71,South Sudan,Africa
ssd,1949,46.97,South Sudan,Africa
ssd,1950,47.23,South Sudan,Africa
ssd,1951,47.27,South Sudan,Africa
ssd,1952,47.36,South Sudan,Africa
ssd,1953,47.51,South Sudan,Africa
ssd,1954,47.67,South Sudan,Africa
ssd,1955,47.81,South Sudan,Africa
ssd,1956,47.96,South Sudan,Africa
ssd,1957,48.08,South Sudan,Africa
ssd,1958,48.25,South Sudan,Africa
ssd,1959,48.4,South Sudan,Africa
ssd,1960,48.61,South Sudan,Africa
ssd,1961,48.83,South Sudan,Africa
ssd,1962,49.06,South Sudan,Africa
ssd,1963,48.45,South Sudan,Africa
ssd,1964,48.67,South Sudan,Africa
ssd,1965,48.89,South Sudan,Africa
ssd,1966,49.06,South Sudan,Africa
ssd,1967,49.25,South Sudan,Africa
ssd,1968,49.53,South Sudan,Africa
ssd,1969,49.82,South Sudan,Africa
ssd,1970,50.08,South Sudan,Africa
ssd,1971,50.38,South Sudan,Africa
ssd,1972,50.69,South Sudan,Africa
ssd,1973,51.74,South Sudan,Africa
ssd,1974,52.01,South Sudan,Africa
ssd,1975,52.23,South Sudan,Africa
ssd,1976,52.45,South Sudan,Africa
ssd,1977,52.67,South Sudan,Africa
ssd,1978,52.84,South Sudan,Africa
ssd,1979,53.01,South Sudan,Africa
ssd,1980,53.11,South Sudan,Africa
ssd,1981,53.23,South Sudan,Africa
ssd,1982,53.28,South Sudan,Africa
ssd,1983,52.56,South Sudan,Africa
ssd,1984,52.62,South Sudan,Africa
ssd,1985,52.72,South Sudan,Africa
ssd,1986,52.84,South Sudan,Africa
ssd,1987,53.05,South Sudan,Africa
ssd,1988,53.29,South Sudan,Africa
ssd,1989,54.2,South Sudan,Africa
ssd,1990,54.45,South Sudan,Africa
ssd,1991,54.72,South Sudan,Africa
ssd,1992,54.98,South Sudan,Africa
ssd,1993,55.26,South Sudan,Africa
ssd,1994,55.56,South Sudan,Africa
ssd,1995,55.84,South Sudan,Africa
ssd,1996,56.17,South Sudan,Africa
ssd,1997,54.45,South Sudan,Africa
ssd,1998,55.37,South Sudan,Africa
ssd,1999,56.33,South Sudan,Africa
ssd,2000,57.01,South Sudan,Africa
ssd,2001,57.7,South Sudan,Africa
ssd,2002,58.06,South Sudan,Africa
ssd,2003,58.38,South Sudan,Africa
ssd,2004,58.9,South Sudan,Africa
ssd,2005,59.25,South Sudan,Africa
ssd,2006,59.19,South Sudan,Africa
ssd,2007,59.65,South Sudan,Africa
ssd,2008,60.04,South Sudan,Africa
ssd,2009,59.83,South Sudan,Africa
ssd,2010,60.58,South Sudan,Africa
ssd,2011,60.55,South Sudan,Africa
ssd,2012,61.08,South Sudan,Africa
ssd,2013,60.81,South Sudan,Africa
ssd,2014,60.92,South Sudan,Africa
ssd,2015,61.64,South Sudan,Africa
ssd,2016,62.05,South Sudan,Africa
ssd,2017,62.3,South Sudan,Africa
ssd,2018,62.98,South Sudan,Africa
ssd,2019,63.74,South Sudan,Africa
ssd,2020,63.87,South Sudan,Africa
ssd,2021,64.3,South Sudan,Africa
ssd,2022,64.58,South Sudan,Africa
ssd,2023,64.87,South Sudan,Africa
ssd,2024,65.15,South Sudan,Africa
ssd,2025,65.43,South Sudan,Africa
ssd,2026,65.7,South Sudan,Africa
ssd,2027,65.97,South Sudan,Africa
ssd,2028,66.24,South Sudan,Africa
ssd,2029,66.5,South Sudan,Africa
ssd,2030,66.76,South Sudan,Africa
ssd,2031,67.01,South Sudan,Africa
ssd,2032,67.27,South Sudan,Africa
ssd,2033,67.51,South Sudan,Africa
ssd,2034,67.76,South Sudan,Africa
ssd,2035,67.99,South Sudan,Africa
ssd,2036,68.23,South Sudan,Africa
ssd,2037,68.46,South Sudan,Africa
ssd,2038,68.69,South Sudan,Africa
ssd,2039,68.91,South Sudan,Africa
ssd,2040,69.13,South Sudan,Africa
ssd,2041,69.34,South Sudan,Africa
ssd,2042,69.56,South Sudan,Africa
ssd,2043,69.76,South Sudan,Africa
ssd,2044,69.97,South Sudan,Africa
ssd,2045,70.17,South Sudan,Africa
ssd,2046,70.36,South Sudan,Africa
ssd,2047,70.55,South Sudan,Africa
ssd,2048,70.75,South Sudan,Africa
ssd,2049,70.93,South Sudan,Africa
ssd,2050,71.12,South Sudan,Africa
ssd,2051,71.3,South Sudan,Africa
ssd,2052,71.49,South Sudan,Africa
ssd,2053,71.67,South Sudan,Africa
ssd,2054,71.84,South Sudan,Africa
ssd,2055,72.02,South Sudan,Africa
ssd,2056,72.19,South Sudan,Africa
ssd,2057,72.36,South Sudan,Africa
ssd,2058,72.53,South Sudan,Africa
ssd,2059,72.69,South Sudan,Africa
ssd,2060,72.85,South Sudan,Africa
ssd,2061,73.01,South Sudan,Africa
ssd,2062,73.17,South Sudan,Africa
ssd,2063,73.32,South Sudan,Africa
ssd,2064,73.48,South Sudan,Africa
ssd,2065,73.63,South Sudan,Africa
ssd,2066,73.78,South Sudan,Africa
ssd,2067,73.93,South Sudan,Africa
ssd,2068,74.08,South Sudan,Africa
ssd,2069,74.22,South Sudan,Africa
ssd,2070,74.37,South Sudan,Africa
ssd,2071,74.51,South Sudan,Africa
ssd,2072,74.65,South Sudan,Africa
ssd,2073,74.79,South Sudan,Africa
ssd,2074,74.93,South Sudan,Africa
ssd,2075,75.07,South Sudan,Africa
ssd,2076,75.21,South Sudan,Africa
ssd,2077,75.34,South Sudan,Africa
ssd,2078,75.48,South Sudan,Africa
ssd,2079,75.61,South Sudan,Africa
ssd,2080,75.74,South Sudan,Africa
ssd,2081,75.87,South Sudan,Africa
ssd,2082,76,South Sudan,Africa
ssd,2083,76.12,South Sudan,Africa
ssd,2084,76.25,South Sudan,Africa
ssd,2085,76.37,South Sudan,Africa
ssd,2086,76.5,South Sudan,Africa
ssd,2087,76.62,South Sudan,Africa
ssd,2088,76.74,South Sudan,Africa
ssd,2089,76.87,South Sudan,Africa
ssd,2090,76.99,South Sudan,Africa
ssd,2091,77.11,South Sudan,Africa
ssd,2092,77.23,South Sudan,Africa
ssd,2093,77.35,South Sudan,Africa
ssd,2094,77.47,South Sudan,Africa
ssd,2095,77.59,South Sudan,Africa
ssd,2096,77.71,South Sudan,Africa
ssd,2097,77.83,South Sudan,Africa
ssd,2098,77.95,South Sudan,Africa
ssd,2099,78.07,South Sudan,Africa
ssd,2100,78.19,South Sudan,Africa
esp,1800,29.5,Spain,Europe
esp,1801,29.5,Spain,Europe
esp,1802,29.5,Spain,Europe
esp,1803,29.5,Spain,Europe
esp,1804,29.5,Spain,Europe
esp,1805,29.5,Spain,Europe
esp,1806,29.5,Spain,Europe
esp,1807,29.5,Spain,Europe
esp,1808,29.5,Spain,Europe
esp,1809,29.5,Spain,Europe
esp,1810,29.5,Spain,Europe
esp,1811,29.5,Spain,Europe
esp,1812,29.5,Spain,Europe
esp,1813,29.5,Spain,Europe
esp,1814,29.5,Spain,Europe
esp,1815,29.5,Spain,Europe
esp,1816,29.5,Spain,Europe
esp,1817,29.5,Spain,Europe
esp,1818,29.5,Spain,Europe
esp,1819,29.5,Spain,Europe
esp,1820,29.5,Spain,Europe
esp,1821,29.5,Spain,Europe
esp,1822,29.5,Spain,Europe
esp,1823,29.5,Spain,Europe
esp,1824,29.5,Spain,Europe
esp,1825,29.5,Spain,Europe
esp,1826,29.5,Spain,Europe
esp,1827,29.5,Spain,Europe
esp,1828,29.5,Spain,Europe
esp,1829,29.5,Spain,Europe
esp,1830,29.5,Spain,Europe
esp,1831,29.5,Spain,Europe
esp,1832,29.5,Spain,Europe
esp,1833,29.5,Spain,Europe
esp,1834,29.5,Spain,Europe
esp,1835,29.5,Spain,Europe
esp,1836,29.5,Spain,Europe
esp,1837,29.5,Spain,Europe
esp,1838,29.5,Spain,Europe
esp,1839,29.5,Spain,Europe
esp,1840,29.5,Spain,Europe
esp,1841,29.5,Spain,Europe
esp,1842,29.5,Spain,Europe
esp,1843,29.5,Spain,Europe
esp,1844,29.5,Spain,Europe
esp,1845,29.5,Spain,Europe
esp,1846,29.5,Spain,Europe
esp,1847,29.5,Spain,Europe
esp,1848,29.5,Spain,Europe
esp,1849,29.5,Spain,Europe
esp,1850,29.5,Spain,Europe
esp,1851,29.5,Spain,Europe
esp,1852,29.5,Spain,Europe
esp,1853,29.5,Spain,Europe
esp,1854,29.5,Spain,Europe
esp,1855,29.5,Spain,Europe
esp,1856,29.5,Spain,Europe
esp,1857,29.5,Spain,Europe
esp,1858,29.5,Spain,Europe
esp,1859,29.5,Spain,Europe
esp,1860,29.5,Spain,Europe
esp,1861,29.5,Spain,Europe
esp,1862,29.5,Spain,Europe
esp,1863,29.5,Spain,Europe
esp,1864,29.5,Spain,Europe
esp,1865,29.5,Spain,Europe
esp,1866,29.5,Spain,Europe
esp,1867,29.5,Spain,Europe
esp,1868,29.5,Spain,Europe
esp,1869,29.5,Spain,Europe
esp,1870,29.5,Spain,Europe
esp,1871,29.5,Spain,Europe
esp,1872,29.5,Spain,Europe
esp,1873,29.5,Spain,Europe
esp,1874,29.5,Spain,Europe
esp,1875,29.5,Spain,Europe
esp,1876,29.5,Spain,Europe
esp,1877,29.5,Spain,Europe
esp,1878,29.5,Spain,Europe
esp,1879,29.5,Spain,Europe
esp,1880,29.5,Spain,Europe
esp,1881,29.5,Spain,Europe
esp,1882,29.5,Spain,Europe
esp,1883,29.75,Spain,Europe
esp,1884,30.01,Spain,Europe
esp,1885,30.27,Spain,Europe
esp,1886,30.53,Spain,Europe
esp,1887,30.79,Spain,Europe
esp,1888,31.05,Spain,Europe
esp,1889,31.31,Spain,Europe
esp,1890,31.57,Spain,Europe
esp,1891,31.83,Spain,Europe
esp,1892,32.09,Spain,Europe
esp,1893,32.43,Spain,Europe
esp,1894,32.76,Spain,Europe
esp,1895,33.1,Spain,Europe
esp,1896,33.44,Spain,Europe
esp,1897,33.77,Spain,Europe
esp,1898,34.11,Spain,Europe
esp,1899,34.45,Spain,Europe
esp,1900,34.79,Spain,Europe
esp,1901,35.62,Spain,Europe
esp,1902,36.45,Spain,Europe
esp,1903,37.28,Spain,Europe
esp,1904,38.11,Spain,Europe
esp,1905,38.94,Spain,Europe
esp,1906,39.77,Spain,Europe
esp,1907,40.6,Spain,Europe
esp,1908,41.43,Spain,Europe
esp,1909,41.04,Spain,Europe
esp,1910,40.9,Spain,Europe
esp,1911,39.78,Spain,Europe
esp,1912,43.5,Spain,Europe
esp,1913,42.53,Spain,Europe
esp,1914,42.81,Spain,Europe
esp,1915,43.02,Spain,Europe
esp,1916,43.95,Spain,Europe
esp,1917,42.6,Spain,Europe
esp,1918,30.27,Spain,Europe
esp,1919,41.09,Spain,Europe
esp,1920,39.28,Spain,Europe
esp,1921,42,Spain,Europe
esp,1922,44.18,Spain,Europe
esp,1923,44.72,Spain,Europe
esp,1924,46.27,Spain,Europe
esp,1925,46.91,Spain,Europe
esp,1926,47.72,Spain,Europe
esp,1927,48.45,Spain,Europe
esp,1928,48.63,Spain,Europe
esp,1929,49.45,Spain,Europe
esp,1930,49.3,Spain,Europe
esp,1931,49.21,Spain,Europe
esp,1932,51.16,Spain,Europe
esp,1933,51.56,Spain,Europe
esp,1934,52.19,Spain,Europe
esp,1935,52.67,Spain,Europe
esp,1936,50.85,Spain,Europe
esp,1937,47.18,Spain,Europe
esp,1938,47.49,Spain,Europe
esp,1939,47.05,Spain,Europe
esp,1940,48.34,Spain,Europe
esp,1941,47.11,Spain,Europe
esp,1942,52.43,Spain,Europe
esp,1943,54.8,Spain,Europe
esp,1944,56.19,Spain,Europe
esp,1945,57.78,Spain,Europe
esp,1946,57.51,Spain,Europe
esp,1947,59.27,Spain,Europe
esp,1948,61.2,Spain,Europe
esp,1949,60.95,Spain,Europe
esp,1950,61.8,Spain,Europe
esp,1951,62.2,Spain,Europe
esp,1952,64.55,Spain,Europe
esp,1953,65.74,Spain,Europe
esp,1954,66.68,Spain,Europe
esp,1955,66.66,Spain,Europe
esp,1956,66.89,Spain,Europe
esp,1957,67,Spain,Europe
esp,1958,68.49,Spain,Europe
esp,1959,68.81,Spain,Europe
esp,1960,69.45,Spain,Europe
esp,1961,69.69,Spain,Europe
esp,1962,69.78,Spain,Europe
esp,1963,70,Spain,Europe
esp,1964,70.49,Spain,Europe
esp,1965,70.94,Spain,Europe
esp,1966,71.22,Spain,Europe
esp,1967,71.43,Spain,Europe
esp,1968,71.61,Spain,Europe
esp,1969,71.51,Spain,Europe
esp,1970,72.02,Spain,Europe
esp,1971,72.1,Spain,Europe
esp,1972,72.81,Spain,Europe
esp,1973,72.92,Spain,Europe
esp,1974,73.26,Spain,Europe
esp,1975,73.59,Spain,Europe
esp,1976,73.96,Spain,Europe
esp,1977,74.32,Spain,Europe
esp,1978,74.6,Spain,Europe
esp,1979,75.05,Spain,Europe
esp,1980,75.51,Spain,Europe
esp,1981,75.79,Spain,Europe
esp,1982,76.17,Spain,Europe
esp,1983,76.19,Spain,Europe
esp,1984,76.37,Spain,Europe
esp,1985,76.45,Spain,Europe
esp,1986,76.64,Spain,Europe
esp,1987,76.8,Spain,Europe
esp,1988,76.86,Spain,Europe
esp,1989,76.89,Spain,Europe
esp,1990,76.96,Spain,Europe
esp,1991,77.12,Spain,Europe
esp,1992,77.45,Spain,Europe
esp,1993,77.7,Spain,Europe
esp,1994,77.95,Spain,Europe
esp,1995,78.09,Spain,Europe
esp,1996,78.28,Spain,Europe
esp,1997,78.77,Spain,Europe
esp,1998,78.97,Spain,Europe
esp,1999,79.07,Spain,Europe
esp,2000,79.47,Spain,Europe
esp,2001,79.77,Spain,Europe
esp,2002,79.92,Spain,Europe
esp,2003,80.01,Spain,Europe
esp,2004,80.33,Spain,Europe
esp,2005,80.58,Spain,Europe
esp,2006,80.96,Spain,Europe
esp,2007,81.15,Spain,Europe
esp,2008,81.4,Spain,Europe
esp,2009,81.76,Spain,Europe
esp,2010,82.08,Spain,Europe
esp,2011,82.25,Spain,Europe
esp,2012,82.41,Spain,Europe
esp,2013,82.71,Spain,Europe
esp,2014,82.83,Spain,Europe
esp,2015,82.78,Spain,Europe
esp,2016,82.97,Spain,Europe
esp,2017,83.04,Spain,Europe
esp,2018,83.07,Spain,Europe
esp,2019,83.09,Spain,Europe
esp,2020,81.49,Spain,Europe
esp,2021,83.34,Spain,Europe
esp,2022,83.46,Spain,Europe
esp,2023,83.59,Spain,Europe
esp,2024,83.71,Spain,Europe
esp,2025,83.83,Spain,Europe
esp,2026,83.96,Spain,Europe
esp,2027,84.08,Spain,Europe
esp,2028,84.21,Spain,Europe
esp,2029,84.33,Spain,Europe
esp,2030,84.46,Spain,Europe
esp,2031,84.58,Spain,Europe
esp,2032,84.7,Spain,Europe
esp,2033,84.82,Spain,Europe
esp,2034,84.93,Spain,Europe
esp,2035,85.05,Spain,Europe
esp,2036,85.17,Spain,Europe
esp,2037,85.28,Spain,Europe
esp,2038,85.4,Spain,Europe
esp,2039,85.52,Spain,Europe
esp,2040,85.64,Spain,Europe
esp,2041,85.75,Spain,Europe
esp,2042,85.87,Spain,Europe
esp,2043,85.99,Spain,Europe
esp,2044,86.1,Spain,Europe
esp,2045,86.22,Spain,Europe
esp,2046,86.33,Spain,Europe
esp,2047,86.45,Spain,Europe
esp,2048,86.56,Spain,Europe
esp,2049,86.68,Spain,Europe
esp,2050,86.79,Spain,Europe
esp,2051,86.9,Spain,Europe
esp,2052,87.02,Spain,Europe
esp,2053,87.13,Spain,Europe
esp,2054,87.24,Spain,Europe
esp,2055,87.36,Spain,Europe
esp,2056,87.47,Spain,Europe
esp,2057,87.58,Spain,Europe
esp,2058,87.69,Spain,Europe
esp,2059,87.81,Spain,Europe
esp,2060,87.92,Spain,Europe
esp,2061,88.03,Spain,Europe
esp,2062,88.14,Spain,Europe
esp,2063,88.25,Spain,Europe
esp,2064,88.36,Spain,Europe
esp,2065,88.48,Spain,Europe
esp,2066,88.59,Spain,Europe
esp,2067,88.7,Spain,Europe
esp,2068,88.81,Spain,Europe
esp,2069,88.92,Spain,Europe
esp,2070,89.03,Spain,Europe
esp,2071,89.14,Spain,Europe
esp,2072,89.25,Spain,Europe
esp,2073,89.36,Spain,Europe
esp,2074,89.47,Spain,Europe
esp,2075,89.58,Spain,Europe
esp,2076,89.69,Spain,Europe
esp,2077,89.8,Spain,Europe
esp,2078,89.91,Spain,Europe
esp,2079,90.02,Spain,Europe
esp,2080,90.13,Spain,Europe
esp,2081,90.24,Spain,Europe
esp,2082,90.35,Spain,Europe
esp,2083,90.46,Spain,Europe
esp,2084,90.57,Spain,Europe
esp,2085,90.68,Spain,Europe
esp,2086,90.79,Spain,Europe
esp,2087,90.9,Spain,Europe
esp,2088,91,Spain,Europe
esp,2089,91.11,Spain,Europe
esp,2090,91.22,Spain,Europe
esp,2091,91.33,Spain,Europe
esp,2092,91.44,Spain,Europe
esp,2093,91.55,Spain,Europe
esp,2094,91.66,Spain,Europe
esp,2095,91.77,Spain,Europe
esp,2096,91.88,Spain,Europe
esp,2097,91.99,Spain,Europe
esp,2098,92.11,Spain,Europe
esp,2099,92.22,Spain,Europe
esp,2100,92.34,Spain,Europe
lka,1800,32.6,Sri Lanka,Asia
lka,1801,32.6,Sri Lanka,Asia
lka,1802,32.6,Sri Lanka,Asia
lka,1803,32.6,Sri Lanka,Asia
lka,1804,32.6,Sri Lanka,Asia
lka,1805,32.6,Sri Lanka,Asia
lka,1806,32.6,Sri Lanka,Asia
lka,1807,32.6,Sri Lanka,Asia
lka,1808,32.6,Sri Lanka,Asia
lka,1809,32.6,Sri Lanka,Asia
lka,1810,32.6,Sri Lanka,Asia
lka,1811,32.6,Sri Lanka,Asia
lka,1812,32.6,Sri Lanka,Asia
lka,1813,32.6,Sri Lanka,Asia
lka,1814,32.6,Sri Lanka,Asia
lka,1815,32.6,Sri Lanka,Asia
lka,1816,32.6,Sri Lanka,Asia
lka,1817,32.6,Sri Lanka,Asia
lka,1818,32.6,Sri Lanka,Asia
lka,1819,32.6,Sri Lanka,Asia
lka,1820,32.6,Sri Lanka,Asia
lka,1821,32.6,Sri Lanka,Asia
lka,1822,32.6,Sri Lanka,Asia
lka,1823,32.6,Sri Lanka,Asia
lka,1824,32.6,Sri Lanka,Asia
lka,1825,32.6,Sri Lanka,Asia
lka,1826,32.6,Sri Lanka,Asia
lka,1827,32.6,Sri Lanka,Asia
lka,1828,32.6,Sri Lanka,Asia
lka,1829,32.6,Sri Lanka,Asia
lka,1830,32.6,Sri Lanka,Asia
lka,1831,32.6,Sri Lanka,Asia
lka,1832,32.6,Sri Lanka,Asia
lka,1833,32.6,Sri Lanka,Asia
lka,1834,32.6,Sri Lanka,Asia
lka,1835,32.6,Sri Lanka,Asia
lka,1836,32.6,Sri Lanka,Asia
lka,1837,32.6,Sri Lanka,Asia
lka,1838,32.6,Sri Lanka,Asia
lka,1839,32.6,Sri Lanka,Asia
lka,1840,32.6,Sri Lanka,Asia
lka,1841,32.6,Sri Lanka,Asia
lka,1842,32.6,Sri Lanka,Asia
lka,1843,32.6,Sri Lanka,Asia
lka,1844,32.6,Sri Lanka,Asia
lka,1845,32.6,Sri Lanka,Asia
lka,1846,32.6,Sri Lanka,Asia
lka,1847,32.6,Sri Lanka,Asia
lka,1848,32.6,Sri Lanka,Asia
lka,1849,32.6,Sri Lanka,Asia
lka,1850,32.6,Sri Lanka,Asia
lka,1851,32.6,Sri Lanka,Asia
lka,1852,32.6,Sri Lanka,Asia
lka,1853,32.6,Sri Lanka,Asia
lka,1854,32.6,Sri Lanka,Asia
lka,1855,32.6,Sri Lanka,Asia
lka,1856,32.6,Sri Lanka,Asia
lka,1857,32.6,Sri Lanka,Asia
lka,1858,32.6,Sri Lanka,Asia
lka,1859,32.6,Sri Lanka,Asia
lka,1860,32.6,Sri Lanka,Asia
lka,1861,32.6,Sri Lanka,Asia
lka,1862,32.6,Sri Lanka,Asia
lka,1863,32.6,Sri Lanka,Asia
lka,1864,32.6,Sri Lanka,Asia
lka,1865,32.6,Sri Lanka,Asia
lka,1866,32.6,Sri Lanka,Asia
lka,1867,32.6,Sri Lanka,Asia
lka,1868,32.6,Sri Lanka,Asia
lka,1869,32.6,Sri Lanka,Asia
lka,1870,32.6,Sri Lanka,Asia
lka,1871,32.63,Sri Lanka,Asia
lka,1872,32.66,Sri Lanka,Asia
lka,1873,32.69,Sri Lanka,Asia
lka,1874,32.72,Sri Lanka,Asia
lka,1875,32.75,Sri Lanka,Asia
lka,1876,32.78,Sri Lanka,Asia
lka,1877,32.81,Sri Lanka,Asia
lka,1878,32.84,Sri Lanka,Asia
lka,1879,32.87,Sri Lanka,Asia
lka,1880,32.9,Sri Lanka,Asia
lka,1881,32.93,Sri Lanka,Asia
lka,1882,32.96,Sri Lanka,Asia
lka,1883,32.99,Sri Lanka,Asia
lka,1884,33.01,Sri Lanka,Asia
lka,1885,33.04,Sri Lanka,Asia
lka,1886,33.07,Sri Lanka,Asia
lka,1887,33.1,Sri Lanka,Asia
lka,1888,33.13,Sri Lanka,Asia
lka,1889,33.16,Sri Lanka,Asia
lka,1890,33.19,Sri Lanka,Asia
lka,1891,33.22,Sri Lanka,Asia
lka,1892,33.25,Sri Lanka,Asia
lka,1893,33.28,Sri Lanka,Asia
lka,1894,33.31,Sri Lanka,Asia
lka,1895,33.34,Sri Lanka,Asia
lka,1896,33.37,Sri Lanka,Asia
lka,1897,33.4,Sri Lanka,Asia
lka,1898,33.43,Sri Lanka,Asia
lka,1899,33.46,Sri Lanka,Asia
lka,1900,33.49,Sri Lanka,Asia
lka,1901,33.52,Sri Lanka,Asia
lka,1902,33.63,Sri Lanka,Asia
lka,1903,35.04,Sri Lanka,Asia
lka,1904,35.95,Sri Lanka,Asia
lka,1905,33.55,Sri Lanka,Asia
lka,1906,27.91,Sri Lanka,Asia
lka,1907,31.18,Sri Lanka,Asia
lka,1908,31.68,Sri Lanka,Asia
lka,1909,31.01,Sri Lanka,Asia
lka,1910,34.04,Sri Lanka,Asia
lka,1911,28.32,Sri Lanka,Asia
lka,1912,30.09,Sri Lanka,Asia
lka,1913,33.2,Sri Lanka,Asia
lka,1914,30.37,Sri Lanka,Asia
lka,1915,35.85,Sri Lanka,Asia
lka,1916,34.13,Sri Lanka,Asia
lka,1917,35.83,Sri Lanka,Asia
lka,1918,29.43,Sri Lanka,Asia
lka,1919,26.59,Sri Lanka,Asia
lka,1920,32.5,Sri Lanka,Asia
lka,1921,33.48,Sri Lanka,Asia
lka,1922,37.74,Sri Lanka,Asia
lka,1923,34.83,Sri Lanka,Asia
lka,1924,39.72,Sri Lanka,Asia
lka,1925,41.64,Sri Lanka,Asia
lka,1926,40.37,Sri Lanka,Asia
lka,1927,43.69,Sri Lanka,Asia
lka,1928,39.62,Sri Lanka,Asia
lka,1929,39.43,Sri Lanka,Asia
lka,1930,40.27,Sri Lanka,Asia
lka,1931,44.48,Sri Lanka,Asia
lka,1932,46.64,Sri Lanka,Asia
lka,1933,45.74,Sri Lanka,Asia
lka,1934,43.57,Sri Lanka,Asia
lka,1935,29.4,Sri Lanka,Asia
lka,1936,45.06,Sri Lanka,Asia
lka,1937,45.23,Sri Lanka,Asia
lka,1938,46.2,Sri Lanka,Asia
lka,1939,45.31,Sri Lanka,Asia
lka,1940,46.82,Sri Lanka,Asia
lka,1941,50.09,Sri Lanka,Asia
lka,1942,50.43,Sri Lanka,Asia
lka,1943,46.67,Sri Lanka,Asia
lka,1944,46.71,Sri Lanka,Asia
lka,1945,45.81,Sri Lanka,Asia
lka,1946,48.96,Sri Lanka,Asia
lka,1947,57.03,Sri Lanka,Asia
lka,1948,56.79,Sri Lanka,Asia
lka,1949,56.54,Sri Lanka,Asia
lka,1950,56.3,Sri Lanka,Asia
lka,1951,56.04,Sri Lanka,Asia
lka,1952,57.96,Sri Lanka,Asia
lka,1953,60.1,Sri Lanka,Asia
lka,1954,61.12,Sri Lanka,Asia
lka,1955,60.24,Sri Lanka,Asia
lka,1956,61.93,Sri Lanka,Asia
lka,1957,61.29,Sri Lanka,Asia
lka,1958,61.89,Sri Lanka,Asia
lka,1959,62.96,Sri Lanka,Asia
lka,1960,64.02,Sri Lanka,Asia
lka,1961,64.93,Sri Lanka,Asia
lka,1962,64.22,Sri Lanka,Asia
lka,1963,63.61,Sri Lanka,Asia
lka,1964,63.62,Sri Lanka,Asia
lka,1965,64.47,Sri Lanka,Asia
lka,1966,64.43,Sri Lanka,Asia
lka,1967,65.79,Sri Lanka,Asia
lka,1968,65.05,Sri Lanka,Asia
lka,1969,64.74,Sri Lanka,Asia
lka,1970,66.07,Sri Lanka,Asia
lka,1971,65.58,Sri Lanka,Asia
lka,1972,65.27,Sri Lanka,Asia
lka,1973,65.79,Sri Lanka,Asia
lka,1974,63.58,Sri Lanka,Asia
lka,1975,64.35,Sri Lanka,Asia
lka,1976,65.58,Sri Lanka,Asia
lka,1977,66.49,Sri Lanka,Asia
lka,1978,67.64,Sri Lanka,Asia
lka,1979,68.44,Sri Lanka,Asia
lka,1980,69.32,Sri Lanka,Asia
lka,1981,69.86,Sri Lanka,Asia
lka,1982,69.69,Sri Lanka,Asia
lka,1983,69.26,Sri Lanka,Asia
lka,1984,68.77,Sri Lanka,Asia
lka,1985,69.26,Sri Lanka,Asia
lka,1986,69.6,Sri Lanka,Asia
lka,1987,69.93,Sri Lanka,Asia
lka,1988,70.14,Sri Lanka,Asia
lka,1989,69.3,Sri Lanka,Asia
lka,1990,69.6,Sri Lanka,Asia
lka,1991,70.35,Sri Lanka,Asia
lka,1992,70.93,Sri Lanka,Asia
lka,1993,72.1,Sri Lanka,Asia
lka,1994,72.06,Sri Lanka,Asia
lka,1995,70.89,Sri Lanka,Asia
lka,1996,70.83,Sri Lanka,Asia
lka,1997,70.5,Sri Lanka,Asia
lka,1998,71.16,Sri Lanka,Asia
lka,1999,71.59,Sri Lanka,Asia
lka,2000,71.49,Sri Lanka,Asia
lka,2001,72.6,Sri Lanka,Asia
lka,2002,73.38,Sri Lanka,Asia
lka,2003,73.38,Sri Lanka,Asia
lka,2004,69.01,Sri Lanka,Asia
lka,2005,73.35,Sri Lanka,Asia
lka,2006,73.6,Sri Lanka,Asia
lka,2007,74.02,Sri Lanka,Asia
lka,2008,73.28,Sri Lanka,Asia
lka,2009,73.36,Sri Lanka,Asia
lka,2010,74.05,Sri Lanka,Asia
lka,2011,75.27,Sri Lanka,Asia
lka,2012,75.55,Sri Lanka,Asia
lka,2013,75.95,Sri Lanka,Asia
lka,2014,76.07,Sri Lanka,Asia
lka,2015,76.44,Sri Lanka,Asia
lka,2016,76.6,Sri Lanka,Asia
lka,2017,76.75,Sri Lanka,Asia
lka,2018,77.17,Sri Lanka,Asia
lka,2019,77.3,Sri Lanka,Asia
lka,2020,77.31,Sri Lanka,Asia
lka,2021,77.64,Sri Lanka,Asia
lka,2022,77.8,Sri Lanka,Asia
lka,2023,77.97,Sri Lanka,Asia
lka,2024,78.14,Sri Lanka,Asia
lka,2025,78.31,Sri Lanka,Asia
lka,2026,78.47,Sri Lanka,Asia
lka,2027,78.64,Sri Lanka,Asia
lka,2028,78.81,Sri Lanka,Asia
lka,2029,78.98,Sri Lanka,Asia
lka,2030,79.14,Sri Lanka,Asia
lka,2031,79.31,Sri Lanka,Asia
lka,2032,79.47,Sri Lanka,Asia
lka,2033,79.64,Sri Lanka,Asia
lka,2034,79.8,Sri Lanka,Asia
lka,2035,79.97,Sri Lanka,Asia
lka,2036,80.13,Sri Lanka,Asia
lka,2037,80.29,Sri Lanka,Asia
lka,2038,80.46,Sri Lanka,Asia
lka,2039,80.62,Sri Lanka,Asia
lka,2040,80.78,Sri Lanka,Asia
lka,2041,80.95,Sri Lanka,Asia
lka,2042,81.11,Sri Lanka,Asia
lka,2043,81.27,Sri Lanka,Asia
lka,2044,81.43,Sri Lanka,Asia
lka,2045,81.59,Sri Lanka,Asia
lka,2046,81.75,Sri Lanka,Asia
lka,2047,81.91,Sri Lanka,Asia
lka,2048,82.07,Sri Lanka,Asia
lka,2049,82.22,Sri Lanka,Asia
lka,2050,82.38,Sri Lanka,Asia
lka,2051,82.54,Sri Lanka,Asia
lka,2052,82.69,Sri Lanka,Asia
lka,2053,82.85,Sri Lanka,Asia
lka,2054,83,Sri Lanka,Asia
lka,2055,83.15,Sri Lanka,Asia
lka,2056,83.29,Sri Lanka,Asia
lka,2057,83.43,Sri Lanka,Asia
lka,2058,83.57,Sri Lanka,Asia
lka,2059,83.71,Sri Lanka,Asia
lka,2060,83.85,Sri Lanka,Asia
lka,2061,83.98,Sri Lanka,Asia
lka,2062,84.11,Sri Lanka,Asia
lka,2063,84.24,Sri Lanka,Asia
lka,2064,84.37,Sri Lanka,Asia
lka,2065,84.5,Sri Lanka,Asia
lka,2066,84.62,Sri Lanka,Asia
lka,2067,84.74,Sri Lanka,Asia
lka,2068,84.86,Sri Lanka,Asia
lka,2069,84.98,Sri Lanka,Asia
lka,2070,85.1,Sri Lanka,Asia
lka,2071,85.22,Sri Lanka,Asia
lka,2072,85.33,Sri Lanka,Asia
lka,2073,85.45,Sri Lanka,Asia
lka,2074,85.56,Sri Lanka,Asia
lka,2075,85.68,Sri Lanka,Asia
lka,2076,85.79,Sri Lanka,Asia
lka,2077,85.91,Sri Lanka,Asia
lka,2078,86.02,Sri Lanka,Asia
lka,2079,86.13,Sri Lanka,Asia
lka,2080,86.24,Sri Lanka,Asia
lka,2081,86.35,Sri Lanka,Asia
lka,2082,86.46,Sri Lanka,Asia
lka,2083,86.58,Sri Lanka,Asia
lka,2084,86.68,Sri Lanka,Asia
lka,2085,86.79,Sri Lanka,Asia
lka,2086,86.9,Sri Lanka,Asia
lka,2087,87.01,Sri Lanka,Asia
lka,2088,87.12,Sri Lanka,Asia
lka,2089,87.23,Sri Lanka,Asia
lka,2090,87.33,Sri Lanka,Asia
lka,2091,87.44,Sri Lanka,Asia
lka,2092,87.55,Sri Lanka,Asia
lka,2093,87.65,Sri Lanka,Asia
lka,2094,87.76,Sri Lanka,Asia
lka,2095,87.87,Sri Lanka,Asia
lka,2096,87.98,Sri Lanka,Asia
lka,2097,88.08,Sri Lanka,Asia
lka,2098,88.19,Sri Lanka,Asia
lka,2099,88.3,Sri Lanka,Asia
lka,2100,88.41,Sri Lanka,Asia
kna,1950,60.76,St. Kitts and Nevis,North America
kna,1951,61.87,St. Kitts and Nevis,North America
kna,1952,62.41,St. Kitts and Nevis,North America
kna,1953,62.67,St. Kitts and Nevis,North America
kna,1954,62.69,St. Kitts and Nevis,North America
kna,1955,62.23,St. Kitts and Nevis,North America
kna,1956,61.48,St. Kitts and Nevis,North America
kna,1957,60.06,St. Kitts and Nevis,North America
kna,1958,58.72,St. Kitts and Nevis,North America
kna,1959,58.52,St. Kitts and Nevis,North America
kna,1960,58.25,St. Kitts and Nevis,North America
kna,1961,58.81,St. Kitts and Nevis,North America
kna,1962,59.98,St. Kitts and Nevis,North America
kna,1963,60.65,St. Kitts and Nevis,North America
kna,1964,61.21,St. Kitts and Nevis,North America
kna,1965,61.8,St. Kitts and Nevis,North America
kna,1966,62.44,St. Kitts and Nevis,North America
kna,1967,62.88,St. Kitts and Nevis,North America
kna,1968,62.95,St. Kitts and Nevis,North America
kna,1969,62.94,St. Kitts and Nevis,North America
kna,1970,62.61,St. Kitts and Nevis,North America
kna,1971,62.2,St. Kitts and Nevis,North America
kna,1972,61.86,St. Kitts and Nevis,North America
kna,1973,62,St. Kitts and Nevis,North America
kna,1974,62.46,St. Kitts and Nevis,North America
kna,1975,63.25,St. Kitts and Nevis,North America
kna,1976,63.81,St. Kitts and Nevis,North America
kna,1977,64.1,St. Kitts and Nevis,North America
kna,1978,63.73,St. Kitts and Nevis,North America
kna,1979,63.58,St. Kitts and Nevis,North America
kna,1980,63.82,St. Kitts and Nevis,North America
kna,1981,64.16,St. Kitts and Nevis,North America
kna,1982,64.59,St. Kitts and Nevis,North America
kna,1983,64.64,St. Kitts and Nevis,North America
kna,1984,64.76,St. Kitts and Nevis,North America
kna,1985,64.79,St. Kitts and Nevis,North America
kna,1986,64.89,St. Kitts and Nevis,North America
kna,1987,65.24,St. Kitts and Nevis,North America
kna,1988,65.38,St. Kitts and Nevis,North America
kna,1989,65.41,St. Kitts and Nevis,North America
kna,1990,65.94,St. Kitts and Nevis,North America
kna,1991,67.15,St. Kitts and Nevis,North America
kna,1992,67.49,St. Kitts and Nevis,North America
kna,1993,67.81,St. Kitts and Nevis,North America
kna,1994,67.83,St. Kitts and Nevis,North America
kna,1995,67.92,St. Kitts and Nevis,North America
kna,1996,68.27,St. Kitts and Nevis,North America
kna,1997,68.65,St. Kitts and Nevis,North America
kna,1998,68.73,St. Kitts and Nevis,North America
kna,1999,69.47,St. Kitts and Nevis,North America
kna,2000,69.94,St. Kitts and Nevis,North America
kna,2001,70.33,St. Kitts and Nevis,North America
kna,2002,70.69,St. Kitts and Nevis,North America
kna,2003,71.06,St. Kitts and Nevis,North America
kna,2004,71.19,St. Kitts and Nevis,North America
kna,2005,71.43,St. Kitts and Nevis,North America
kna,2006,71.53,St. Kitts and Nevis,North America
kna,2007,71.67,St. Kitts and Nevis,North America
kna,2008,72.04,St. Kitts and Nevis,North America
kna,2009,72.12,St. Kitts and Nevis,North America
kna,2010,72.19,St. Kitts and Nevis,North America
kna,2011,72.25,St. Kitts and Nevis,North America
kna,2012,72.28,St. Kitts and Nevis,North America
kna,2013,72.22,St. Kitts and Nevis,North America
kna,2014,72.13,St. Kitts and Nevis,North America
kna,2015,72.04,St. Kitts and Nevis,North America
kna,2016,72.07,St. Kitts and Nevis,North America
kna,2017,72.13,St. Kitts and Nevis,North America
kna,2018,72.12,St. Kitts and Nevis,North America
kna,2019,72.1,St. Kitts and Nevis,North America
lca,1800,28.01,St. Lucia,North America
lca,1801,28.01,St. Lucia,North America
lca,1802,28.01,St. Lucia,North America
lca,1803,28.01,St. Lucia,North America
lca,1804,28.01,St. Lucia,North America
lca,1805,28.01,St. Lucia,North America
lca,1806,28.01,St. Lucia,North America
lca,1807,28.01,St. Lucia,North America
lca,1808,28.01,St. Lucia,North America
lca,1809,28.01,St. Lucia,North America
lca,1810,28.01,St. Lucia,North America
lca,1811,28.01,St. Lucia,North America
lca,1812,28.01,St. Lucia,North America
lca,1813,28.01,St. Lucia,North America
lca,1814,28.01,St. Lucia,North America
lca,1815,28.01,St. Lucia,North America
lca,1816,28.01,St. Lucia,North America
lca,1817,28.01,St. Lucia,North America
lca,1818,28.01,St. Lucia,North America
lca,1819,28.01,St. Lucia,North America
lca,1820,28.01,St. Lucia,North America
lca,1821,28.01,St. Lucia,North America
lca,1822,28.01,St. Lucia,North America
lca,1823,28.01,St. Lucia,North America
lca,1824,28.01,St. Lucia,North America
lca,1825,28.01,St. Lucia,North America
lca,1826,28.01,St. Lucia,North America
lca,1827,28.01,St. Lucia,North America
lca,1828,28.01,St. Lucia,North America
lca,1829,28.01,St. Lucia,North America
lca,1830,28.01,St. Lucia,North America
lca,1831,28.01,St. Lucia,North America
lca,1832,28.01,St. Lucia,North America
lca,1833,28.01,St. Lucia,North America
lca,1834,28.01,St. Lucia,North America
lca,1835,28.01,St. Lucia,North America
lca,1836,28.01,St. Lucia,North America
lca,1837,28.01,St. Lucia,North America
lca,1838,28.01,St. Lucia,North America
lca,1839,28.01,St. Lucia,North America
lca,1840,28.01,St. Lucia,North America
lca,1841,28.01,St. Lucia,North America
lca,1842,28.01,St. Lucia,North America
lca,1843,28.01,St. Lucia,North America
lca,1844,28.01,St. Lucia,North America
lca,1845,28.01,St. Lucia,North America
lca,1846,28.01,St. Lucia,North America
lca,1847,28.01,St. Lucia,North America
lca,1848,28.01,St. Lucia,North America
lca,1849,28.01,St. Lucia,North America
lca,1850,28.01,St. Lucia,North America
lca,1851,28.01,St. Lucia,North America
lca,1852,28.01,St. Lucia,North America
lca,1853,28.01,St. Lucia,North America
lca,1854,28.01,St. Lucia,North America
lca,1855,28.01,St. Lucia,North America
lca,1856,28.01,St. Lucia,North America
lca,1857,28.01,St. Lucia,North America
lca,1858,28.01,St. Lucia,North America
lca,1859,28.01,St. Lucia,North America
lca,1860,28.01,St. Lucia,North America
lca,1861,28.01,St. Lucia,North America
lca,1862,28.01,St. Lucia,North America
lca,1863,28.01,St. Lucia,North America
lca,1864,28.01,St. Lucia,North America
lca,1865,28.01,St. Lucia,North America
lca,1866,28.01,St. Lucia,North America
lca,1867,28.01,St. Lucia,North America
lca,1868,28.01,St. Lucia,North America
lca,1869,28.01,St. Lucia,North America
lca,1870,28.01,St. Lucia,North America
lca,1871,28.01,St. Lucia,North America
lca,1872,28.01,St. Lucia,North America
lca,1873,28,St. Lucia,North America
lca,1874,28,St. Lucia,North America
lca,1875,28,St. Lucia,North America
lca,1876,28,St. Lucia,North America
lca,1877,28,St. Lucia,North America
lca,1878,28,St. Lucia,North America
lca,1879,28,St. Lucia,North America
lca,1880,28,St. Lucia,North America
lca,1881,27.99,St. Lucia,North America
lca,1882,27.99,St. Lucia,North America
lca,1883,27.99,St. Lucia,North America
lca,1884,27.99,St. Lucia,North America
lca,1885,27.99,St. Lucia,North America
lca,1886,27.99,St. Lucia,North America
lca,1887,27.99,St. Lucia,North America
lca,1888,27.98,St. Lucia,North America
lca,1889,27.98,St. Lucia,North America
lca,1890,27.98,St. Lucia,North America
lca,1891,27.98,St. Lucia,North America
lca,1892,27.98,St. Lucia,North America
lca,1893,27.98,St. Lucia,North America
lca,1894,27.98,St. Lucia,North America
lca,1895,27.98,St. Lucia,North America
lca,1896,27.97,St. Lucia,North America
lca,1897,27.97,St. Lucia,North America
lca,1898,27.97,St. Lucia,North America
lca,1899,27.97,St. Lucia,North America
lca,1900,27.97,St. Lucia,North America
lca,1901,27.97,St. Lucia,North America
lca,1902,27.97,St. Lucia,North America
lca,1903,27.97,St. Lucia,North America
lca,1904,27.96,St. Lucia,North America
lca,1905,27.96,St. Lucia,North America
lca,1906,27.96,St. Lucia,North America
lca,1907,27.96,St. Lucia,North America
lca,1908,27.96,St. Lucia,North America
lca,1909,27.96,St. Lucia,North America
lca,1910,27.96,St. Lucia,North America
lca,1911,27.96,St. Lucia,North America
lca,1912,27.95,St. Lucia,North America
lca,1913,27.95,St. Lucia,North America
lca,1914,27.95,St. Lucia,North America
lca,1915,27.95,St. Lucia,North America
lca,1916,27.95,St. Lucia,North America
lca,1917,27.95,St. Lucia,North America
lca,1918,18.13,St. Lucia,North America
lca,1919,27.95,St. Lucia,North America
lca,1920,27.94,St. Lucia,North America
lca,1921,27.94,St. Lucia,North America
lca,1922,28.77,St. Lucia,North America
lca,1923,29.59,St. Lucia,North America
lca,1924,30.42,St. Lucia,North America
lca,1925,31.24,St. Lucia,North America
lca,1926,32.06,St. Lucia,North America
lca,1927,32.89,St. Lucia,North America
lca,1928,33.71,St. Lucia,North America
lca,1929,34.54,St. Lucia,North America
lca,1930,35.36,St. Lucia,North America
lca,1931,36.18,St. Lucia,North America
lca,1932,37.01,St. Lucia,North America
lca,1933,37.83,St. Lucia,North America
lca,1934,38.65,St. Lucia,North America
lca,1935,39.48,St. Lucia,North America
lca,1936,40.3,St. Lucia,North America
lca,1937,41.12,St. Lucia,North America
lca,1938,41.95,St. Lucia,North America
lca,1939,42.77,St. Lucia,North America
lca,1940,43.59,St. Lucia,North America
lca,1941,44.42,St. Lucia,North America
lca,1942,45.24,St. Lucia,North America
lca,1943,46.06,St. Lucia,North America
lca,1944,46.88,St. Lucia,North America
lca,1945,47.71,St. Lucia,North America
lca,1946,48.53,St. Lucia,North America
lca,1947,49.35,St. Lucia,North America
lca,1948,50.17,St. Lucia,North America
lca,1949,51,St. Lucia,North America
lca,1950,51.82,St. Lucia,North America
lca,1951,52.25,St. Lucia,North America
lca,1952,53.17,St. Lucia,North America
lca,1953,54.15,St. Lucia,North America
lca,1954,55.11,St. Lucia,North America
lca,1955,55.76,St. Lucia,North America
lca,1956,56.27,St. Lucia,North America
lca,1957,56.79,St. Lucia,North America
lca,1958,57.5,St. Lucia,North America
lca,1959,58.33,St. Lucia,North America
lca,1960,59.2,St. Lucia,North America
lca,1961,60.18,St. Lucia,North America
lca,1962,61.15,St. Lucia,North America
lca,1963,61.69,St. Lucia,North America
lca,1964,62.69,St. Lucia,North America
lca,1965,63.33,St. Lucia,North America
lca,1966,63.93,St. Lucia,North America
lca,1967,64.48,St. Lucia,North America
lca,1968,65,St. Lucia,North America
lca,1969,65.2,St. Lucia,North America
lca,1970,65.43,St. Lucia,North America
lca,1971,65.55,St. Lucia,North America
lca,1972,65.69,St. Lucia,North America
lca,1973,66.1,St. Lucia,North America
lca,1974,66.52,St. Lucia,North America
lca,1975,66.65,St. Lucia,North America
lca,1976,66.88,St. Lucia,North America
lca,1977,67.62,St. Lucia,North America
lca,1978,68.35,St. Lucia,North America
lca,1979,68.8,St. Lucia,North America
lca,1980,68.73,St. Lucia,North America
lca,1981,69.29,St. Lucia,North America
lca,1982,69.55,St. Lucia,North America
lca,1983,69.62,St. Lucia,North America
lca,1984,69.93,St. Lucia,North America
lca,1985,69.96,St. Lucia,North America
lca,1986,70.07,St. Lucia,North America
lca,1987,70.05,St. Lucia,North America
lca,1988,70.16,St. Lucia,North America
lca,1989,70.26,St. Lucia,North America
lca,1990,70.22,St. Lucia,North America
lca,1991,70.41,St. Lucia,North America
lca,1992,70.46,St. Lucia,North America
lca,1993,70.65,St. Lucia,North America
lca,1994,70.98,St. Lucia,North America
lca,1995,71.37,St. Lucia,North America
lca,1996,71.82,St. Lucia,North America
lca,1997,72.34,St. Lucia,North America
lca,1998,72.75,St. Lucia,North America
lca,1999,73.08,St. Lucia,North America
lca,2000,73.36,St. Lucia,North America
lca,2001,73.49,St. Lucia,North America
lca,2002,73.6,St. Lucia,North America
lca,2003,73.79,St. Lucia,North America
lca,2004,73.97,St. Lucia,North America
lca,2005,74.27,St. Lucia,North America
lca,2006,74.64,St. Lucia,North America
lca,2007,75.02,St. Lucia,North America
lca,2008,75.29,St. Lucia,North America
lca,2009,75.51,St. Lucia,North America
lca,2010,75.62,St. Lucia,North America
lca,2011,75.98,St. Lucia,North America
lca,2012,75.99,St. Lucia,North America
lca,2013,75.67,St. Lucia,North America
lca,2014,75.61,St. Lucia,North America
lca,2015,75.6,St. Lucia,North America
lca,2016,75.1,St. Lucia,North America
lca,2017,75.08,St. Lucia,North America
lca,2018,75.08,St. Lucia,North America
lca,2019,75.14,St. Lucia,North America
lca,2020,75.21,St. Lucia,North America
lca,2021,75.41,St. Lucia,North America
lca,2022,75.55,St. Lucia,North America
lca,2023,75.67,St. Lucia,North America
lca,2024,75.8,St. Lucia,North America
lca,2025,75.93,St. Lucia,North America
lca,2026,76.06,St. Lucia,North America
lca,2027,76.19,St. Lucia,North America
lca,2028,76.32,St. Lucia,North America
lca,2029,76.45,St. Lucia,North America
lca,2030,76.58,St. Lucia,North America
lca,2031,76.71,St. Lucia,North America
lca,2032,76.84,St. Lucia,North America
lca,2033,76.96,St. Lucia,North America
lca,2034,77.09,St. Lucia,North America
lca,2035,77.22,St. Lucia,North America
lca,2036,77.34,St. Lucia,North America
lca,2037,77.47,St. Lucia,North America
lca,2038,77.6,St. Lucia,North America
lca,2039,77.73,St. Lucia,North America
lca,2040,77.86,St. Lucia,North America
lca,2041,77.98,St. Lucia,North America
lca,2042,78.11,St. Lucia,North America
lca,2043,78.24,St. Lucia,North America
lca,2044,78.36,St. Lucia,North America
lca,2045,78.49,St. Lucia,North America
lca,2046,78.61,St. Lucia,North America
lca,2047,78.74,St. Lucia,North America
lca,2048,78.87,St. Lucia,North America
lca,2049,78.99,St. Lucia,North America
lca,2050,79.12,St. Lucia,North America
lca,2051,79.25,St. Lucia,North America
lca,2052,79.38,St. Lucia,North America
lca,2053,79.51,St. Lucia,North America
lca,2054,79.63,St. Lucia,North America
lca,2055,79.76,St. Lucia,North America
lca,2056,79.89,St. Lucia,North America
lca,2057,80.02,St. Lucia,North America
lca,2058,80.15,St. Lucia,North America
lca,2059,80.27,St. Lucia,North America
lca,2060,80.4,St. Lucia,North America
lca,2061,80.53,St. Lucia,North America
lca,2062,80.66,St. Lucia,North America
lca,2063,80.79,St. Lucia,North America
lca,2064,80.91,St. Lucia,North America
lca,2065,81.04,St. Lucia,North America
lca,2066,81.17,St. Lucia,North America
lca,2067,81.29,St. Lucia,North America
lca,2068,81.42,St. Lucia,North America
lca,2069,81.54,St. Lucia,North America
lca,2070,81.67,St. Lucia,North America
lca,2071,81.79,St. Lucia,North America
lca,2072,81.91,St. Lucia,North America
lca,2073,82.04,St. Lucia,North America
lca,2074,82.16,St. Lucia,North America
lca,2075,82.28,St. Lucia,North America
lca,2076,82.39,St. Lucia,North America
lca,2077,82.51,St. Lucia,North America
lca,2078,82.63,St. Lucia,North America
lca,2079,82.74,St. Lucia,North America
lca,2080,82.86,St. Lucia,North America
lca,2081,82.97,St. Lucia,North America
lca,2082,83.08,St. Lucia,North America
lca,2083,83.19,St. Lucia,North America
lca,2084,83.3,St. Lucia,North America
lca,2085,83.41,St. Lucia,North America
lca,2086,83.52,St. Lucia,North America
lca,2087,83.63,St. Lucia,North America
lca,2088,83.73,St. Lucia,North America
lca,2089,83.84,St. Lucia,North America
lca,2090,83.94,St. Lucia,North America
lca,2091,84.05,St. Lucia,North America
lca,2092,84.15,St. Lucia,North America
lca,2093,84.25,St. Lucia,North America
lca,2094,84.35,St. Lucia,North America
lca,2095,84.45,St. Lucia,North America
lca,2096,84.54,St. Lucia,North America
lca,2097,84.63,St. Lucia,North America
lca,2098,84.73,St. Lucia,North America
lca,2099,84.81,St. Lucia,North America
lca,2100,84.9,St. Lucia,North America
vct,1800,25.99,St. Vincent and the Grenadines,Americas
vct,1801,25.99,St. Vincent and the Grenadines,Americas
vct,1802,25.99,St. Vincent and the Grenadines,Americas
vct,1803,25.99,St. Vincent and the Grenadines,Americas
vct,1804,25.99,St. Vincent and the Grenadines,Americas
vct,1805,25.99,St. Vincent and the Grenadines,Americas
vct,1806,25.99,St. Vincent and the Grenadines,Americas
vct,1807,25.99,St. Vincent and the Grenadines,Americas
vct,1808,25.99,St. Vincent and the Grenadines,Americas
vct,1809,25.99,St. Vincent and the Grenadines,Americas
vct,1810,25.99,St. Vincent and the Grenadines,Americas
vct,1811,25.99,St. Vincent and the Grenadines,Americas
vct,1812,25.99,St. Vincent and the Grenadines,Americas
vct,1813,25.99,St. Vincent and the Grenadines,Americas
vct,1814,25.99,St. Vincent and the Grenadines,Americas
vct,1815,25.99,St. Vincent and the Grenadines,Americas
vct,1816,25.99,St. Vincent and the Grenadines,Americas
vct,1817,25.99,St. Vincent and the Grenadines,Americas
vct,1818,25.99,St. Vincent and the Grenadines,Americas
vct,1819,25.99,St. Vincent and the Grenadines,Americas
vct,1820,25.99,St. Vincent and the Grenadines,Americas
vct,1821,25.99,St. Vincent and the Grenadines,Americas
vct,1822,25.99,St. Vincent and the Grenadines,Americas
vct,1823,25.99,St. Vincent and the Grenadines,Americas
vct,1824,25.99,St. Vincent and the Grenadines,Americas
vct,1825,25.99,St. Vincent and the Grenadines,Americas
vct,1826,25.99,St. Vincent and the Grenadines,Americas
vct,1827,25.99,St. Vincent and the Grenadines,Americas
vct,1828,25.99,St. Vincent and the Grenadines,Americas
vct,1829,25.99,St. Vincent and the Grenadines,Americas
vct,1830,25.99,St. Vincent and the Grenadines,Americas
vct,1831,25.99,St. Vincent and the Grenadines,Americas
vct,1832,25.99,St. Vincent and the Grenadines,Americas
vct,1833,25.99,St. Vincent and the Grenadines,Americas
vct,1834,25.99,St. Vincent and the Grenadines,Americas
vct,1835,25.99,St. Vincent and the Grenadines,Americas
vct,1836,25.99,St. Vincent and the Grenadines,Americas
vct,1837,25.99,St. Vincent and the Grenadines,Americas
vct,1838,25.99,St. Vincent and the Grenadines,Americas
vct,1839,25.99,St. Vincent and the Grenadines,Americas
vct,1840,25.99,St. Vincent and the Grenadines,Americas
vct,1841,25.99,St. Vincent and the Grenadines,Americas
vct,1842,25.99,St. Vincent and the Grenadines,Americas
vct,1843,25.99,St. Vincent and the Grenadines,Americas
vct,1844,25.99,St. Vincent and the Grenadines,Americas
vct,1845,25.99,St. Vincent and the Grenadines,Americas
vct,1846,25.99,St. Vincent and the Grenadines,Americas
vct,1847,25.99,St. Vincent and the Grenadines,Americas
vct,1848,25.99,St. Vincent and the Grenadines,Americas
vct,1849,25.99,St. Vincent and the Grenadines,Americas
vct,1850,25.99,St. Vincent and the Grenadines,Americas
vct,1851,25.99,St. Vincent and the Grenadines,Americas
vct,1852,25.99,St. Vincent and the Grenadines,Americas
vct,1853,25.99,St. Vincent and the Grenadines,Americas
vct,1854,25.99,St. Vincent and the Grenadines,Americas
vct,1855,25.99,St. Vincent and the Grenadines,Americas
vct,1856,25.99,St. Vincent and the Grenadines,Americas
vct,1857,25.99,St. Vincent and the Grenadines,Americas
vct,1858,25.99,St. Vincent and the Grenadines,Americas
vct,1859,25.99,St. Vincent and the Grenadines,Americas
vct,1860,25.99,St. Vincent and the Grenadines,Americas
vct,1861,25.99,St. Vincent and the Grenadines,Americas
vct,1862,25.99,St. Vincent and the Grenadines,Americas
vct,1863,25.99,St. Vincent and the Grenadines,Americas
vct,1864,25.99,St. Vincent and the Grenadines,Americas
vct,1865,25.99,St. Vincent and the Grenadines,Americas
vct,1866,25.99,St. Vincent and the Grenadines,Americas
vct,1867,25.99,St. Vincent and the Grenadines,Americas
vct,1868,25.99,St. Vincent and the Grenadines,Americas
vct,1869,25.99,St. Vincent and the Grenadines,Americas
vct,1870,25.99,St. Vincent and the Grenadines,Americas
vct,1871,26.01,St. Vincent and the Grenadines,Americas
vct,1872,26.03,St. Vincent and the Grenadines,Americas
vct,1873,26.06,St. Vincent and the Grenadines,Americas
vct,1874,26.08,St. Vincent and the Grenadines,Americas
vct,1875,26.1,St. Vincent and the Grenadines,Americas
vct,1876,26.13,St. Vincent and the Grenadines,Americas
vct,1877,26.15,St. Vincent and the Grenadines,Americas
vct,1878,26.18,St. Vincent and the Grenadines,Americas
vct,1879,26.2,St. Vincent and the Grenadines,Americas
vct,1880,26.22,St. Vincent and the Grenadines,Americas
vct,1881,26.25,St. Vincent and the Grenadines,Americas
vct,1882,26.27,St. Vincent and the Grenadines,Americas
vct,1883,26.29,St. Vincent and the Grenadines,Americas
vct,1884,26.32,St. Vincent and the Grenadines,Americas
vct,1885,26.34,St. Vincent and the Grenadines,Americas
vct,1886,26.37,St. Vincent and the Grenadines,Americas
vct,1887,26.39,St. Vincent and the Grenadines,Americas
vct,1888,26.41,St. Vincent and the Grenadines,Americas
vct,1889,26.44,St. Vincent and the Grenadines,Americas
vct,1890,26.46,St. Vincent and the Grenadines,Americas
vct,1891,26.48,St. Vincent and the Grenadines,Americas
vct,1892,26.51,St. Vincent and the Grenadines,Americas
vct,1893,26.53,St. Vincent and the Grenadines,Americas
vct,1894,26.56,St. Vincent and the Grenadines,Americas
vct,1895,26.58,St. Vincent and the Grenadines,Americas
vct,1896,26.6,St. Vincent and the Grenadines,Americas
vct,1897,26.63,St. Vincent and the Grenadines,Americas
vct,1898,26.65,St. Vincent and the Grenadines,Americas
vct,1899,26.67,St. Vincent and the Grenadines,Americas
vct,1900,26.7,St. Vincent and the Grenadines,Americas
vct,1901,26.72,St. Vincent and the Grenadines,Americas
vct,1902,26.75,St. Vincent and the Grenadines,Americas
vct,1903,26.77,St. Vincent and the Grenadines,Americas
vct,1904,26.79,St. Vincent and the Grenadines,Americas
vct,1905,26.82,St. Vincent and the Grenadines,Americas
vct,1906,26.84,St. Vincent and the Grenadines,Americas
vct,1907,26.86,St. Vincent and the Grenadines,Americas
vct,1908,26.89,St. Vincent and the Grenadines,Americas
vct,1909,26.91,St. Vincent and the Grenadines,Americas
vct,1910,26.94,St. Vincent and the Grenadines,Americas
vct,1911,26.96,St. Vincent and the Grenadines,Americas
vct,1912,26.98,St. Vincent and the Grenadines,Americas
vct,1913,27.01,St. Vincent and the Grenadines,Americas
vct,1914,27.03,St. Vincent and the Grenadines,Americas
vct,1915,27.05,St. Vincent and the Grenadines,Americas
vct,1916,27.08,St. Vincent and the Grenadines,Americas
vct,1917,27.1,St. Vincent and the Grenadines,Americas
vct,1918,17.59,St. Vincent and the Grenadines,Americas
vct,1919,27.15,St. Vincent and the Grenadines,Americas
vct,1920,27.17,St. Vincent and the Grenadines,Americas
vct,1921,27.2,St. Vincent and the Grenadines,Americas
vct,1922,28.09,St. Vincent and the Grenadines,Americas
vct,1923,28.98,St. Vincent and the Grenadines,Americas
vct,1924,29.87,St. Vincent and the Grenadines,Americas
vct,1925,30.77,St. Vincent and the Grenadines,Americas
vct,1926,31.66,St. Vincent and the Grenadines,Americas
vct,1927,32.56,St. Vincent and the Grenadines,Americas
vct,1928,33.46,St. Vincent and the Grenadines,Americas
vct,1929,34.36,St. Vincent and the Grenadines,Americas
vct,1930,35.27,St. Vincent and the Grenadines,Americas
vct,1931,36.17,St. Vincent and the Grenadines,Americas
vct,1932,37.08,St. Vincent and the Grenadines,Americas
vct,1933,37.98,St. Vincent and the Grenadines,Americas
vct,1934,38.89,St. Vincent and the Grenadines,Americas
vct,1935,39.8,St. Vincent and the Grenadines,Americas
vct,1936,40.71,St. Vincent and the Grenadines,Americas
vct,1937,41.63,St. Vincent and the Grenadines,Americas
vct,1938,42.54,St. Vincent and the Grenadines,Americas
vct,1939,43.46,St. Vincent and the Grenadines,Americas
vct,1940,44.38,St. Vincent and the Grenadines,Americas
vct,1941,45.3,St. Vincent and the Grenadines,Americas
vct,1942,46.22,St. Vincent and the Grenadines,Americas
vct,1943,47.14,St. Vincent and the Grenadines,Americas
vct,1944,48.06,St. Vincent and the Grenadines,Americas
vct,1945,48.99,St. Vincent and the Grenadines,Americas
vct,1946,49.91,St. Vincent and the Grenadines,Americas
vct,1947,50.84,St. Vincent and the Grenadines,Americas
vct,1948,51.77,St. Vincent and the Grenadines,Americas
vct,1949,52.7,St. Vincent and the Grenadines,Americas
vct,1950,53.64,St. Vincent and the Grenadines,Americas
vct,1951,54.45,St. Vincent and the Grenadines,Americas
vct,1952,55.3,St. Vincent and the Grenadines,Americas
vct,1953,56.29,St. Vincent and the Grenadines,Americas
vct,1954,57.28,St. Vincent and the Grenadines,Americas
vct,1955,55.03,St. Vincent and the Grenadines,Americas
vct,1956,59.16,St. Vincent and the Grenadines,Americas
vct,1957,59.91,St. Vincent and the Grenadines,Americas
vct,1958,60.46,St. Vincent and the Grenadines,Americas
vct,1959,60.38,St. Vincent and the Grenadines,Americas
vct,1960,60.97,St. Vincent and the Grenadines,Americas
vct,1961,61.62,St. Vincent and the Grenadines,Americas
vct,1962,62.22,St. Vincent and the Grenadines,Americas
vct,1963,62.63,St. Vincent and the Grenadines,Americas
vct,1964,63.09,St. Vincent and the Grenadines,Americas
vct,1965,63.41,St. Vincent and the Grenadines,Americas
vct,1966,63.71,St. Vincent and the Grenadines,Americas
vct,1967,63.88,St. Vincent and the Grenadines,Americas
vct,1968,64.19,St. Vincent and the Grenadines,Americas
vct,1969,64.45,St. Vincent and the Grenadines,Americas
vct,1970,64.78,St. Vincent and the Grenadines,Americas
vct,1971,65.02,St. Vincent and the Grenadines,Americas
vct,1972,65.38,St. Vincent and the Grenadines,Americas
vct,1973,65.85,St. Vincent and the Grenadines,Americas
vct,1974,66.26,St. Vincent and the Grenadines,Americas
vct,1975,66.59,St. Vincent and the Grenadines,Americas
vct,1976,66.97,St. Vincent and the Grenadines,Americas
vct,1977,67.39,St. Vincent and the Grenadines,Americas
vct,1978,67.91,St. Vincent and the Grenadines,Americas
vct,1979,68.31,St. Vincent and the Grenadines,Americas
vct,1980,68.56,St. Vincent and the Grenadines,Americas
vct,1981,68.94,St. Vincent and the Grenadines,Americas
vct,1982,69.25,St. Vincent and the Grenadines,Americas
vct,1983,69.39,St. Vincent and the Grenadines,Americas
vct,1984,69.61,St. Vincent and the Grenadines,Americas
vct,1985,69.99,St. Vincent and the Grenadines,Americas
vct,1986,70.16,St. Vincent and the Grenadines,Americas
vct,1987,69.98,St. Vincent and the Grenadines,Americas
vct,1988,70.24,St. Vincent and the Grenadines,Americas
vct,1989,70.26,St. Vincent and the Grenadines,Americas
vct,1990,70.11,St. Vincent and the Grenadines,Americas
vct,1991,70.28,St. Vincent and the Grenadines,Americas
vct,1992,70.23,St. Vincent and the Grenadines,Americas
vct,1993,70.31,St. Vincent and the Grenadines,Americas
vct,1994,70.32,St. Vincent and the Grenadines,Americas
vct,1995,70.47,St. Vincent and the Grenadines,Americas
vct,1996,70.49,St. Vincent and the Grenadines,Americas
vct,1997,70.88,St. Vincent and the Grenadines,Americas
vct,1998,71.01,St. Vincent and the Grenadines,Americas
vct,1999,71.06,St. Vincent and the Grenadines,Americas
vct,2000,71.11,St. Vincent and the Grenadines,Americas
vct,2001,71.66,St. Vincent and the Grenadines,Americas
vct,2002,71.65,St. Vincent and the Grenadines,Americas
vct,2003,72.16,St. Vincent and the Grenadines,Americas
vct,2004,72.33,St. Vincent and the Grenadines,Americas
vct,2005,72.6,St. Vincent and the Grenadines,Americas
vct,2006,72.89,St. Vincent and the Grenadines,Americas
vct,2007,73.11,St. Vincent and the Grenadines,Americas
vct,2008,73.07,St. Vincent and the Grenadines,Americas
vct,2009,73.01,St. Vincent and the Grenadines,Americas
vct,2010,73.11,St. Vincent and the Grenadines,Americas
vct,2011,73.21,St. Vincent and the Grenadines,Americas
vct,2012,73.03,St. Vincent and the Grenadines,Americas
vct,2013,72.48,St. Vincent and the Grenadines,Americas
vct,2014,72.61,St. Vincent and the Grenadines,Americas
vct,2015,72.57,St. Vincent and the Grenadines,Americas
vct,2016,72.63,St. Vincent and the Grenadines,Americas
vct,2017,72.73,St. Vincent and the Grenadines,Americas
vct,2018,72.83,St. Vincent and the Grenadines,Americas
vct,2019,72.95,St. Vincent and the Grenadines,Americas
vct,2020,73.01,St. Vincent and the Grenadines,Americas
vct,2021,73.2,St. Vincent and the Grenadines,Americas
vct,2022,73.33,St. Vincent and the Grenadines,Americas
vct,2023,73.46,St. Vincent and the Grenadines,Americas
vct,2024,73.59,St. Vincent and the Grenadines,Americas
vct,2025,73.72,St. Vincent and the Grenadines,Americas
vct,2026,73.85,St. Vincent and the Grenadines,Americas
vct,2027,73.98,St. Vincent and the Grenadines,Americas
vct,2028,74.11,St. Vincent and the Grenadines,Americas
vct,2029,74.23,St. Vincent and the Grenadines,Americas
vct,2030,74.36,St. Vincent and the Grenadines,Americas
vct,2031,74.49,St. Vincent and the Grenadines,Americas
vct,2032,74.61,St. Vincent and the Grenadines,Americas
vct,2033,74.74,St. Vincent and the Grenadines,Americas
vct,2034,74.87,St. Vincent and the Grenadines,Americas
vct,2035,75,St. Vincent and the Grenadines,Americas
vct,2036,75.12,St. Vincent and the Grenadines,Americas
vct,2037,75.25,St. Vincent and the Grenadines,Americas
vct,2038,75.38,St. Vincent and the Grenadines,Americas
vct,2039,75.51,St. Vincent and the Grenadines,Americas
vct,2040,75.64,St. Vincent and the Grenadines,Americas
vct,2041,75.77,St. Vincent and the Grenadines,Americas
vct,2042,75.9,St. Vincent and the Grenadines,Americas
vct,2043,76.03,St. Vincent and the Grenadines,Americas
vct,2044,76.16,St. Vincent and the Grenadines,Americas
vct,2045,76.29,St. Vincent and the Grenadines,Americas
vct,2046,76.42,St. Vincent and the Grenadines,Americas
vct,2047,76.54,St. Vincent and the Grenadines,Americas
vct,2048,76.67,St. Vincent and the Grenadines,Americas
vct,2049,76.8,St. Vincent and the Grenadines,Americas
vct,2050,76.93,St. Vincent and the Grenadines,Americas
vct,2051,77.05,St. Vincent and the Grenadines,Americas
vct,2052,77.18,St. Vincent and the Grenadines,Americas
vct,2053,77.3,St. Vincent and the Grenadines,Americas
vct,2054,77.43,St. Vincent and the Grenadines,Americas
vct,2055,77.56,St. Vincent and the Grenadines,Americas
vct,2056,77.68,St. Vincent and the Grenadines,Americas
vct,2057,77.81,St. Vincent and the Grenadines,Americas
vct,2058,77.94,St. Vincent and the Grenadines,Americas
vct,2059,78.07,St. Vincent and the Grenadines,Americas
vct,2060,78.2,St. Vincent and the Grenadines,Americas
vct,2061,78.33,St. Vincent and the Grenadines,Americas
vct,2062,78.47,St. Vincent and the Grenadines,Americas
vct,2063,78.6,St. Vincent and the Grenadines,Americas
vct,2064,78.73,St. Vincent and the Grenadines,Americas
vct,2065,78.86,St. Vincent and the Grenadines,Americas
vct,2066,79,St. Vincent and the Grenadines,Americas
vct,2067,79.13,St. Vincent and the Grenadines,Americas
vct,2068,79.26,St. Vincent and the Grenadines,Americas
vct,2069,79.39,St. Vincent and the Grenadines,Americas
vct,2070,79.52,St. Vincent and the Grenadines,Americas
vct,2071,79.65,St. Vincent and the Grenadines,Americas
vct,2072,79.79,St. Vincent and the Grenadines,Americas
vct,2073,79.92,St. Vincent and the Grenadines,Americas
vct,2074,80.05,St. Vincent and the Grenadines,Americas
vct,2075,80.19,St. Vincent and the Grenadines,Americas
vct,2076,80.32,St. Vincent and the Grenadines,Americas
vct,2077,80.46,St. Vincent and the Grenadines,Americas
vct,2078,80.59,St. Vincent and the Grenadines,Americas
vct,2079,80.73,St. Vincent and the Grenadines,Americas
vct,2080,80.86,St. Vincent and the Grenadines,Americas
vct,2081,81,St. Vincent and the Grenadines,Americas
vct,2082,81.13,St. Vincent and the Grenadines,Americas
vct,2083,81.27,St. Vincent and the Grenadines,Americas
vct,2084,81.4,St. Vincent and the Grenadines,Americas
vct,2085,81.54,St. Vincent and the Grenadines,Americas
vct,2086,81.67,St. Vincent and the Grenadines,Americas
vct,2087,81.81,St. Vincent and the Grenadines,Americas
vct,2088,81.94,St. Vincent and the Grenadines,Americas
vct,2089,82.08,St. Vincent and the Grenadines,Americas
vct,2090,82.21,St. Vincent and the Grenadines,Americas
vct,2091,82.35,St. Vincent and the Grenadines,Americas
vct,2092,82.48,St. Vincent and the Grenadines,Americas
vct,2093,82.61,St. Vincent and the Grenadines,Americas
vct,2094,82.75,St. Vincent and the Grenadines,Americas
vct,2095,82.88,St. Vincent and the Grenadines,Americas
vct,2096,83.01,St. Vincent and the Grenadines,Americas
vct,2097,83.14,St. Vincent and the Grenadines,Americas
vct,2098,83.27,St. Vincent and the Grenadines,Americas
vct,2099,83.4,St. Vincent and the Grenadines,Americas
vct,2100,83.53,St. Vincent and the Grenadines,Americas
sdn,1800,31.4,Sudan,Africa
sdn,1801,31.4,Sudan,Africa
sdn,1802,31.4,Sudan,Africa
sdn,1803,31.4,Sudan,Africa
sdn,1804,31.4,Sudan,Africa
sdn,1805,31.4,Sudan,Africa
sdn,1806,31.4,Sudan,Africa
sdn,1807,31.4,Sudan,Africa
sdn,1808,31.4,Sudan,Africa
sdn,1809,31.4,Sudan,Africa
sdn,1810,31.4,Sudan,Africa
sdn,1811,31.4,Sudan,Africa
sdn,1812,31.4,Sudan,Africa
sdn,1813,31.4,Sudan,Africa
sdn,1814,31.4,Sudan,Africa
sdn,1815,31.4,Sudan,Africa
sdn,1816,31.4,Sudan,Africa
sdn,1817,31.4,Sudan,Africa
sdn,1818,31.4,Sudan,Africa
sdn,1819,31.4,Sudan,Africa
sdn,1820,31.4,Sudan,Africa
sdn,1821,31.4,Sudan,Africa
sdn,1822,31.4,Sudan,Africa
sdn,1823,31.4,Sudan,Africa
sdn,1824,31.4,Sudan,Africa
sdn,1825,31.4,Sudan,Africa
sdn,1826,31.4,Sudan,Africa
sdn,1827,31.4,Sudan,Africa
sdn,1828,31.4,Sudan,Africa
sdn,1829,31.4,Sudan,Africa
sdn,1830,31.4,Sudan,Africa
sdn,1831,31.4,Sudan,Africa
sdn,1832,31.4,Sudan,Africa
sdn,1833,31.4,Sudan,Africa
sdn,1834,31.4,Sudan,Africa
sdn,1835,31.4,Sudan,Africa
sdn,1836,31.4,Sudan,Africa
sdn,1837,31.4,Sudan,Africa
sdn,1838,31.4,Sudan,Africa
sdn,1839,31.4,Sudan,Africa
sdn,1840,31.4,Sudan,Africa
sdn,1841,31.4,Sudan,Africa
sdn,1842,31.4,Sudan,Africa
sdn,1843,31.4,Sudan,Africa
sdn,1844,31.4,Sudan,Africa
sdn,1845,31.4,Sudan,Africa
sdn,1846,31.4,Sudan,Africa
sdn,1847,31.4,Sudan,Africa
sdn,1848,31.4,Sudan,Africa
sdn,1849,31.4,Sudan,Africa
sdn,1850,31.4,Sudan,Africa
sdn,1851,31.4,Sudan,Africa
sdn,1852,31.4,Sudan,Africa
sdn,1853,31.4,Sudan,Africa
sdn,1854,31.4,Sudan,Africa
sdn,1855,31.4,Sudan,Africa
sdn,1856,31.4,Sudan,Africa
sdn,1857,31.4,Sudan,Africa
sdn,1858,31.4,Sudan,Africa
sdn,1859,31.4,Sudan,Africa
sdn,1860,31.4,Sudan,Africa
sdn,1861,31.4,Sudan,Africa
sdn,1862,31.4,Sudan,Africa
sdn,1863,31.4,Sudan,Africa
sdn,1864,31.4,Sudan,Africa
sdn,1865,31.4,Sudan,Africa
sdn,1866,31.4,Sudan,Africa
sdn,1867,31.4,Sudan,Africa
sdn,1868,31.4,Sudan,Africa
sdn,1869,31.4,Sudan,Africa
sdn,1870,31.4,Sudan,Africa
sdn,1871,31.43,Sudan,Africa
sdn,1872,31.46,Sudan,Africa
sdn,1873,31.5,Sudan,Africa
sdn,1874,31.53,Sudan,Africa
sdn,1875,31.56,Sudan,Africa
sdn,1876,31.59,Sudan,Africa
sdn,1877,31.62,Sudan,Africa
sdn,1878,31.65,Sudan,Africa
sdn,1879,31.69,Sudan,Africa
sdn,1880,31.72,Sudan,Africa
sdn,1881,31.75,Sudan,Africa
sdn,1882,31.78,Sudan,Africa
sdn,1883,31.81,Sudan,Africa
sdn,1884,31.85,Sudan,Africa
sdn,1885,31.88,Sudan,Africa
sdn,1886,31.91,Sudan,Africa
sdn,1887,31.94,Sudan,Africa
sdn,1888,31.97,Sudan,Africa
sdn,1889,32.01,Sudan,Africa
sdn,1890,32.04,Sudan,Africa
sdn,1891,32.07,Sudan,Africa
sdn,1892,32.1,Sudan,Africa
sdn,1893,32.13,Sudan,Africa
sdn,1894,32.16,Sudan,Africa
sdn,1895,32.2,Sudan,Africa
sdn,1896,32.23,Sudan,Africa
sdn,1897,32.26,Sudan,Africa
sdn,1898,32.29,Sudan,Africa
sdn,1899,32.32,Sudan,Africa
sdn,1900,32.36,Sudan,Africa
sdn,1901,32.39,Sudan,Africa
sdn,1902,32.42,Sudan,Africa
sdn,1903,32.45,Sudan,Africa
sdn,1904,32.48,Sudan,Africa
sdn,1905,32.52,Sudan,Africa
sdn,1906,32.55,Sudan,Africa
sdn,1907,32.58,Sudan,Africa
sdn,1908,32.61,Sudan,Africa
sdn,1909,32.64,Sudan,Africa
sdn,1910,32.67,Sudan,Africa
sdn,1911,32.71,Sudan,Africa
sdn,1912,32.74,Sudan,Africa
sdn,1913,32.77,Sudan,Africa
sdn,1914,32.8,Sudan,Africa
sdn,1915,32.83,Sudan,Africa
sdn,1916,32.87,Sudan,Africa
sdn,1917,32.9,Sudan,Africa
sdn,1918,12.74,Sudan,Africa
sdn,1919,32.96,Sudan,Africa
sdn,1920,32.99,Sudan,Africa
sdn,1921,33.03,Sudan,Africa
sdn,1922,33.06,Sudan,Africa
sdn,1923,33.09,Sudan,Africa
sdn,1924,33.12,Sudan,Africa
sdn,1925,33.15,Sudan,Africa
sdn,1926,33.18,Sudan,Africa
sdn,1927,33.22,Sudan,Africa
sdn,1928,33.25,Sudan,Africa
sdn,1929,33.28,Sudan,Africa
sdn,1930,33.31,Sudan,Africa
sdn,1931,33.34,Sudan,Africa
sdn,1932,33.38,Sudan,Africa
sdn,1933,33.41,Sudan,Africa
sdn,1934,33.44,Sudan,Africa
sdn,1935,33.47,Sudan,Africa
sdn,1936,33.5,Sudan,Africa
sdn,1937,33.54,Sudan,Africa
sdn,1938,33.57,Sudan,Africa
sdn,1939,33.6,Sudan,Africa
sdn,1940,33.63,Sudan,Africa
sdn,1941,34.95,Sudan,Africa
sdn,1942,36.27,Sudan,Africa
sdn,1943,37.6,Sudan,Africa
sdn,1944,38.92,Sudan,Africa
sdn,1945,40.25,Sudan,Africa
sdn,1946,41.59,Sudan,Africa
sdn,1947,42.92,Sudan,Africa
sdn,1948,44.26,Sudan,Africa
sdn,1949,45.6,Sudan,Africa
sdn,1950,46.94,Sudan,Africa
sdn,1951,47.09,Sudan,Africa
sdn,1952,47.3,Sudan,Africa
sdn,1953,47.54,Sudan,Africa
sdn,1954,47.74,Sudan,Africa
sdn,1955,47.92,Sudan,Africa
sdn,1956,48.26,Sudan,Africa
sdn,1957,48.64,Sudan,Africa
sdn,1958,48.96,Sudan,Africa
sdn,1959,49.41,Sudan,Africa
sdn,1960,49.76,Sudan,Africa
sdn,1961,49.97,Sudan,Africa
sdn,1962,50.27,Sudan,Africa
sdn,1963,50.1,Sudan,Africa
sdn,1964,50.32,Sudan,Africa
sdn,1965,50.53,Sudan,Africa
sdn,1966,50.74,Sudan,Africa
sdn,1967,50.91,Sudan,Africa
sdn,1968,51.1,Sudan,Africa
sdn,1969,51.35,Sudan,Africa
sdn,1970,51.6,Sudan,Africa
sdn,1971,51.85,Sudan,Africa
sdn,1972,52.04,Sudan,Africa
sdn,1973,52.41,Sudan,Africa
sdn,1974,52.57,Sudan,Africa
sdn,1975,52.8,Sudan,Africa
sdn,1976,53.2,Sudan,Africa
sdn,1977,53.78,Sudan,Africa
sdn,1978,54.14,Sudan,Africa
sdn,1979,54.47,Sudan,Africa
sdn,1980,54.8,Sudan,Africa
sdn,1981,55.28,Sudan,Africa
sdn,1982,55.76,Sudan,Africa
sdn,1983,52.29,Sudan,Africa
sdn,1984,51.78,Sudan,Africa
sdn,1985,52.17,Sudan,Africa
sdn,1986,57.09,Sudan,Africa
sdn,1987,57.42,Sudan,Africa
sdn,1988,57.93,Sudan,Africa
sdn,1989,57.89,Sudan,Africa
sdn,1990,58.66,Sudan,Africa
sdn,1991,59.27,Sudan,Africa
sdn,1992,59.75,Sudan,Africa
sdn,1993,59.99,Sudan,Africa
sdn,1994,60.92,Sudan,Africa
sdn,1995,61.29,Sudan,Africa
sdn,1996,61.52,Sudan,Africa
sdn,1997,61.77,Sudan,Africa
sdn,1998,62,Sudan,Africa
sdn,1999,62.87,Sudan,Africa
sdn,2000,63.26,Sudan,Africa
sdn,2001,63.72,Sudan,Africa
sdn,2002,63.87,Sudan,Africa
sdn,2003,64.13,Sudan,Africa
sdn,2004,64.16,Sudan,Africa
sdn,2005,65.48,Sudan,Africa
sdn,2006,65.84,Sudan,Africa
sdn,2007,66.32,Sudan,Africa
sdn,2008,66.78,Sudan,Africa
sdn,2009,66.97,Sudan,Africa
sdn,2010,67.44,Sudan,Africa
sdn,2011,67.56,Sudan,Africa
sdn,2012,68.11,Sudan,Africa
sdn,2013,68.33,Sudan,Africa
sdn,2014,68.72,Sudan,Africa
sdn,2015,69.03,Sudan,Africa
sdn,2016,69.39,Sudan,Africa
sdn,2017,69.79,Sudan,Africa
sdn,2018,70.12,Sudan,Africa
sdn,2019,70.49,Sudan,Africa
sdn,2020,70.55,Sudan,Africa
sdn,2021,70.97,Sudan,Africa
sdn,2022,71.21,Sudan,Africa
sdn,2023,71.45,Sudan,Africa
sdn,2024,71.69,Sudan,Africa
sdn,2025,71.92,Sudan,Africa
sdn,2026,72.15,Sudan,Africa
sdn,2027,72.37,Sudan,Africa
sdn,2028,72.6,Sudan,Africa
sdn,2029,72.81,Sudan,Africa
sdn,2030,73.03,Sudan,Africa
sdn,2031,73.24,Sudan,Africa
sdn,2032,73.44,Sudan,Africa
sdn,2033,73.65,Sudan,Africa
sdn,2034,73.84,Sudan,Africa
sdn,2035,74.04,Sudan,Africa
sdn,2036,74.23,Sudan,Africa
sdn,2037,74.43,Sudan,Africa
sdn,2038,74.61,Sudan,Africa
sdn,2039,74.8,Sudan,Africa
sdn,2040,74.98,Sudan,Africa
sdn,2041,75.16,Sudan,Africa
sdn,2042,75.34,Sudan,Africa
sdn,2043,75.52,Sudan,Africa
sdn,2044,75.69,Sudan,Africa
sdn,2045,75.86,Sudan,Africa
sdn,2046,76.03,Sudan,Africa
sdn,2047,76.19,Sudan,Africa
sdn,2048,76.36,Sudan,Africa
sdn,2049,76.52,Sudan,Africa
sdn,2050,76.68,Sudan,Africa
sdn,2051,76.84,Sudan,Africa
sdn,2052,77,Sudan,Africa
sdn,2053,77.16,Sudan,Africa
sdn,2054,77.31,Sudan,Africa
sdn,2055,77.46,Sudan,Africa
sdn,2056,77.61,Sudan,Africa
sdn,2057,77.76,Sudan,Africa
sdn,2058,77.91,Sudan,Africa
sdn,2059,78.06,Sudan,Africa
sdn,2060,78.21,Sudan,Africa
sdn,2061,78.36,Sudan,Africa
sdn,2062,78.5,Sudan,Africa
sdn,2063,78.65,Sudan,Africa
sdn,2064,78.8,Sudan,Africa
sdn,2065,78.95,Sudan,Africa
sdn,2066,79.09,Sudan,Africa
sdn,2067,79.24,Sudan,Africa
sdn,2068,79.38,Sudan,Africa
sdn,2069,79.53,Sudan,Africa
sdn,2070,79.67,Sudan,Africa
sdn,2071,79.81,Sudan,Africa
sdn,2072,79.96,Sudan,Africa
sdn,2073,80.1,Sudan,Africa
sdn,2074,80.25,Sudan,Africa
sdn,2075,80.39,Sudan,Africa
sdn,2076,80.54,Sudan,Africa
sdn,2077,80.69,Sudan,Africa
sdn,2078,80.83,Sudan,Africa
sdn,2079,80.98,Sudan,Africa
sdn,2080,81.12,Sudan,Africa
sdn,2081,81.27,Sudan,Africa
sdn,2082,81.42,Sudan,Africa
sdn,2083,81.56,Sudan,Africa
sdn,2084,81.71,Sudan,Africa
sdn,2085,81.86,Sudan,Africa
sdn,2086,82.01,Sudan,Africa
sdn,2087,82.15,Sudan,Africa
sdn,2088,82.3,Sudan,Africa
sdn,2089,82.45,Sudan,Africa
sdn,2090,82.6,Sudan,Africa
sdn,2091,82.75,Sudan,Africa
sdn,2092,82.89,Sudan,Africa
sdn,2093,83.04,Sudan,Africa
sdn,2094,83.19,Sudan,Africa
sdn,2095,83.34,Sudan,Africa
sdn,2096,83.49,Sudan,Africa
sdn,2097,83.64,Sudan,Africa
sdn,2098,83.8,Sudan,Africa
sdn,2099,83.95,Sudan,Africa
sdn,2100,84.1,Sudan,Africa
sur,1800,32.9,Suriname,South America
sur,1801,32.9,Suriname,South America
sur,1802,32.9,Suriname,South America
sur,1803,32.9,Suriname,South America
sur,1804,32.9,Suriname,South America
sur,1805,32.9,Suriname,South America
sur,1806,32.9,Suriname,South America
sur,1807,32.9,Suriname,South America
sur,1808,32.9,Suriname,South America
sur,1809,32.9,Suriname,South America
sur,1810,32.9,Suriname,South America
sur,1811,32.9,Suriname,South America
sur,1812,32.9,Suriname,South America
sur,1813,32.9,Suriname,South America
sur,1814,32.9,Suriname,South America
sur,1815,32.9,Suriname,South America
sur,1816,32.9,Suriname,South America
sur,1817,32.9,Suriname,South America
sur,1818,32.9,Suriname,South America
sur,1819,32.9,Suriname,South America
sur,1820,32.9,Suriname,South America
sur,1821,32.9,Suriname,South America
sur,1822,32.9,Suriname,South America
sur,1823,32.9,Suriname,South America
sur,1824,32.9,Suriname,South America
sur,1825,32.9,Suriname,South America
sur,1826,32.9,Suriname,South America
sur,1827,32.9,Suriname,South America
sur,1828,32.9,Suriname,South America
sur,1829,32.9,Suriname,South America
sur,1830,32.9,Suriname,South America
sur,1831,32.9,Suriname,South America
sur,1832,32.9,Suriname,South America
sur,1833,32.9,Suriname,South America
sur,1834,32.9,Suriname,South America
sur,1835,32.9,Suriname,South America
sur,1836,32.9,Suriname,South America
sur,1837,32.9,Suriname,South America
sur,1838,32.9,Suriname,South America
sur,1839,32.9,Suriname,South America
sur,1840,32.9,Suriname,South America
sur,1841,32.9,Suriname,South America
sur,1842,32.9,Suriname,South America
sur,1843,32.9,Suriname,South America
sur,1844,32.9,Suriname,South America
sur,1845,32.9,Suriname,South America
sur,1846,32.9,Suriname,South America
sur,1847,32.9,Suriname,South America
sur,1848,32.9,Suriname,South America
sur,1849,32.9,Suriname,South America
sur,1850,32.9,Suriname,South America
sur,1851,32.9,Suriname,South America
sur,1852,32.9,Suriname,South America
sur,1853,32.9,Suriname,South America
sur,1854,32.9,Suriname,South America
sur,1855,32.9,Suriname,South America
sur,1856,32.9,Suriname,South America
sur,1857,32.9,Suriname,South America
sur,1858,32.9,Suriname,South America
sur,1859,32.9,Suriname,South America
sur,1860,32.9,Suriname,South America
sur,1861,32.9,Suriname,South America
sur,1862,32.9,Suriname,South America
sur,1863,32.9,Suriname,South America
sur,1864,32.9,Suriname,South America
sur,1865,32.9,Suriname,South America
sur,1866,32.9,Suriname,South America
sur,1867,32.9,Suriname,South America
sur,1868,32.9,Suriname,South America
sur,1869,32.9,Suriname,South America
sur,1870,32.9,Suriname,South America
sur,1871,32.92,Suriname,South America
sur,1872,32.95,Suriname,South America
sur,1873,32.97,Suriname,South America
sur,1874,32.99,Suriname,South America
sur,1875,33.01,Suriname,South America
sur,1876,33.04,Suriname,South America
sur,1877,33.06,Suriname,South America
sur,1878,33.08,Suriname,South America
sur,1879,33.1,Suriname,South America
sur,1880,33.13,Suriname,South America
sur,1881,33.15,Suriname,South America
sur,1882,33.17,Suriname,South America
sur,1883,33.2,Suriname,South America
sur,1884,33.22,Suriname,South America
sur,1885,33.24,Suriname,South America
sur,1886,33.26,Suriname,South America
sur,1887,33.29,Suriname,South America
sur,1888,33.31,Suriname,South America
sur,1889,33.33,Suriname,South America
sur,1890,33.35,Suriname,South America
sur,1891,33.38,Suriname,South America
sur,1892,33.4,Suriname,South America
sur,1893,33.42,Suriname,South America
sur,1894,33.45,Suriname,South America
sur,1895,33.47,Suriname,South America
sur,1896,33.49,Suriname,South America
sur,1897,33.51,Suriname,South America
sur,1898,33.54,Suriname,South America
sur,1899,33.56,Suriname,South America
sur,1900,33.58,Suriname,South America
sur,1901,33.61,Suriname,South America
sur,1902,33.63,Suriname,South America
sur,1903,33.65,Suriname,South America
sur,1904,33.67,Suriname,South America
sur,1905,33.7,Suriname,South America
sur,1906,33.72,Suriname,South America
sur,1907,33.74,Suriname,South America
sur,1908,33.76,Suriname,South America
sur,1909,33.79,Suriname,South America
sur,1910,33.81,Suriname,South America
sur,1911,33.83,Suriname,South America
sur,1912,33.86,Suriname,South America
sur,1913,33.88,Suriname,South America
sur,1914,33.9,Suriname,South America
sur,1915,33.92,Suriname,South America
sur,1916,33.95,Suriname,South America
sur,1917,33.97,Suriname,South America
sur,1918,30.05,Suriname,South America
sur,1919,34.01,Suriname,South America
sur,1920,34.04,Suriname,South America
sur,1921,34.06,Suriname,South America
sur,1922,34.08,Suriname,South America
sur,1923,34.11,Suriname,South America
sur,1924,34.13,Suriname,South America
sur,1925,34.15,Suriname,South America
sur,1926,35.08,Suriname,South America
sur,1927,36.01,Suriname,South America
sur,1928,36.94,Suriname,South America
sur,1929,37.87,Suriname,South America
sur,1930,38.8,Suriname,South America
sur,1931,39.73,Suriname,South America
sur,1932,40.66,Suriname,South America
sur,1933,41.6,Suriname,South America
sur,1934,42.54,Suriname,South America
sur,1935,43.47,Suriname,South America
sur,1936,44.41,Suriname,South America
sur,1937,45.35,Suriname,South America
sur,1938,46.3,Suriname,South America
sur,1939,47.24,Suriname,South America
sur,1940,48.18,Suriname,South America
sur,1941,49.13,Suriname,South America
sur,1942,50.07,Suriname,South America
sur,1943,51.02,Suriname,South America
sur,1944,51.97,Suriname,South America
sur,1945,52.92,Suriname,South America
sur,1946,53.87,Suriname,South America
sur,1947,54.82,Suriname,South America
sur,1948,55.78,Suriname,South America
sur,1949,56.73,Suriname,South America
sur,1950,57.69,Suriname,South America
sur,1951,58.46,Suriname,South America
sur,1952,59.19,Suriname,South America
sur,1953,59.54,Suriname,South America
sur,1954,60.49,Suriname,South America
sur,1955,61.15,Suriname,South America
sur,1956,61.41,Suriname,South America
sur,1957,61.63,Suriname,South America
sur,1958,62.01,Suriname,South America
sur,1959,62.5,Suriname,South America
sur,1960,62.97,Suriname,South America
sur,1961,63.32,Suriname,South America
sur,1962,63.61,Suriname,South America
sur,1963,64.01,Suriname,South America
sur,1964,64.58,Suriname,South America
sur,1965,64.81,Suriname,South America
sur,1966,65.18,Suriname,South America
sur,1967,65.24,Suriname,South America
sur,1968,65.51,Suriname,South America
sur,1969,65.7,Suriname,South America
sur,1970,65.85,Suriname,South America
sur,1971,66.02,Suriname,South America
sur,1972,66.54,Suriname,South America
sur,1973,66.57,Suriname,South America
sur,1974,66.37,Suriname,South America
sur,1975,66.21,Suriname,South America
sur,1976,66.3,Suriname,South America
sur,1977,66.49,Suriname,South America
sur,1978,66.46,Suriname,South America
sur,1979,66.62,Suriname,South America
sur,1980,66.77,Suriname,South America
sur,1981,67.49,Suriname,South America
sur,1982,67.93,Suriname,South America
sur,1983,68.3,Suriname,South America
sur,1984,68.59,Suriname,South America
sur,1985,69.07,Suriname,South America
sur,1986,69.36,Suriname,South America
sur,1987,69.81,Suriname,South America
sur,1988,69.72,Suriname,South America
sur,1989,68.16,Suriname,South America
sur,1990,68.94,Suriname,South America
sur,1991,68.72,Suriname,South America
sur,1992,68.52,Suriname,South America
sur,1993,67.81,Suriname,South America
sur,1994,68.8,Suriname,South America
sur,1995,70.91,Suriname,South America
sur,1996,71.43,Suriname,South America
sur,1997,71.5,Suriname,South America
sur,1998,70.85,Suriname,South America
sur,1999,70.23,Suriname,South America
sur,2000,69.8,Suriname,South America
sur,2001,69.58,Suriname,South America
sur,2002,69.53,Suriname,South America
sur,2003,69.76,Suriname,South America
sur,2004,70.07,Suriname,South America
sur,2005,70.64,Suriname,South America
sur,2006,71.17,Suriname,South America
sur,2007,71.56,Suriname,South America
sur,2008,71.68,Suriname,South America
sur,2009,72.06,Suriname,South America
sur,2010,72.29,Suriname,South America
sur,2011,72.79,Suriname,South America
sur,2012,73.13,Suriname,South America
sur,2013,72.95,Suriname,South America
sur,2014,72.68,Suriname,South America
sur,2015,72.45,Suriname,South America
sur,2016,72.44,Suriname,South America
sur,2017,72.5,Suriname,South America
sur,2018,72.58,Suriname,South America
sur,2019,72.71,Suriname,South America
sur,2020,72.4,Suriname,South America
sur,2021,72.96,Suriname,South America
sur,2022,73.09,Suriname,South America
sur,2023,73.22,Suriname,South America
sur,2024,73.35,Suriname,South America
sur,2025,73.49,Suriname,South America
sur,2026,73.62,Suriname,South America
sur,2027,73.75,Suriname,South America
sur,2028,73.88,Suriname,South America
sur,2029,74.01,Suriname,South America
sur,2030,74.14,Suriname,South America
sur,2031,74.27,Suriname,South America
sur,2032,74.4,Suriname,South America
sur,2033,74.53,Suriname,South America
sur,2034,74.66,Suriname,South America
sur,2035,74.79,Suriname,South America
sur,2036,74.92,Suriname,South America
sur,2037,75.05,Suriname,South America
sur,2038,75.19,Suriname,South America
sur,2039,75.32,Suriname,South America
sur,2040,75.45,Suriname,South America
sur,2041,75.58,Suriname,South America
sur,2042,75.72,Suriname,South America
sur,2043,75.85,Suriname,South America
sur,2044,75.98,Suriname,South America
sur,2045,76.12,Suriname,South America
sur,2046,76.25,Suriname,South America
sur,2047,76.39,Suriname,South America
sur,2048,76.53,Suriname,South America
sur,2049,76.66,Suriname,South America
sur,2050,76.8,Suriname,South America
sur,2051,76.94,Suriname,South America
sur,2052,77.08,Suriname,South America
sur,2053,77.21,Suriname,South America
sur,2054,77.35,Suriname,South America
sur,2055,77.48,Suriname,South America
sur,2056,77.61,Suriname,South America
sur,2057,77.75,Suriname,South America
sur,2058,77.89,Suriname,South America
sur,2059,78.03,Suriname,South America
sur,2060,78.17,Suriname,South America
sur,2061,78.31,Suriname,South America
sur,2062,78.45,Suriname,South America
sur,2063,78.59,Suriname,South America
sur,2064,78.73,Suriname,South America
sur,2065,78.87,Suriname,South America
sur,2066,79.01,Suriname,South America
sur,2067,79.14,Suriname,South America
sur,2068,79.28,Suriname,South America
sur,2069,79.42,Suriname,South America
sur,2070,79.57,Suriname,South America
sur,2071,79.71,Suriname,South America
sur,2072,79.85,Suriname,South America
sur,2073,79.99,Suriname,South America
sur,2074,80.13,Suriname,South America
sur,2075,80.27,Suriname,South America
sur,2076,80.42,Suriname,South America
sur,2077,80.56,Suriname,South America
sur,2078,80.7,Suriname,South America
sur,2079,80.84,Suriname,South America
sur,2080,80.98,Suriname,South America
sur,2081,81.13,Suriname,South America
sur,2082,81.27,Suriname,South America
sur,2083,81.41,Suriname,South America
sur,2084,81.56,Suriname,South America
sur,2085,81.7,Suriname,South America
sur,2086,81.84,Suriname,South America
sur,2087,81.98,Suriname,South America
sur,2088,82.13,Suriname,South America
sur,2089,82.27,Suriname,South America
sur,2090,82.42,Suriname,South America
sur,2091,82.56,Suriname,South America
sur,2092,82.7,Suriname,South America
sur,2093,82.85,Suriname,South America
sur,2094,82.99,Suriname,South America
sur,2095,83.13,Suriname,South America
sur,2096,83.27,Suriname,South America
sur,2097,83.41,Suriname,South America
sur,2098,83.55,Suriname,South America
sur,2099,83.68,Suriname,South America
sur,2100,83.82,Suriname,South America
swz,1800,32.3,Swaziland,Africa
swz,1801,32.3,Swaziland,Africa
swz,1802,32.3,Swaziland,Africa
swz,1803,32.3,Swaziland,Africa
swz,1804,32.3,Swaziland,Africa
swz,1805,32.3,Swaziland,Africa
swz,1806,32.3,Swaziland,Africa
swz,1807,32.3,Swaziland,Africa
swz,1808,32.3,Swaziland,Africa
swz,1809,32.3,Swaziland,Africa
swz,1810,32.3,Swaziland,Africa
swz,1811,32.3,Swaziland,Africa
swz,1812,32.3,Swaziland,Africa
swz,1813,32.3,Swaziland,Africa
swz,1814,32.3,Swaziland,Africa
swz,1815,32.3,Swaziland,Africa
swz,1816,32.3,Swaziland,Africa
swz,1817,32.3,Swaziland,Africa
swz,1818,32.3,Swaziland,Africa
swz,1819,32.3,Swaziland,Africa
swz,1820,32.3,Swaziland,Africa
swz,1821,32.3,Swaziland,Africa
swz,1822,32.3,Swaziland,Africa
swz,1823,32.3,Swaziland,Africa
swz,1824,32.3,Swaziland,Africa
swz,1825,32.3,Swaziland,Africa
swz,1826,32.3,Swaziland,Africa
swz,1827,32.3,Swaziland,Africa
swz,1828,32.3,Swaziland,Africa
swz,1829,32.3,Swaziland,Africa
swz,1830,32.3,Swaziland,Africa
swz,1831,32.3,Swaziland,Africa
swz,1832,32.3,Swaziland,Africa
swz,1833,32.3,Swaziland,Africa
swz,1834,32.3,Swaziland,Africa
swz,1835,32.3,Swaziland,Africa
swz,1836,32.3,Swaziland,Africa
swz,1837,32.3,Swaziland,Africa
swz,1838,32.3,Swaziland,Africa
swz,1839,32.3,Swaziland,Africa
swz,1840,32.3,Swaziland,Africa
swz,1841,32.3,Swaziland,Africa
swz,1842,32.3,Swaziland,Africa
swz,1843,32.3,Swaziland,Africa
swz,1844,32.3,Swaziland,Africa
swz,1845,32.3,Swaziland,Africa
swz,1846,32.3,Swaziland,Africa
swz,1847,32.3,Swaziland,Africa
swz,1848,32.3,Swaziland,Africa
swz,1849,32.3,Swaziland,Africa
swz,1850,32.3,Swaziland,Africa
swz,1851,32.3,Swaziland,Africa
swz,1852,32.3,Swaziland,Africa
swz,1853,32.3,Swaziland,Africa
swz,1854,32.3,Swaziland,Africa
swz,1855,32.3,Swaziland,Africa
swz,1856,32.3,Swaziland,Africa
swz,1857,32.3,Swaziland,Africa
swz,1858,32.3,Swaziland,Africa
swz,1859,32.3,Swaziland,Africa
swz,1860,32.3,Swaziland,Africa
swz,1861,32.3,Swaziland,Africa
swz,1862,32.3,Swaziland,Africa
swz,1863,32.3,Swaziland,Africa
swz,1864,32.3,Swaziland,Africa
swz,1865,32.3,Swaziland,Africa
swz,1866,32.3,Swaziland,Africa
swz,1867,32.3,Swaziland,Africa
swz,1868,32.3,Swaziland,Africa
swz,1869,32.3,Swaziland,Africa
swz,1870,32.3,Swaziland,Africa
swz,1871,32.33,Swaziland,Africa
swz,1872,32.36,Swaziland,Africa
swz,1873,32.38,Swaziland,Africa
swz,1874,32.41,Swaziland,Africa
swz,1875,32.44,Swaziland,Africa
swz,1876,32.47,Swaziland,Africa
swz,1877,32.5,Swaziland,Africa
swz,1878,32.53,Swaziland,Africa
swz,1879,32.55,Swaziland,Africa
swz,1880,32.58,Swaziland,Africa
swz,1881,32.61,Swaziland,Africa
swz,1882,32.64,Swaziland,Africa
swz,1883,32.67,Swaziland,Africa
swz,1884,32.7,Swaziland,Africa
swz,1885,32.72,Swaziland,Africa
swz,1886,32.75,Swaziland,Africa
swz,1887,32.78,Swaziland,Africa
swz,1888,32.81,Swaziland,Africa
swz,1889,32.84,Swaziland,Africa
swz,1890,32.86,Swaziland,Africa
swz,1891,32.89,Swaziland,Africa
swz,1892,32.92,Swaziland,Africa
swz,1893,32.95,Swaziland,Africa
swz,1894,32.98,Swaziland,Africa
swz,1895,33.01,Swaziland,Africa
swz,1896,33.03,Swaziland,Africa
swz,1897,33.06,Swaziland,Africa
swz,1898,33.09,Swaziland,Africa
swz,1899,33.12,Swaziland,Africa
swz,1900,33.15,Swaziland,Africa
swz,1901,33.18,Swaziland,Africa
swz,1902,33.2,Swaziland,Africa
swz,1903,33.23,Swaziland,Africa
swz,1904,33.26,Swaziland,Africa
swz,1905,33.29,Swaziland,Africa
swz,1906,33.32,Swaziland,Africa
swz,1907,33.35,Swaziland,Africa
swz,1908,33.37,Swaziland,Africa
swz,1909,33.4,Swaziland,Africa
swz,1910,33.43,Swaziland,Africa
swz,1911,33.46,Swaziland,Africa
swz,1912,33.49,Swaziland,Africa
swz,1913,33.51,Swaziland,Africa
swz,1914,33.54,Swaziland,Africa
swz,1915,33.57,Swaziland,Africa
swz,1916,33.6,Swaziland,Africa
swz,1917,33.63,Swaziland,Africa
swz,1918,13.02,Swaziland,Africa
swz,1919,33.68,Swaziland,Africa
swz,1920,33.71,Swaziland,Africa
swz,1921,33.74,Swaziland,Africa
swz,1922,33.77,Swaziland,Africa
swz,1923,33.8,Swaziland,Africa
swz,1924,33.83,Swaziland,Africa
swz,1925,33.85,Swaziland,Africa
swz,1926,33.88,Swaziland,Africa
swz,1927,33.91,Swaziland,Africa
swz,1928,33.94,Swaziland,Africa
swz,1929,33.97,Swaziland,Africa
swz,1930,33.99,Swaziland,Africa
swz,1931,34.02,Swaziland,Africa
swz,1932,34.05,Swaziland,Africa
swz,1933,34.08,Swaziland,Africa
swz,1934,34.11,Swaziland,Africa
swz,1935,34.14,Swaziland,Africa
swz,1936,34.16,Swaziland,Africa
swz,1937,34.19,Swaziland,Africa
swz,1938,34.22,Swaziland,Africa
swz,1939,34.25,Swaziland,Africa
swz,1940,34.28,Swaziland,Africa
swz,1941,34.31,Swaziland,Africa
swz,1942,34.33,Swaziland,Africa
swz,1943,34.36,Swaziland,Africa
swz,1944,34.39,Swaziland,Africa
swz,1945,34.42,Swaziland,Africa
swz,1946,36.2,Swaziland,Africa
swz,1947,37.97,Swaziland,Africa
swz,1948,39.76,Swaziland,Africa
swz,1949,41.54,Swaziland,Africa
swz,1950,43.33,Swaziland,Africa
swz,1951,43.6,Swaziland,Africa
swz,1952,43.85,Swaziland,Africa
swz,1953,44.11,Swaziland,Africa
swz,1954,44.3,Swaziland,Africa
swz,1955,44.5,Swaziland,Africa
swz,1956,44.71,Swaziland,Africa
swz,1957,44.9,Swaziland,Africa
swz,1958,45.1,Swaziland,Africa
swz,1959,45.32,Swaziland,Africa
swz,1960,45.64,Swaziland,Africa
swz,1961,46.05,Swaziland,Africa
swz,1962,46.64,Swaziland,Africa
swz,1963,47.18,Swaziland,Africa
swz,1964,47.83,Swaziland,Africa
swz,1965,48.54,Swaziland,Africa
swz,1966,49.19,Swaziland,Africa
swz,1967,49.83,Swaziland,Africa
swz,1968,50.33,Swaziland,Africa
swz,1969,50.8,Swaziland,Africa
swz,1970,51.47,Swaziland,Africa
swz,1971,52.04,Swaziland,Africa
swz,1972,52.65,Swaziland,Africa
swz,1973,53.18,Swaziland,Africa
swz,1974,53.73,Swaziland,Africa
swz,1975,54.46,Swaziland,Africa
swz,1976,55.16,Swaziland,Africa
swz,1977,55.77,Swaziland,Africa
swz,1978,56.3,Swaziland,Africa
swz,1979,56.82,Swaziland,Africa
swz,1980,57.26,Swaziland,Africa
swz,1981,57.71,Swaziland,Africa
swz,1982,58.22,Swaziland,Africa
swz,1983,57.6,Swaziland,Africa
swz,1984,59.04,Swaziland,Africa
swz,1985,59.62,Swaziland,Africa
swz,1986,60.04,Swaziland,Africa
swz,1987,60.52,Swaziland,Africa
swz,1988,60.98,Swaziland,Africa
swz,1989,61.41,Swaziland,Africa
swz,1990,61.75,Swaziland,Africa
swz,1991,61.9,Swaziland,Africa
swz,1992,61.93,Swaziland,Africa
swz,1993,61.78,Swaziland,Africa
swz,1994,60.87,Swaziland,Africa
swz,1995,59.32,Swaziland,Africa
swz,1996,57.19,Swaziland,Africa
swz,1997,55.39,Swaziland,Africa
swz,1998,52.98,Swaziland,Africa
swz,1999,50.7,Swaziland,Africa
swz,2000,48.32,Swaziland,Africa
swz,2001,46.32,Swaziland,Africa
swz,2002,45.02,Swaziland,Africa
swz,2003,43.89,Swaziland,Africa
swz,2004,43.14,Swaziland,Africa
swz,2005,43.29,Swaziland,Africa
swz,2006,44.13,Swaziland,Africa
swz,2007,44.85,Swaziland,Africa
swz,2008,45.53,Swaziland,Africa
swz,2009,46.35,Swaziland,Africa
swz,2010,47.98,Swaziland,Africa
swz,2011,49.78,Swaziland,Africa
swz,2012,50.88,Swaziland,Africa
swz,2013,52.13,Swaziland,Africa
swz,2014,53.53,Swaziland,Africa
swz,2015,54.88,Swaziland,Africa
swz,2016,56.06,Swaziland,Africa
swz,2017,57.03,Swaziland,Africa
swz,2018,57.8,Swaziland,Africa
swz,2019,58.26,Swaziland,Africa
swz,2020,57.98,Swaziland,Africa
swz,2021,59.08,Swaziland,Africa
swz,2022,59.28,Swaziland,Africa
swz,2023,59.46,Swaziland,Africa
swz,2024,59.65,Swaziland,Africa
swz,2025,59.89,Swaziland,Africa
swz,2026,60.16,Swaziland,Africa
swz,2027,60.45,Swaziland,Africa
swz,2028,60.73,Swaziland,Africa
swz,2029,61.01,Swaziland,Africa
swz,2030,61.27,Swaziland,Africa
swz,2031,61.53,Swaziland,Africa
swz,2032,61.79,Swaziland,Africa
swz,2033,62.03,Swaziland,Africa
swz,2034,62.28,Swaziland,Africa
swz,2035,62.51,Swaziland,Africa
swz,2036,62.74,Swaziland,Africa
swz,2037,62.97,Swaziland,Africa
swz,2038,63.19,Swaziland,Africa
swz,2039,63.4,Swaziland,Africa
swz,2040,63.61,Swaziland,Africa
swz,2041,63.82,Swaziland,Africa
swz,2042,64.02,Swaziland,Africa
swz,2043,64.21,Swaziland,Africa
swz,2044,64.4,Swaziland,Africa
swz,2045,64.59,Swaziland,Africa
swz,2046,64.78,Swaziland,Africa
swz,2047,64.95,Swaziland,Africa
swz,2048,65.13,Swaziland,Africa
swz,2049,65.3,Swaziland,Africa
swz,2050,65.47,Swaziland,Africa
swz,2051,65.63,Swaziland,Africa
swz,2052,65.79,Swaziland,Africa
swz,2053,65.95,Swaziland,Africa
swz,2054,66.1,Swaziland,Africa
swz,2055,66.25,Swaziland,Africa
swz,2056,66.4,Swaziland,Africa
swz,2057,66.54,Swaziland,Africa
swz,2058,66.68,Swaziland,Africa
swz,2059,66.82,Swaziland,Africa
swz,2060,66.95,Swaziland,Africa
swz,2061,67.08,Swaziland,Africa
swz,2062,67.21,Swaziland,Africa
swz,2063,67.34,Swaziland,Africa
swz,2064,67.47,Swaziland,Africa
swz,2065,67.59,Swaziland,Africa
swz,2066,67.72,Swaziland,Africa
swz,2067,67.84,Swaziland,Africa
swz,2068,67.96,Swaziland,Africa
swz,2069,68.08,Swaziland,Africa
swz,2070,68.21,Swaziland,Africa
swz,2071,68.33,Swaziland,Africa
swz,2072,68.45,Swaziland,Africa
swz,2073,68.57,Swaziland,Africa
swz,2074,68.69,Swaziland,Africa
swz,2075,68.81,Swaziland,Africa
swz,2076,68.93,Swaziland,Africa
swz,2077,69.05,Swaziland,Africa
swz,2078,69.17,Swaziland,Africa
swz,2079,69.3,Swaziland,Africa
swz,2080,69.42,Swaziland,Africa
swz,2081,69.54,Swaziland,Africa
swz,2082,69.66,Swaziland,Africa
swz,2083,69.79,Swaziland,Africa
swz,2084,69.91,Swaziland,Africa
swz,2085,70.03,Swaziland,Africa
swz,2086,70.15,Swaziland,Africa
swz,2087,70.28,Swaziland,Africa
swz,2088,70.4,Swaziland,Africa
swz,2089,70.52,Swaziland,Africa
swz,2090,70.64,Swaziland,Africa
swz,2091,70.76,Swaziland,Africa
swz,2092,70.88,Swaziland,Africa
swz,2093,70.99,Swaziland,Africa
swz,2094,71.11,Swaziland,Africa
swz,2095,71.23,Swaziland,Africa
swz,2096,71.35,Swaziland,Africa
swz,2097,71.47,Swaziland,Africa
swz,2098,71.59,Swaziland,Africa
swz,2099,71.71,Swaziland,Africa
swz,2100,71.83,Swaziland,Africa
swe,1800,32.16,Sweden,Europe
swe,1801,36.9,Sweden,Europe
swe,1802,40.2,Sweden,Europe
swe,1803,40.28,Sweden,Europe
swe,1804,39.7,Sweden,Europe
swe,1805,41.05,Sweden,Europe
swe,1806,36.17,Sweden,Europe
swe,1807,38.76,Sweden,Europe
swe,1808,30.15,Sweden,Europe
swe,1809,26.9,Sweden,Europe
swe,1810,31.99,Sweden,Europe
swe,1811,34.58,Sweden,Europe
swe,1812,35.07,Sweden,Europe
swe,1813,36.49,Sweden,Europe
swe,1814,38.57,Sweden,Europe
swe,1815,40.42,Sweden,Europe
swe,1816,41.74,Sweden,Europe
swe,1817,40.29,Sweden,Europe
swe,1818,40.02,Sweden,Europe
swe,1819,36.97,Sweden,Europe
swe,1820,40.23,Sweden,Europe
swe,1821,38.14,Sweden,Europe
swe,1822,42.76,Sweden,Europe
swe,1823,45.19,Sweden,Europe
swe,1824,44.97,Sweden,Europe
swe,1825,45.24,Sweden,Europe
swe,1826,43.08,Sweden,Europe
swe,1827,42.64,Sweden,Europe
swe,1828,37.74,Sweden,Europe
swe,1829,36.18,Sweden,Europe
swe,1830,40.97,Sweden,Europe
swe,1831,38.98,Sweden,Europe
swe,1832,40.84,Sweden,Europe
swe,1833,42.5,Sweden,Europe
swe,1834,38.53,Sweden,Europe
swe,1835,47.14,Sweden,Europe
swe,1836,45.13,Sweden,Europe
swe,1837,39.57,Sweden,Europe
swe,1838,39.98,Sweden,Europe
swe,1839,39.88,Sweden,Europe
swe,1840,43.98,Sweden,Europe
swe,1841,45.17,Sweden,Europe
swe,1842,42.8,Sweden,Europe
swe,1843,42.82,Sweden,Europe
swe,1844,44.03,Sweden,Europe
swe,1845,45.99,Sweden,Europe
swe,1846,42.04,Sweden,Europe
swe,1847,40.12,Sweden,Europe
swe,1848,45.13,Sweden,Europe
swe,1849,44.5,Sweden,Europe
swe,1850,44.69,Sweden,Europe
swe,1851,43.62,Sweden,Europe
swe,1852,41.35,Sweden,Europe
swe,1853,39.99,Sweden,Europe
swe,1854,44.55,Sweden,Europe
swe,1855,43.08,Sweden,Europe
swe,1856,42.14,Sweden,Europe
swe,1857,34.64,Sweden,Europe
swe,1858,42,Sweden,Europe
swe,1859,44.27,Sweden,Europe
swe,1860,48.47,Sweden,Europe
swe,1861,47.12,Sweden,Europe
swe,1862,42.55,Sweden,Europe
swe,1863,45.38,Sweden,Europe
swe,1864,44.77,Sweden,Europe
swe,1865,45.4,Sweden,Europe
swe,1866,44.73,Sweden,Europe
swe,1867,46.18,Sweden,Europe
swe,1868,43.23,Sweden,Europe
swe,1869,40.96,Sweden,Europe
swe,1870,45.01,Sweden,Europe
swe,1871,48.98,Sweden,Europe
swe,1872,50.08,Sweden,Europe
swe,1873,48.69,Sweden,Europe
swe,1874,44.29,Sweden,Europe
swe,1875,44.62,Sweden,Europe
swe,1876,44.83,Sweden,Europe
swe,1877,46.06,Sweden,Europe
swe,1878,46.74,Sweden,Europe
swe,1879,48.94,Sweden,Europe
swe,1880,47.64,Sweden,Europe
swe,1881,48.52,Sweden,Europe
swe,1882,48.61,Sweden,Europe
swe,1883,49.07,Sweden,Europe
swe,1884,49.2,Sweden,Europe
swe,1885,48.97,Sweden,Europe
swe,1886,50.63,Sweden,Europe
swe,1887,51.49,Sweden,Europe
swe,1888,52.39,Sweden,Europe
swe,1889,52.34,Sweden,Europe
swe,1890,50.52,Sweden,Europe
swe,1891,51.13,Sweden,Europe
swe,1892,50.65,Sweden,Europe
swe,1893,51.41,Sweden,Europe
swe,1894,52.15,Sweden,Europe
swe,1895,54.21,Sweden,Europe
swe,1896,53.54,Sweden,Europe
swe,1897,54.2,Sweden,Europe
swe,1898,54.75,Sweden,Europe
swe,1899,51.01,Sweden,Europe
swe,1900,52.33,Sweden,Europe
swe,1901,52.98,Sweden,Europe
swe,1902,54.83,Sweden,Europe
swe,1903,55.16,Sweden,Europe
swe,1904,55.47,Sweden,Europe
swe,1905,54.62,Sweden,Europe
swe,1906,56.78,Sweden,Europe
swe,1907,57.06,Sweden,Europe
swe,1908,56.5,Sweden,Europe
swe,1909,58.51,Sweden,Europe
swe,1910,57.89,Sweden,Europe
swe,1911,58.12,Sweden,Europe
swe,1912,57.88,Sweden,Europe
swe,1913,58.78,Sweden,Europe
swe,1914,58.36,Sweden,Europe
swe,1915,57.3,Sweden,Europe
swe,1916,58.32,Sweden,Europe
swe,1917,59.01,Sweden,Europe
swe,1918,49.9,Sweden,Europe
swe,1919,56.68,Sweden,Europe
swe,1920,58.92,Sweden,Europe
swe,1921,61.15,Sweden,Europe
swe,1922,61.17,Sweden,Europe
swe,1923,63.13,Sweden,Europe
swe,1924,62.13,Sweden,Europe
swe,1925,62.69,Sweden,Europe
swe,1926,62.93,Sweden,Europe
swe,1927,61.73,Sweden,Europe
swe,1928,62.41,Sweden,Europe
swe,1929,62.46,Sweden,Europe
swe,1930,63.34,Sweden,Europe
swe,1931,62.84,Sweden,Europe
swe,1932,64.1,Sweden,Europe
swe,1933,64.99,Sweden,Europe
swe,1934,65.14,Sweden,Europe
swe,1935,65.02,Sweden,Europe
swe,1936,64.77,Sweden,Europe
swe,1937,64.8,Sweden,Europe
swe,1938,65.74,Sweden,Europe
swe,1939,66.58,Sweden,Europe
swe,1940,66.92,Sweden,Europe
swe,1941,67.21,Sweden,Europe
swe,1942,69.16,Sweden,Europe
swe,1943,68.91,Sweden,Europe
swe,1944,67.93,Sweden,Europe
swe,1945,68.54,Sweden,Europe
swe,1946,69.71,Sweden,Europe
swe,1947,69.68,Sweden,Europe
swe,1948,70.94,Sweden,Europe
swe,1949,71.02,Sweden,Europe
swe,1950,71.36,Sweden,Europe
swe,1951,71.6,Sweden,Europe
swe,1952,71.99,Sweden,Europe
swe,1953,72.18,Sweden,Europe
swe,1954,72.54,Sweden,Europe
swe,1955,72.76,Sweden,Europe
swe,1956,72.87,Sweden,Europe
swe,1957,72.88,Sweden,Europe
swe,1958,73.28,Sweden,Europe
swe,1959,73.45,Sweden,Europe
swe,1960,73.41,Sweden,Europe
swe,1961,73.64,Sweden,Europe
swe,1962,73.71,Sweden,Europe
swe,1963,73.87,Sweden,Europe
swe,1964,74.02,Sweden,Europe
swe,1965,74.19,Sweden,Europe
swe,1966,74.34,Sweden,Europe
swe,1967,74.36,Sweden,Europe
swe,1968,74.37,Sweden,Europe
swe,1969,74.53,Sweden,Europe
swe,1970,74.83,Sweden,Europe
swe,1971,74.89,Sweden,Europe
swe,1972,74.96,Sweden,Europe
swe,1973,75.11,Sweden,Europe
swe,1974,75.19,Sweden,Europe
swe,1975,75.26,Sweden,Europe
swe,1976,75.38,Sweden,Europe
swe,1977,75.58,Sweden,Europe
swe,1978,75.75,Sweden,Europe
swe,1979,75.82,Sweden,Europe
swe,1980,76.07,Sweden,Europe
swe,1981,76.36,Sweden,Europe
swe,1982,76.62,Sweden,Europe
swe,1983,76.89,Sweden,Europe
swe,1984,77.08,Sweden,Europe
swe,1985,77.09,Sweden,Europe
swe,1986,77.28,Sweden,Europe
swe,1987,77.35,Sweden,Europe
swe,1988,77.44,Sweden,Europe
swe,1989,77.8,Sweden,Europe
swe,1990,77.95,Sweden,Europe
swe,1991,78.07,Sweden,Europe
swe,1992,78.35,Sweden,Europe
swe,1993,78.54,Sweden,Europe
swe,1994,78.84,Sweden,Europe
swe,1995,79.12,Sweden,Europe
swe,1996,79.31,Sweden,Europe
swe,1997,79.52,Sweden,Europe
swe,1998,79.64,Sweden,Europe
swe,1999,79.79,Sweden,Europe
swe,2000,80,Sweden,Europe
swe,2001,80.15,Sweden,Europe
swe,2002,80.31,Sweden,Europe
swe,2003,80.52,Sweden,Europe
swe,2004,80.67,Sweden,Europe
swe,2005,80.98,Sweden,Europe
swe,2006,81.13,Sweden,Europe
swe,2007,81.31,Sweden,Europe
swe,2008,81.52,Sweden,Europe
swe,2009,81.67,Sweden,Europe
swe,2010,81.86,Sweden,Europe
swe,2011,81.99,Sweden,Europe
swe,2012,82.11,Sweden,Europe
swe,2013,82.26,Sweden,Europe
swe,2014,82.46,Sweden,Europe
swe,2015,82.55,Sweden,Europe
swe,2016,82.62,Sweden,Europe
swe,2017,82.68,Sweden,Europe
swe,2018,82.73,Sweden,Europe
swe,2019,82.83,Sweden,Europe
swe,2020,82.03,Sweden,Europe
swe,2021,83.13,Sweden,Europe
swe,2022,83.28,Sweden,Europe
swe,2023,83.44,Sweden,Europe
swe,2024,83.59,Sweden,Europe
swe,2025,83.73,Sweden,Europe
swe,2026,83.88,Sweden,Europe
swe,2027,84.01,Sweden,Europe
swe,2028,84.15,Sweden,Europe
swe,2029,84.28,Sweden,Europe
swe,2030,84.41,Sweden,Europe
swe,2031,84.54,Sweden,Europe
swe,2032,84.66,Sweden,Europe
swe,2033,84.78,Sweden,Europe
swe,2034,84.9,Sweden,Europe
swe,2035,85.02,Sweden,Europe
swe,2036,85.14,Sweden,Europe
swe,2037,85.25,Sweden,Europe
swe,2038,85.37,Sweden,Europe
swe,2039,85.48,Sweden,Europe
swe,2040,85.6,Sweden,Europe
swe,2041,85.71,Sweden,Europe
swe,2042,85.82,Sweden,Europe
swe,2043,85.94,Sweden,Europe
swe,2044,86.05,Sweden,Europe
swe,2045,86.16,Sweden,Europe
swe,2046,86.27,Sweden,Europe
swe,2047,86.39,Sweden,Europe
swe,2048,86.5,Sweden,Europe
swe,2049,86.61,Sweden,Europe
swe,2050,86.72,Sweden,Europe
swe,2051,86.83,Sweden,Europe
swe,2052,86.94,Sweden,Europe
swe,2053,87.05,Sweden,Europe
swe,2054,87.16,Sweden,Europe
swe,2055,87.27,Sweden,Europe
swe,2056,87.38,Sweden,Europe
swe,2057,87.49,Sweden,Europe
swe,2058,87.6,Sweden,Europe
swe,2059,87.71,Sweden,Europe
swe,2060,87.82,Sweden,Europe
swe,2061,87.93,Sweden,Europe
swe,2062,88.04,Sweden,Europe
swe,2063,88.15,Sweden,Europe
swe,2064,88.26,Sweden,Europe
swe,2065,88.37,Sweden,Europe
swe,2066,88.48,Sweden,Europe
swe,2067,88.59,Sweden,Europe
swe,2068,88.7,Sweden,Europe
swe,2069,88.81,Sweden,Europe
swe,2070,88.92,Sweden,Europe
swe,2071,89.03,Sweden,Europe
swe,2072,89.14,Sweden,Europe
swe,2073,89.24,Sweden,Europe
swe,2074,89.35,Sweden,Europe
swe,2075,89.46,Sweden,Europe
swe,2076,89.57,Sweden,Europe
swe,2077,89.67,Sweden,Europe
swe,2078,89.78,Sweden,Europe
swe,2079,89.89,Sweden,Europe
swe,2080,89.99,Sweden,Europe
swe,2081,90.1,Sweden,Europe
swe,2082,90.21,Sweden,Europe
swe,2083,90.32,Sweden,Europe
swe,2084,90.43,Sweden,Europe
swe,2085,90.54,Sweden,Europe
swe,2086,90.65,Sweden,Europe
swe,2087,90.75,Sweden,Europe
swe,2088,90.86,Sweden,Europe
swe,2089,90.97,Sweden,Europe
swe,2090,91.08,Sweden,Europe
swe,2091,91.19,Sweden,Europe
swe,2092,91.29,Sweden,Europe
swe,2093,91.4,Sweden,Europe
swe,2094,91.51,Sweden,Europe
swe,2095,91.61,Sweden,Europe
swe,2096,91.72,Sweden,Europe
swe,2097,91.82,Sweden,Europe
swe,2098,91.93,Sweden,Europe
swe,2099,92.04,Sweden,Europe
swe,2100,92.14,Sweden,Europe
che,1800,38,Switzerland,Europe
che,1801,38,Switzerland,Europe
che,1802,38,Switzerland,Europe
che,1803,38,Switzerland,Europe
che,1804,38,Switzerland,Europe
che,1805,38,Switzerland,Europe
che,1806,38,Switzerland,Europe
che,1807,38,Switzerland,Europe
che,1808,38,Switzerland,Europe
che,1809,38,Switzerland,Europe
che,1810,38,Switzerland,Europe
che,1811,38,Switzerland,Europe
che,1812,38,Switzerland,Europe
che,1813,38,Switzerland,Europe
che,1814,38,Switzerland,Europe
che,1815,38,Switzerland,Europe
che,1816,38,Switzerland,Europe
che,1817,38,Switzerland,Europe
che,1818,38,Switzerland,Europe
che,1819,38,Switzerland,Europe
che,1820,38,Switzerland,Europe
che,1821,38,Switzerland,Europe
che,1822,38,Switzerland,Europe
che,1823,38,Switzerland,Europe
che,1824,38,Switzerland,Europe
che,1825,38,Switzerland,Europe
che,1826,38,Switzerland,Europe
che,1827,38,Switzerland,Europe
che,1828,38,Switzerland,Europe
che,1829,38,Switzerland,Europe
che,1830,38,Switzerland,Europe
che,1831,38,Switzerland,Europe
che,1832,38,Switzerland,Europe
che,1833,38,Switzerland,Europe
che,1834,38,Switzerland,Europe
che,1835,38,Switzerland,Europe
che,1836,38,Switzerland,Europe
che,1837,38,Switzerland,Europe
che,1838,38,Switzerland,Europe
che,1839,38,Switzerland,Europe
che,1840,38,Switzerland,Europe
che,1841,38,Switzerland,Europe
che,1842,38,Switzerland,Europe
che,1843,38,Switzerland,Europe
che,1844,38,Switzerland,Europe
che,1845,38,Switzerland,Europe
che,1846,38,Switzerland,Europe
che,1847,38,Switzerland,Europe
che,1848,38,Switzerland,Europe
che,1849,38,Switzerland,Europe
che,1850,38,Switzerland,Europe
che,1851,38,Switzerland,Europe
che,1852,38,Switzerland,Europe
che,1853,38,Switzerland,Europe
che,1854,38,Switzerland,Europe
che,1855,38,Switzerland,Europe
che,1856,38,Switzerland,Europe
che,1857,38,Switzerland,Europe
che,1858,38,Switzerland,Europe
che,1859,38,Switzerland,Europe
che,1860,38,Switzerland,Europe
che,1861,38,Switzerland,Europe
che,1862,38,Switzerland,Europe
che,1863,38,Switzerland,Europe
che,1864,38,Switzerland,Europe
che,1865,38,Switzerland,Europe
che,1866,38,Switzerland,Europe
che,1867,38,Switzerland,Europe
che,1868,38,Switzerland,Europe
che,1869,38,Switzerland,Europe
che,1870,38,Switzerland,Europe
che,1871,38,Switzerland,Europe
che,1872,38,Switzerland,Europe
che,1873,38,Switzerland,Europe
che,1874,38,Switzerland,Europe
che,1875,38,Switzerland,Europe
che,1876,40.1,Switzerland,Europe
che,1877,40.01,Switzerland,Europe
che,1878,40.47,Switzerland,Europe
che,1879,41.82,Switzerland,Europe
che,1880,42.42,Switzerland,Europe
che,1881,41.88,Switzerland,Europe
che,1882,42.99,Switzerland,Europe
che,1883,44.95,Switzerland,Europe
che,1884,45.01,Switzerland,Europe
che,1885,43.84,Switzerland,Europe
che,1886,44.69,Switzerland,Europe
che,1887,45.45,Switzerland,Europe
che,1888,45.98,Switzerland,Europe
che,1889,45.15,Switzerland,Europe
che,1890,44.96,Switzerland,Europe
che,1891,44.72,Switzerland,Europe
che,1892,47.25,Switzerland,Europe
che,1893,46.09,Switzerland,Europe
che,1894,45.81,Switzerland,Europe
che,1895,46.86,Switzerland,Europe
che,1896,48.9,Switzerland,Europe
che,1897,49.12,Switzerland,Europe
che,1898,48.22,Switzerland,Europe
che,1899,49.31,Switzerland,Europe
che,1900,47.5,Switzerland,Europe
che,1901,48.96,Switzerland,Europe
che,1902,50.43,Switzerland,Europe
che,1903,50.05,Switzerland,Europe
che,1904,49.18,Switzerland,Europe
che,1905,49.7,Switzerland,Europe
che,1906,50.75,Switzerland,Europe
che,1907,51.22,Switzerland,Europe
che,1908,52.29,Switzerland,Europe
che,1909,51.64,Switzerland,Europe
che,1910,52.94,Switzerland,Europe
che,1911,51.75,Switzerland,Europe
che,1912,54.45,Switzerland,Europe
che,1913,54.24,Switzerland,Europe
che,1914,55.17,Switzerland,Europe
che,1915,55.99,Switzerland,Europe
che,1916,56.63,Switzerland,Europe
che,1917,55.85,Switzerland,Europe
che,1918,46.33,Switzerland,Europe
che,1919,55.01,Switzerland,Europe
che,1920,54.42,Switzerland,Europe
che,1921,57.91,Switzerland,Europe
che,1922,58.55,Switzerland,Europe
che,1923,60.09,Switzerland,Europe
che,1924,59.54,Switzerland,Europe
che,1925,60,Switzerland,Europe
che,1926,60.69,Switzerland,Europe
che,1927,60.15,Switzerland,Europe
che,1928,60.52,Switzerland,Europe
che,1929,60.22,Switzerland,Europe
che,1930,61.48,Switzerland,Europe
che,1931,61.3,Switzerland,Europe
che,1932,61.29,Switzerland,Europe
che,1933,62.47,Switzerland,Europe
che,1934,62.95,Switzerland,Europe
che,1935,62.19,Switzerland,Europe
che,1936,63.24,Switzerland,Europe
che,1937,63.57,Switzerland,Europe
che,1938,63.91,Switzerland,Europe
che,1939,64.08,Switzerland,Europe
che,1940,63.65,Switzerland,Europe
che,1941,65.05,Switzerland,Europe
che,1942,65.72,Switzerland,Europe
che,1943,65.91,Switzerland,Europe
che,1944,64.95,Switzerland,Europe
che,1945,65.49,Switzerland,Europe
che,1946,66.14,Switzerland,Europe
che,1947,66.34,Switzerland,Europe
che,1948,67.42,Switzerland,Europe
che,1949,68.05,Switzerland,Europe
che,1950,69.02,Switzerland,Europe
che,1951,69.05,Switzerland,Europe
che,1952,69.62,Switzerland,Europe
che,1953,69.79,Switzerland,Europe
che,1954,70.13,Switzerland,Europe
che,1955,70.3,Switzerland,Europe
che,1956,70.52,Switzerland,Europe
che,1957,70.84,Switzerland,Europe
che,1958,71.42,Switzerland,Europe
che,1959,71.62,Switzerland,Europe
che,1960,71.76,Switzerland,Europe
che,1961,71.86,Switzerland,Europe
che,1962,71.73,Switzerland,Europe
che,1963,71.81,Switzerland,Europe
che,1964,72.27,Switzerland,Europe
che,1965,72.51,Switzerland,Europe
che,1966,72.69,Switzerland,Europe
che,1967,72.94,Switzerland,Europe
che,1968,72.98,Switzerland,Europe
che,1969,73.11,Switzerland,Europe
che,1970,73.34,Switzerland,Europe
che,1971,73.6,Switzerland,Europe
che,1972,73.97,Switzerland,Europe
che,1973,74.33,Switzerland,Europe
che,1974,74.66,Switzerland,Europe
che,1975,74.98,Switzerland,Europe
che,1976,75.28,Switzerland,Europe
che,1977,75.54,Switzerland,Europe
che,1978,75.69,Switzerland,Europe
che,1979,75.88,Switzerland,Europe
che,1980,75.97,Switzerland,Europe
che,1981,76.18,Switzerland,Europe
che,1982,76.36,Switzerland,Europe
che,1983,76.64,Switzerland,Europe
che,1984,76.98,Switzerland,Europe
che,1985,77.22,Switzerland,Europe
che,1986,77.43,Switzerland,Europe
che,1987,77.65,Switzerland,Europe
che,1988,77.8,Switzerland,Europe
che,1989,77.89,Switzerland,Europe
che,1990,77.94,Switzerland,Europe
che,1991,78.1,Switzerland,Europe
che,1992,78.4,Switzerland,Europe
che,1993,78.74,Switzerland,Europe
che,1994,79,Switzerland,Europe
che,1995,78.91,Switzerland,Europe
che,1996,79.34,Switzerland,Europe
che,1997,79.6,Switzerland,Europe
che,1998,79.87,Switzerland,Europe
che,1999,80.12,Switzerland,Europe
che,2000,80.3,Switzerland,Europe
che,2001,80.64,Switzerland,Europe
che,2002,80.87,Switzerland,Europe
che,2003,81.08,Switzerland,Europe
che,2004,81.43,Switzerland,Europe
che,2005,81.69,Switzerland,Europe
che,2006,81.94,Switzerland,Europe
che,2007,82.17,Switzerland,Europe
che,2008,82.39,Switzerland,Europe
che,2009,82.52,Switzerland,Europe
che,2010,82.79,Switzerland,Europe
che,2011,83.03,Switzerland,Europe
che,2012,83.13,Switzerland,Europe
che,2013,83.27,Switzerland,Europe
che,2014,83.47,Switzerland,Europe
che,2015,83.58,Switzerland,Europe
che,2016,83.78,Switzerland,Europe
che,2017,83.88,Switzerland,Europe
che,2018,83.93,Switzerland,Europe
che,2019,83.98,Switzerland,Europe
che,2020,83.18,Switzerland,Europe
che,2021,84.26,Switzerland,Europe
che,2022,84.39,Switzerland,Europe
che,2023,84.52,Switzerland,Europe
che,2024,84.64,Switzerland,Europe
che,2025,84.77,Switzerland,Europe
che,2026,84.89,Switzerland,Europe
che,2027,85.01,Switzerland,Europe
che,2028,85.13,Switzerland,Europe
che,2029,85.25,Switzerland,Europe
che,2030,85.37,Switzerland,Europe
che,2031,85.49,Switzerland,Europe
che,2032,85.6,Switzerland,Europe
che,2033,85.72,Switzerland,Europe
che,2034,85.84,Switzerland,Europe
che,2035,85.96,Switzerland,Europe
che,2036,86.08,Switzerland,Europe
che,2037,86.19,Switzerland,Europe
che,2038,86.31,Switzerland,Europe
che,2039,86.42,Switzerland,Europe
che,2040,86.54,Switzerland,Europe
che,2041,86.65,Switzerland,Europe
che,2042,86.77,Switzerland,Europe
che,2043,86.88,Switzerland,Europe
che,2044,87,Switzerland,Europe
che,2045,87.11,Switzerland,Europe
che,2046,87.23,Switzerland,Europe
che,2047,87.34,Switzerland,Europe
che,2048,87.46,Switzerland,Europe
che,2049,87.57,Switzerland,Europe
che,2050,87.68,Switzerland,Europe
che,2051,87.8,Switzerland,Europe
che,2052,87.91,Switzerland,Europe
che,2053,88.03,Switzerland,Europe
che,2054,88.14,Switzerland,Europe
che,2055,88.26,Switzerland,Europe
che,2056,88.37,Switzerland,Europe
che,2057,88.49,Switzerland,Europe
che,2058,88.6,Switzerland,Europe
che,2059,88.72,Switzerland,Europe
che,2060,88.83,Switzerland,Europe
che,2061,88.94,Switzerland,Europe
che,2062,89.05,Switzerland,Europe
che,2063,89.16,Switzerland,Europe
che,2064,89.27,Switzerland,Europe
che,2065,89.39,Switzerland,Europe
che,2066,89.5,Switzerland,Europe
che,2067,89.61,Switzerland,Europe
che,2068,89.72,Switzerland,Europe
che,2069,89.83,Switzerland,Europe
che,2070,89.95,Switzerland,Europe
che,2071,90.06,Switzerland,Europe
che,2072,90.17,Switzerland,Europe
che,2073,90.28,Switzerland,Europe
che,2074,90.39,Switzerland,Europe
che,2075,90.5,Switzerland,Europe
che,2076,90.61,Switzerland,Europe
che,2077,90.72,Switzerland,Europe
che,2078,90.83,Switzerland,Europe
che,2079,90.94,Switzerland,Europe
che,2080,91.05,Switzerland,Europe
che,2081,91.16,Switzerland,Europe
che,2082,91.27,Switzerland,Europe
che,2083,91.38,Switzerland,Europe
che,2084,91.49,Switzerland,Europe
che,2085,91.61,Switzerland,Europe
che,2086,91.72,Switzerland,Europe
che,2087,91.83,Switzerland,Europe
che,2088,91.94,Switzerland,Europe
che,2089,92.05,Switzerland,Europe
che,2090,92.16,Switzerland,Europe
che,2091,92.27,Switzerland,Europe
che,2092,92.38,Switzerland,Europe
che,2093,92.49,Switzerland,Europe
che,2094,92.6,Switzerland,Europe
che,2095,92.71,Switzerland,Europe
che,2096,92.82,Switzerland,Europe
che,2097,92.93,Switzerland,Europe
che,2098,93.04,Switzerland,Europe
che,2099,93.15,Switzerland,Europe
che,2100,93.27,Switzerland,Europe
syr,1800,31.1,Syria,Asia
syr,1801,31.1,Syria,Asia
syr,1802,31.1,Syria,Asia
syr,1803,31.1,Syria,Asia
syr,1804,31.1,Syria,Asia
syr,1805,31.1,Syria,Asia
syr,1806,31.1,Syria,Asia
syr,1807,31.1,Syria,Asia
syr,1808,31.1,Syria,Asia
syr,1809,31.1,Syria,Asia
syr,1810,31.1,Syria,Asia
syr,1811,31.1,Syria,Asia
syr,1812,31.1,Syria,Asia
syr,1813,31.1,Syria,Asia
syr,1814,31.1,Syria,Asia
syr,1815,31.1,Syria,Asia
syr,1816,31.1,Syria,Asia
syr,1817,31.1,Syria,Asia
syr,1818,31.1,Syria,Asia
syr,1819,31.1,Syria,Asia
syr,1820,31.1,Syria,Asia
syr,1821,31.1,Syria,Asia
syr,1822,31.1,Syria,Asia
syr,1823,31.1,Syria,Asia
syr,1824,31.1,Syria,Asia
syr,1825,31.1,Syria,Asia
syr,1826,31.1,Syria,Asia
syr,1827,31.1,Syria,Asia
syr,1828,31.1,Syria,Asia
syr,1829,31.1,Syria,Asia
syr,1830,31.1,Syria,Asia
syr,1831,31.1,Syria,Asia
syr,1832,31.1,Syria,Asia
syr,1833,31.1,Syria,Asia
syr,1834,31.1,Syria,Asia
syr,1835,31.1,Syria,Asia
syr,1836,31.1,Syria,Asia
syr,1837,31.1,Syria,Asia
syr,1838,31.1,Syria,Asia
syr,1839,31.1,Syria,Asia
syr,1840,31.1,Syria,Asia
syr,1841,31.1,Syria,Asia
syr,1842,31.1,Syria,Asia
syr,1843,31.1,Syria,Asia
syr,1844,31.1,Syria,Asia
syr,1845,31.1,Syria,Asia
syr,1846,31.1,Syria,Asia
syr,1847,31.1,Syria,Asia
syr,1848,31.1,Syria,Asia
syr,1849,31.1,Syria,Asia
syr,1850,31.1,Syria,Asia
syr,1851,31.1,Syria,Asia
syr,1852,31.1,Syria,Asia
syr,1853,31.1,Syria,Asia
syr,1854,31.1,Syria,Asia
syr,1855,31.1,Syria,Asia
syr,1856,31.1,Syria,Asia
syr,1857,31.1,Syria,Asia
syr,1858,31.1,Syria,Asia
syr,1859,31.1,Syria,Asia
syr,1860,31.1,Syria,Asia
syr,1861,31.1,Syria,Asia
syr,1862,31.1,Syria,Asia
syr,1863,31.1,Syria,Asia
syr,1864,31.1,Syria,Asia
syr,1865,31.1,Syria,Asia
syr,1866,31.1,Syria,Asia
syr,1867,31.1,Syria,Asia
syr,1868,31.1,Syria,Asia
syr,1869,31.1,Syria,Asia
syr,1870,31.1,Syria,Asia
syr,1871,31.16,Syria,Asia
syr,1872,31.22,Syria,Asia
syr,1873,31.28,Syria,Asia
syr,1874,31.34,Syria,Asia
syr,1875,31.4,Syria,Asia
syr,1876,31.47,Syria,Asia
syr,1877,31.53,Syria,Asia
syr,1878,31.59,Syria,Asia
syr,1879,31.65,Syria,Asia
syr,1880,31.71,Syria,Asia
syr,1881,31.77,Syria,Asia
syr,1882,31.83,Syria,Asia
syr,1883,31.89,Syria,Asia
syr,1884,31.95,Syria,Asia
syr,1885,32.01,Syria,Asia
syr,1886,32.07,Syria,Asia
syr,1887,32.14,Syria,Asia
syr,1888,32.2,Syria,Asia
syr,1889,32.26,Syria,Asia
syr,1890,32.32,Syria,Asia
syr,1891,32.38,Syria,Asia
syr,1892,32.44,Syria,Asia
syr,1893,32.5,Syria,Asia
syr,1894,32.56,Syria,Asia
syr,1895,32.62,Syria,Asia
syr,1896,32.68,Syria,Asia
syr,1897,32.74,Syria,Asia
syr,1898,32.81,Syria,Asia
syr,1899,32.87,Syria,Asia
syr,1900,32.93,Syria,Asia
syr,1901,32.99,Syria,Asia
syr,1902,33.05,Syria,Asia
syr,1903,33.11,Syria,Asia
syr,1904,33.17,Syria,Asia
syr,1905,33.23,Syria,Asia
syr,1906,33.29,Syria,Asia
syr,1907,33.35,Syria,Asia
syr,1908,33.41,Syria,Asia
syr,1909,33.48,Syria,Asia
syr,1910,33.54,Syria,Asia
syr,1911,33.6,Syria,Asia
syr,1912,33.66,Syria,Asia
syr,1913,33.72,Syria,Asia
syr,1914,33.78,Syria,Asia
syr,1915,33.84,Syria,Asia
syr,1916,33.9,Syria,Asia
syr,1917,33.96,Syria,Asia
syr,1918,28.21,Syria,Asia
syr,1919,34.08,Syria,Asia
syr,1920,34.15,Syria,Asia
syr,1921,34.21,Syria,Asia
syr,1922,34.27,Syria,Asia
syr,1923,34.33,Syria,Asia
syr,1924,34.39,Syria,Asia
syr,1925,34.45,Syria,Asia
syr,1926,34.51,Syria,Asia
syr,1927,34.57,Syria,Asia
syr,1928,34.63,Syria,Asia
syr,1929,34.69,Syria,Asia
syr,1930,34.75,Syria,Asia
syr,1931,34.82,Syria,Asia
syr,1932,34.88,Syria,Asia
syr,1933,34.94,Syria,Asia
syr,1934,35,Syria,Asia
syr,1935,35.06,Syria,Asia
syr,1936,36.36,Syria,Asia
syr,1937,37.66,Syria,Asia
syr,1938,38.96,Syria,Asia
syr,1939,40.27,Syria,Asia
syr,1940,41.58,Syria,Asia
syr,1941,42.9,Syria,Asia
syr,1942,44.22,Syria,Asia
syr,1943,45.55,Syria,Asia
syr,1944,46.88,Syria,Asia
syr,1945,48.22,Syria,Asia
syr,1946,49.56,Syria,Asia
syr,1947,50.9,Syria,Asia
syr,1948,52.25,Syria,Asia
syr,1949,53.6,Syria,Asia
syr,1950,54.96,Syria,Asia
syr,1951,54.93,Syria,Asia
syr,1952,55.48,Syria,Asia
syr,1953,55.54,Syria,Asia
syr,1954,56.75,Syria,Asia
syr,1955,57.41,Syria,Asia
syr,1956,57.93,Syria,Asia
syr,1957,59.47,Syria,Asia
syr,1958,60.04,Syria,Asia
syr,1959,60.17,Syria,Asia
syr,1960,61.04,Syria,Asia
syr,1961,61.72,Syria,Asia
syr,1962,62.62,Syria,Asia
syr,1963,62.82,Syria,Asia
syr,1964,63.29,Syria,Asia
syr,1965,64.22,Syria,Asia
syr,1966,64.14,Syria,Asia
syr,1967,64.81,Syria,Asia
syr,1968,65.43,Syria,Asia
syr,1969,65.83,Syria,Asia
syr,1970,66.49,Syria,Asia
syr,1971,67.24,Syria,Asia
syr,1972,67.85,Syria,Asia
syr,1973,67.92,Syria,Asia
syr,1974,69.65,Syria,Asia
syr,1975,69.81,Syria,Asia
syr,1976,69.85,Syria,Asia
syr,1977,70.25,Syria,Asia
syr,1978,70.77,Syria,Asia
syr,1979,70.35,Syria,Asia
syr,1980,70.23,Syria,Asia
syr,1981,70.01,Syria,Asia
syr,1982,66.1,Syria,Asia
syr,1983,69.43,Syria,Asia
syr,1984,70.08,Syria,Asia
syr,1985,69.41,Syria,Asia
syr,1986,69.36,Syria,Asia
syr,1987,69.23,Syria,Asia
syr,1988,69.12,Syria,Asia
syr,1989,68.93,Syria,Asia
syr,1990,68.79,Syria,Asia
syr,1991,68.81,Syria,Asia
syr,1992,68.64,Syria,Asia
syr,1993,69.3,Syria,Asia
syr,1994,69.54,Syria,Asia
syr,1995,69.75,Syria,Asia
syr,1996,70.1,Syria,Asia
syr,1997,70.37,Syria,Asia
syr,1998,70.43,Syria,Asia
syr,1999,70.93,Syria,Asia
syr,2000,71.62,Syria,Asia
syr,2001,72.44,Syria,Asia
syr,2002,72.78,Syria,Asia
syr,2003,73.77,Syria,Asia
syr,2004,74.09,Syria,Asia
syr,2005,74.42,Syria,Asia
syr,2006,74.48,Syria,Asia
syr,2007,74.64,Syria,Asia
syr,2008,74.44,Syria,Asia
syr,2009,74.7,Syria,Asia
syr,2010,74.71,Syria,Asia
syr,2011,72.8,Syria,Asia
syr,2012,65.75,Syria,Asia
syr,2013,66.38,Syria,Asia
syr,2014,63.58,Syria,Asia
syr,2015,65.47,Syria,Asia
syr,2016,64.33,Syria,Asia
syr,2017,68.28,Syria,Asia
syr,2018,73.17,Syria,Asia
syr,2019,73.88,Syria,Asia
syr,2020,74.37,Syria,Asia
syr,2021,75.79,Syria,Asia
syr,2022,76.65,Syria,Asia
syr,2023,77.41,Syria,Asia
syr,2024,78.02,Syria,Asia
syr,2025,78.49,Syria,Asia
syr,2026,78.82,Syria,Asia
syr,2027,79.07,Syria,Asia
syr,2028,79.26,Syria,Asia
syr,2029,79.43,Syria,Asia
syr,2030,79.58,Syria,Asia
syr,2031,79.72,Syria,Asia
syr,2032,79.86,Syria,Asia
syr,2033,79.99,Syria,Asia
syr,2034,80.13,Syria,Asia
syr,2035,80.27,Syria,Asia
syr,2036,80.42,Syria,Asia
syr,2037,80.57,Syria,Asia
syr,2038,80.72,Syria,Asia
syr,2039,80.87,Syria,Asia
syr,2040,81.02,Syria,Asia
syr,2041,81.17,Syria,Asia
syr,2042,81.31,Syria,Asia
syr,2043,81.45,Syria,Asia
syr,2044,81.59,Syria,Asia
syr,2045,81.72,Syria,Asia
syr,2046,81.85,Syria,Asia
syr,2047,81.97,Syria,Asia
syr,2048,82.1,Syria,Asia
syr,2049,82.22,Syria,Asia
syr,2050,82.34,Syria,Asia
syr,2051,82.46,Syria,Asia
syr,2052,82.59,Syria,Asia
syr,2053,82.71,Syria,Asia
syr,2054,82.83,Syria,Asia
syr,2055,82.95,Syria,Asia
syr,2056,83.08,Syria,Asia
syr,2057,83.2,Syria,Asia
syr,2058,83.32,Syria,Asia
syr,2059,83.44,Syria,Asia
syr,2060,83.56,Syria,Asia
syr,2061,83.67,Syria,Asia
syr,2062,83.79,Syria,Asia
syr,2063,83.9,Syria,Asia
syr,2064,84.01,Syria,Asia
syr,2065,84.12,Syria,Asia
syr,2066,84.23,Syria,Asia
syr,2067,84.35,Syria,Asia
syr,2068,84.46,Syria,Asia
syr,2069,84.57,Syria,Asia
syr,2070,84.68,Syria,Asia
syr,2071,84.79,Syria,Asia
syr,2072,84.9,Syria,Asia
syr,2073,85.01,Syria,Asia
syr,2074,85.12,Syria,Asia
syr,2075,85.23,Syria,Asia
syr,2076,85.34,Syria,Asia
syr,2077,85.45,Syria,Asia
syr,2078,85.55,Syria,Asia
syr,2079,85.66,Syria,Asia
syr,2080,85.76,Syria,Asia
syr,2081,85.87,Syria,Asia
syr,2082,85.98,Syria,Asia
syr,2083,86.08,Syria,Asia
syr,2084,86.19,Syria,Asia
syr,2085,86.3,Syria,Asia
syr,2086,86.4,Syria,Asia
syr,2087,86.51,Syria,Asia
syr,2088,86.61,Syria,Asia
syr,2089,86.72,Syria,Asia
syr,2090,86.82,Syria,Asia
syr,2091,86.93,Syria,Asia
syr,2092,87.03,Syria,Asia
syr,2093,87.13,Syria,Asia
syr,2094,87.24,Syria,Asia
syr,2095,87.35,Syria,Asia
syr,2096,87.45,Syria,Asia
syr,2097,87.56,Syria,Asia
syr,2098,87.67,Syria,Asia
syr,2099,87.78,Syria,Asia
syr,2100,87.89,Syria,Asia
twn,1800,28.3,Taiwan,Asia
twn,1801,28.3,Taiwan,Asia
twn,1802,28.3,Taiwan,Asia
twn,1803,28.3,Taiwan,Asia
twn,1804,28.3,Taiwan,Asia
twn,1805,28.3,Taiwan,Asia
twn,1806,28.3,Taiwan,Asia
twn,1807,28.3,Taiwan,Asia
twn,1808,28.3,Taiwan,Asia
twn,1809,28.3,Taiwan,Asia
twn,1810,28.3,Taiwan,Asia
twn,1811,28.3,Taiwan,Asia
twn,1812,28.3,Taiwan,Asia
twn,1813,28.3,Taiwan,Asia
twn,1814,28.3,Taiwan,Asia
twn,1815,28.3,Taiwan,Asia
twn,1816,28.3,Taiwan,Asia
twn,1817,28.3,Taiwan,Asia
twn,1818,28.3,Taiwan,Asia
twn,1819,28.3,Taiwan,Asia
twn,1820,28.3,Taiwan,Asia
twn,1821,28.3,Taiwan,Asia
twn,1822,28.3,Taiwan,Asia
twn,1823,28.3,Taiwan,Asia
twn,1824,28.3,Taiwan,Asia
twn,1825,28.3,Taiwan,Asia
twn,1826,28.3,Taiwan,Asia
twn,1827,28.3,Taiwan,Asia
twn,1828,28.3,Taiwan,Asia
twn,1829,28.3,Taiwan,Asia
twn,1830,28.3,Taiwan,Asia
twn,1831,28.3,Taiwan,Asia
twn,1832,28.3,Taiwan,Asia
twn,1833,28.3,Taiwan,Asia
twn,1834,28.3,Taiwan,Asia
twn,1835,28.3,Taiwan,Asia
twn,1836,28.3,Taiwan,Asia
twn,1837,28.3,Taiwan,Asia
twn,1838,28.3,Taiwan,Asia
twn,1839,28.3,Taiwan,Asia
twn,1840,28.3,Taiwan,Asia
twn,1841,28.3,Taiwan,Asia
twn,1842,28.3,Taiwan,Asia
twn,1843,28.3,Taiwan,Asia
twn,1844,28.3,Taiwan,Asia
twn,1845,28.3,Taiwan,Asia
twn,1846,28.3,Taiwan,Asia
twn,1847,28.3,Taiwan,Asia
twn,1848,28.3,Taiwan,Asia
twn,1849,28.3,Taiwan,Asia
twn,1850,28.3,Taiwan,Asia
twn,1851,28.3,Taiwan,Asia
twn,1852,28.3,Taiwan,Asia
twn,1853,28.3,Taiwan,Asia
twn,1854,28.3,Taiwan,Asia
twn,1855,28.3,Taiwan,Asia
twn,1856,28.3,Taiwan,Asia
twn,1857,28.3,Taiwan,Asia
twn,1858,28.3,Taiwan,Asia
twn,1859,28.3,Taiwan,Asia
twn,1860,28.3,Taiwan,Asia
twn,1861,28.3,Taiwan,Asia
twn,1862,28.3,Taiwan,Asia
twn,1863,28.3,Taiwan,Asia
twn,1864,28.3,Taiwan,Asia
twn,1865,28.3,Taiwan,Asia
twn,1866,28.3,Taiwan,Asia
twn,1867,28.3,Taiwan,Asia
twn,1868,28.3,Taiwan,Asia
twn,1869,28.3,Taiwan,Asia
twn,1870,28.3,Taiwan,Asia
twn,1871,28.34,Taiwan,Asia
twn,1872,28.38,Taiwan,Asia
twn,1873,28.42,Taiwan,Asia
twn,1874,28.46,Taiwan,Asia
twn,1875,28.49,Taiwan,Asia
twn,1876,28.53,Taiwan,Asia
twn,1877,28.57,Taiwan,Asia
twn,1878,28.61,Taiwan,Asia
twn,1879,28.65,Taiwan,Asia
twn,1880,28.69,Taiwan,Asia
twn,1881,28.73,Taiwan,Asia
twn,1882,28.77,Taiwan,Asia
twn,1883,28.8,Taiwan,Asia
twn,1884,28.84,Taiwan,Asia
twn,1885,28.88,Taiwan,Asia
twn,1886,28.92,Taiwan,Asia
twn,1887,28.96,Taiwan,Asia
twn,1888,29,Taiwan,Asia
twn,1889,29.04,Taiwan,Asia
twn,1890,29.08,Taiwan,Asia
twn,1891,29.11,Taiwan,Asia
twn,1892,29.15,Taiwan,Asia
twn,1893,29.19,Taiwan,Asia
twn,1894,29.23,Taiwan,Asia
twn,1895,29.27,Taiwan,Asia
twn,1896,29.31,Taiwan,Asia
twn,1897,29.35,Taiwan,Asia
twn,1898,29.39,Taiwan,Asia
twn,1899,29.42,Taiwan,Asia
twn,1900,29.46,Taiwan,Asia
twn,1901,29.5,Taiwan,Asia
twn,1902,29.54,Taiwan,Asia
twn,1903,29.58,Taiwan,Asia
twn,1904,29.62,Taiwan,Asia
twn,1905,29.66,Taiwan,Asia
twn,1906,29.7,Taiwan,Asia
twn,1907,31,Taiwan,Asia
twn,1908,32.51,Taiwan,Asia
twn,1909,33.5,Taiwan,Asia
twn,1910,35.76,Taiwan,Asia
twn,1911,35.8,Taiwan,Asia
twn,1912,35.96,Taiwan,Asia
twn,1913,35.26,Taiwan,Asia
twn,1914,33.82,Taiwan,Asia
twn,1915,30.26,Taiwan,Asia
twn,1916,31.89,Taiwan,Asia
twn,1917,33.42,Taiwan,Asia
twn,1918,27.82,Taiwan,Asia
twn,1919,33.3,Taiwan,Asia
twn,1920,29.49,Taiwan,Asia
twn,1921,32.1,Taiwan,Asia
twn,1922,39.21,Taiwan,Asia
twn,1923,37.86,Taiwan,Asia
twn,1924,39.85,Taiwan,Asia
twn,1925,36.78,Taiwan,Asia
twn,1926,39.84,Taiwan,Asia
twn,1927,42.69,Taiwan,Asia
twn,1928,43.5,Taiwan,Asia
twn,1929,44.21,Taiwan,Asia
twn,1930,44.91,Taiwan,Asia
twn,1931,44.64,Taiwan,Asia
twn,1932,44.81,Taiwan,Asia
twn,1933,45.63,Taiwan,Asia
twn,1934,46.34,Taiwan,Asia
twn,1935,46.61,Taiwan,Asia
twn,1936,45.8,Taiwan,Asia
twn,1937,46.4,Taiwan,Asia
twn,1938,47.77,Taiwan,Asia
twn,1939,47.72,Taiwan,Asia
twn,1940,48,Taiwan,Asia
twn,1941,49.38,Taiwan,Asia
twn,1942,48.89,Taiwan,Asia
twn,1943,48.62,Taiwan,Asia
twn,1944,47.91,Taiwan,Asia
twn,1945,45.99,Taiwan,Asia
twn,1946,48.03,Taiwan,Asia
twn,1947,50.85,Taiwan,Asia
twn,1948,55.34,Taiwan,Asia
twn,1949,58.18,Taiwan,Asia
twn,1950,60.59,Taiwan,Asia
twn,1951,60.87,Taiwan,Asia
twn,1952,61.15,Taiwan,Asia
twn,1953,61.34,Taiwan,Asia
twn,1954,61.59,Taiwan,Asia
twn,1955,61.7,Taiwan,Asia
twn,1956,62.89,Taiwan,Asia
twn,1957,62.13,Taiwan,Asia
twn,1958,63.45,Taiwan,Asia
twn,1959,63.74,Taiwan,Asia
twn,1960,64.68,Taiwan,Asia
twn,1961,65.07,Taiwan,Asia
twn,1962,65.93,Taiwan,Asia
twn,1963,66.59,Taiwan,Asia
twn,1964,67.23,Taiwan,Asia
twn,1965,68.09,Taiwan,Asia
twn,1966,68.2,Taiwan,Asia
twn,1967,68.23,Taiwan,Asia
twn,1968,68.42,Taiwan,Asia
twn,1969,69.2,Taiwan,Asia
twn,1970,69.82,Taiwan,Asia
twn,1971,69.91,Taiwan,Asia
twn,1972,70.21,Taiwan,Asia
twn,1973,70.32,Taiwan,Asia
twn,1974,70.82,Taiwan,Asia
twn,1975,71.13,Taiwan,Asia
twn,1976,71.6,Taiwan,Asia
twn,1977,71.61,Taiwan,Asia
twn,1978,72.02,Taiwan,Asia
twn,1979,72.19,Taiwan,Asia
twn,1980,72.42,Taiwan,Asia
twn,1981,72.65,Taiwan,Asia
twn,1982,72.93,Taiwan,Asia
twn,1983,73.16,Taiwan,Asia
twn,1984,73.57,Taiwan,Asia
twn,1985,73.89,Taiwan,Asia
twn,1986,74.04,Taiwan,Asia
twn,1987,74.29,Taiwan,Asia
twn,1988,74.1,Taiwan,Asia
twn,1989,74.37,Taiwan,Asia
twn,1990,74.67,Taiwan,Asia
twn,1991,75.05,Taiwan,Asia
twn,1992,75.2,Taiwan,Asia
twn,1993,75.43,Taiwan,Asia
twn,1994,75.52,Taiwan,Asia
twn,1995,75.49,Taiwan,Asia
twn,1996,75.54,Taiwan,Asia
twn,1997,76.05,Taiwan,Asia
twn,1998,76.3,Taiwan,Asia
twn,1999,76.49,Taiwan,Asia
twn,2000,76.92,Taiwan,Asia
twn,2001,77.2,Taiwan,Asia
twn,2002,77.7,Taiwan,Asia
twn,2003,77.89,Taiwan,Asia
twn,2004,77.91,Taiwan,Asia
twn,2005,77.94,Taiwan,Asia
twn,2006,78.47,Taiwan,Asia
twn,2007,78.77,Taiwan,Asia
twn,2008,79,Taiwan,Asia
twn,2009,79.37,Taiwan,Asia
twn,2010,79.7,Taiwan,Asia
twn,2011,79.47,Taiwan,Asia
twn,2012,79.73,Taiwan,Asia
twn,2013,80.1,Taiwan,Asia
twn,2014,80.02,Taiwan,Asia
twn,2015,80.32,Taiwan,Asia
twn,2016,80.15,Taiwan,Asia
twn,2017,80.21,Taiwan,Asia
twn,2018,80.24,Taiwan,Asia
twn,2019,80.3,Taiwan,Asia
twn,2020,80.37,Taiwan,Asia
twn,2021,80.64,Taiwan,Asia
twn,2022,80.81,Taiwan,Asia
twn,2023,80.97,Taiwan,Asia
twn,2024,81.14,Taiwan,Asia
twn,2025,81.31,Taiwan,Asia
twn,2026,81.47,Taiwan,Asia
twn,2027,81.64,Taiwan,Asia
twn,2028,81.8,Taiwan,Asia
twn,2029,81.97,Taiwan,Asia
twn,2030,82.13,Taiwan,Asia
twn,2031,82.29,Taiwan,Asia
twn,2032,82.46,Taiwan,Asia
twn,2033,82.61,Taiwan,Asia
twn,2034,82.77,Taiwan,Asia
twn,2035,82.92,Taiwan,Asia
twn,2036,83.07,Taiwan,Asia
twn,2037,83.21,Taiwan,Asia
twn,2038,83.35,Taiwan,Asia
twn,2039,83.49,Taiwan,Asia
twn,2040,83.63,Taiwan,Asia
twn,2041,83.76,Taiwan,Asia
twn,2042,83.89,Taiwan,Asia
twn,2043,84.02,Taiwan,Asia
twn,2044,84.14,Taiwan,Asia
twn,2045,84.27,Taiwan,Asia
twn,2046,84.39,Taiwan,Asia
twn,2047,84.51,Taiwan,Asia
twn,2048,84.63,Taiwan,Asia
twn,2049,84.76,Taiwan,Asia
twn,2050,84.88,Taiwan,Asia
twn,2051,84.99,Taiwan,Asia
twn,2052,85.11,Taiwan,Asia
twn,2053,85.23,Taiwan,Asia
twn,2054,85.35,Taiwan,Asia
twn,2055,85.46,Taiwan,Asia
twn,2056,85.58,Taiwan,Asia
twn,2057,85.7,Taiwan,Asia
twn,2058,85.81,Taiwan,Asia
twn,2059,85.93,Taiwan,Asia
twn,2060,86.04,Taiwan,Asia
twn,2061,86.15,Taiwan,Asia
twn,2062,86.27,Taiwan,Asia
twn,2063,86.38,Taiwan,Asia
twn,2064,86.49,Taiwan,Asia
twn,2065,86.6,Taiwan,Asia
twn,2066,86.71,Taiwan,Asia
twn,2067,86.82,Taiwan,Asia
twn,2068,86.93,Taiwan,Asia
twn,2069,87.04,Taiwan,Asia
twn,2070,87.15,Taiwan,Asia
twn,2071,87.26,Taiwan,Asia
twn,2072,87.38,Taiwan,Asia
twn,2073,87.49,Taiwan,Asia
twn,2074,87.6,Taiwan,Asia
twn,2075,87.71,Taiwan,Asia
twn,2076,87.82,Taiwan,Asia
twn,2077,87.93,Taiwan,Asia
twn,2078,88.04,Taiwan,Asia
twn,2079,88.15,Taiwan,Asia
twn,2080,88.26,Taiwan,Asia
twn,2081,88.37,Taiwan,Asia
twn,2082,88.48,Taiwan,Asia
twn,2083,88.6,Taiwan,Asia
twn,2084,88.71,Taiwan,Asia
twn,2085,88.82,Taiwan,Asia
twn,2086,88.93,Taiwan,Asia
twn,2087,89.04,Taiwan,Asia
twn,2088,89.15,Taiwan,Asia
twn,2089,89.26,Taiwan,Asia
twn,2090,89.37,Taiwan,Asia
twn,2091,89.47,Taiwan,Asia
twn,2092,89.58,Taiwan,Asia
twn,2093,89.69,Taiwan,Asia
twn,2094,89.8,Taiwan,Asia
twn,2095,89.91,Taiwan,Asia
twn,2096,90.02,Taiwan,Asia
twn,2097,90.13,Taiwan,Asia
twn,2098,90.25,Taiwan,Asia
twn,2099,90.36,Taiwan,Asia
twn,2100,90.47,Taiwan,Asia
tjk,1800,24.24,Tajikistan,Asia
tjk,1801,24.24,Tajikistan,Asia
tjk,1802,24.24,Tajikistan,Asia
tjk,1803,24.24,Tajikistan,Asia
tjk,1804,24.24,Tajikistan,Asia
tjk,1805,24.24,Tajikistan,Asia
tjk,1806,24.24,Tajikistan,Asia
tjk,1807,24.24,Tajikistan,Asia
tjk,1808,24.24,Tajikistan,Asia
tjk,1809,24.24,Tajikistan,Asia
tjk,1810,24.24,Tajikistan,Asia
tjk,1811,24.24,Tajikistan,Asia
tjk,1812,24.24,Tajikistan,Asia
tjk,1813,24.24,Tajikistan,Asia
tjk,1814,24.24,Tajikistan,Asia
tjk,1815,24.24,Tajikistan,Asia
tjk,1816,24.24,Tajikistan,Asia
tjk,1817,24.24,Tajikistan,Asia
tjk,1818,24.24,Tajikistan,Asia
tjk,1819,24.24,Tajikistan,Asia
tjk,1820,24.24,Tajikistan,Asia
tjk,1821,24.24,Tajikistan,Asia
tjk,1822,24.24,Tajikistan,Asia
tjk,1823,24.24,Tajikistan,Asia
tjk,1824,24.24,Tajikistan,Asia
tjk,1825,24.24,Tajikistan,Asia
tjk,1826,24.24,Tajikistan,Asia
tjk,1827,24.24,Tajikistan,Asia
tjk,1828,24.24,Tajikistan,Asia
tjk,1829,24.24,Tajikistan,Asia
tjk,1830,24.24,Tajikistan,Asia
tjk,1831,24.24,Tajikistan,Asia
tjk,1832,24.24,Tajikistan,Asia
tjk,1833,24.24,Tajikistan,Asia
tjk,1834,24.24,Tajikistan,Asia
tjk,1835,24.24,Tajikistan,Asia
tjk,1836,24.24,Tajikistan,Asia
tjk,1837,24.24,Tajikistan,Asia
tjk,1838,24.24,Tajikistan,Asia
tjk,1839,24.24,Tajikistan,Asia
tjk,1840,24.24,Tajikistan,Asia
tjk,1841,24.24,Tajikistan,Asia
tjk,1842,24.24,Tajikistan,Asia
tjk,1843,24.24,Tajikistan,Asia
tjk,1844,24.24,Tajikistan,Asia
tjk,1845,24.24,Tajikistan,Asia
tjk,1846,24.24,Tajikistan,Asia
tjk,1847,24.24,Tajikistan,Asia
tjk,1848,24.24,Tajikistan,Asia
tjk,1849,24.24,Tajikistan,Asia
tjk,1850,24.24,Tajikistan,Asia
tjk,1851,24.24,Tajikistan,Asia
tjk,1852,24.24,Tajikistan,Asia
tjk,1853,24.24,Tajikistan,Asia
tjk,1854,24.24,Tajikistan,Asia
tjk,1855,24.24,Tajikistan,Asia
tjk,1856,24.24,Tajikistan,Asia
tjk,1857,24.24,Tajikistan,Asia
tjk,1858,24.24,Tajikistan,Asia
tjk,1859,24.24,Tajikistan,Asia
tjk,1860,24.24,Tajikistan,Asia
tjk,1861,24.24,Tajikistan,Asia
tjk,1862,24.24,Tajikistan,Asia
tjk,1863,24.24,Tajikistan,Asia
tjk,1864,23.71,Tajikistan,Asia
tjk,1865,23.19,Tajikistan,Asia
tjk,1866,22.66,Tajikistan,Asia
tjk,1867,22.14,Tajikistan,Asia
tjk,1868,21.62,Tajikistan,Asia
tjk,1869,21.66,Tajikistan,Asia
tjk,1870,21.7,Tajikistan,Asia
tjk,1871,21.75,Tajikistan,Asia
tjk,1872,21.79,Tajikistan,Asia
tjk,1873,21.84,Tajikistan,Asia
tjk,1874,22.04,Tajikistan,Asia
tjk,1875,22.24,Tajikistan,Asia
tjk,1876,22.44,Tajikistan,Asia
tjk,1877,22.64,Tajikistan,Asia
tjk,1878,22.84,Tajikistan,Asia
tjk,1879,23.04,Tajikistan,Asia
tjk,1880,23.24,Tajikistan,Asia
tjk,1881,23.44,Tajikistan,Asia
tjk,1882,23.64,Tajikistan,Asia
tjk,1883,23.84,Tajikistan,Asia
tjk,1884,24.04,Tajikistan,Asia
tjk,1885,24.24,Tajikistan,Asia
tjk,1886,24.44,Tajikistan,Asia
tjk,1887,24.64,Tajikistan,Asia
tjk,1888,24.84,Tajikistan,Asia
tjk,1889,25.04,Tajikistan,Asia
tjk,1890,25.24,Tajikistan,Asia
tjk,1891,25.44,Tajikistan,Asia
tjk,1892,25.64,Tajikistan,Asia
tjk,1893,25.84,Tajikistan,Asia
tjk,1894,26.04,Tajikistan,Asia
tjk,1895,26.24,Tajikistan,Asia
tjk,1896,26.44,Tajikistan,Asia
tjk,1897,26.64,Tajikistan,Asia
tjk,1898,26.47,Tajikistan,Asia
tjk,1899,26.3,Tajikistan,Asia
tjk,1900,26.14,Tajikistan,Asia
tjk,1901,26.39,Tajikistan,Asia
tjk,1902,26.64,Tajikistan,Asia
tjk,1903,26.89,Tajikistan,Asia
tjk,1904,27.14,Tajikistan,Asia
tjk,1905,27.39,Tajikistan,Asia
tjk,1906,27.64,Tajikistan,Asia
tjk,1907,27.89,Tajikistan,Asia
tjk,1908,28.14,Tajikistan,Asia
tjk,1909,28.39,Tajikistan,Asia
tjk,1910,28.64,Tajikistan,Asia
tjk,1911,31.59,Tajikistan,Asia
tjk,1912,32.02,Tajikistan,Asia
tjk,1913,29.85,Tajikistan,Asia
tjk,1914,29.44,Tajikistan,Asia
tjk,1915,29.04,Tajikistan,Asia
tjk,1916,29.04,Tajikistan,Asia
tjk,1917,26.04,Tajikistan,Asia
tjk,1918,16.04,Tajikistan,Asia
tjk,1919,21.51,Tajikistan,Asia
tjk,1920,17.01,Tajikistan,Asia
tjk,1921,20.31,Tajikistan,Asia
tjk,1922,21.21,Tajikistan,Asia
tjk,1923,30.11,Tajikistan,Asia
tjk,1924,32.61,Tajikistan,Asia
tjk,1925,31.71,Tajikistan,Asia
tjk,1926,34.91,Tajikistan,Asia
tjk,1927,34.24,Tajikistan,Asia
tjk,1928,35.75,Tajikistan,Asia
tjk,1929,34.51,Tajikistan,Asia
tjk,1930,33.82,Tajikistan,Asia
tjk,1931,28.04,Tajikistan,Asia
tjk,1932,20.04,Tajikistan,Asia
tjk,1933,16.04,Tajikistan,Asia
tjk,1934,36.19,Tajikistan,Asia
tjk,1935,37.74,Tajikistan,Asia
tjk,1936,39.41,Tajikistan,Asia
tjk,1937,38.42,Tajikistan,Asia
tjk,1938,40.11,Tajikistan,Asia
tjk,1939,42.51,Tajikistan,Asia
tjk,1940,40.04,Tajikistan,Asia
tjk,1941,29.7,Tajikistan,Asia
tjk,1942,25.7,Tajikistan,Asia
tjk,1943,24.7,Tajikistan,Asia
tjk,1944,32.7,Tajikistan,Asia
tjk,1945,40.2,Tajikistan,Asia
tjk,1946,46,Tajikistan,Asia
tjk,1947,37.3,Tajikistan,Asia
tjk,1948,43.92,Tajikistan,Asia
tjk,1949,45.35,Tajikistan,Asia
tjk,1950,46.17,Tajikistan,Asia
tjk,1951,46.49,Tajikistan,Asia
tjk,1952,47.02,Tajikistan,Asia
tjk,1953,47.55,Tajikistan,Asia
tjk,1954,48.13,Tajikistan,Asia
tjk,1955,48.78,Tajikistan,Asia
tjk,1956,49.54,Tajikistan,Asia
tjk,1957,50.21,Tajikistan,Asia
tjk,1958,50.88,Tajikistan,Asia
tjk,1959,51.67,Tajikistan,Asia
tjk,1960,52.55,Tajikistan,Asia
tjk,1961,53.4,Tajikistan,Asia
tjk,1962,54.3,Tajikistan,Asia
tjk,1963,55.05,Tajikistan,Asia
tjk,1964,55.93,Tajikistan,Asia
tjk,1965,56.77,Tajikistan,Asia
tjk,1966,57.6,Tajikistan,Asia
tjk,1967,58.41,Tajikistan,Asia
tjk,1968,59.2,Tajikistan,Asia
tjk,1969,60.13,Tajikistan,Asia
tjk,1970,60.38,Tajikistan,Asia
tjk,1971,61.06,Tajikistan,Asia
tjk,1972,61.24,Tajikistan,Asia
tjk,1973,61.65,Tajikistan,Asia
tjk,1974,62.06,Tajikistan,Asia
tjk,1975,62.57,Tajikistan,Asia
tjk,1976,63.19,Tajikistan,Asia
tjk,1977,63.9,Tajikistan,Asia
tjk,1978,64.46,Tajikistan,Asia
tjk,1979,64.9,Tajikistan,Asia
tjk,1980,65.33,Tajikistan,Asia
tjk,1981,65.62,Tajikistan,Asia
tjk,1982,65.89,Tajikistan,Asia
tjk,1983,65.87,Tajikistan,Asia
tjk,1984,66.08,Tajikistan,Asia
tjk,1985,66.7,Tajikistan,Asia
tjk,1986,67.17,Tajikistan,Asia
tjk,1987,66.98,Tajikistan,Asia
tjk,1988,66.9,Tajikistan,Asia
tjk,1989,66.91,Tajikistan,Asia
tjk,1990,66.94,Tajikistan,Asia
tjk,1991,66.74,Tajikistan,Asia
tjk,1992,63.41,Tajikistan,Asia
tjk,1993,58.81,Tajikistan,Asia
tjk,1994,64.15,Tajikistan,Asia
tjk,1995,64.56,Tajikistan,Asia
tjk,1996,64.12,Tajikistan,Asia
tjk,1997,65.59,Tajikistan,Asia
tjk,1998,65.68,Tajikistan,Asia
tjk,1999,66.31,Tajikistan,Asia
tjk,2000,66.59,Tajikistan,Asia
tjk,2001,66.78,Tajikistan,Asia
tjk,2002,67.04,Tajikistan,Asia
tjk,2003,67.35,Tajikistan,Asia
tjk,2004,67.52,Tajikistan,Asia
tjk,2005,67.47,Tajikistan,Asia
tjk,2006,67.59,Tajikistan,Asia
tjk,2007,67.69,Tajikistan,Asia
tjk,2008,67.88,Tajikistan,Asia
tjk,2009,68.04,Tajikistan,Asia
tjk,2010,68,Tajikistan,Asia
tjk,2011,68.14,Tajikistan,Asia
tjk,2012,68.32,Tajikistan,Asia
tjk,2013,68.61,Tajikistan,Asia
tjk,2014,68.59,Tajikistan,Asia
tjk,2015,68.6,Tajikistan,Asia
tjk,2016,68.56,Tajikistan,Asia
tjk,2017,68.75,Tajikistan,Asia
tjk,2018,69.24,Tajikistan,Asia
tjk,2019,69.56,Tajikistan,Asia
tjk,2020,69.63,Tajikistan,Asia
tjk,2021,69.96,Tajikistan,Asia
tjk,2022,70.14,Tajikistan,Asia
tjk,2023,70.32,Tajikistan,Asia
tjk,2024,70.5,Tajikistan,Asia
tjk,2025,70.68,Tajikistan,Asia
tjk,2026,70.85,Tajikistan,Asia
tjk,2027,71.03,Tajikistan,Asia
tjk,2028,71.2,Tajikistan,Asia
tjk,2029,71.37,Tajikistan,Asia
tjk,2030,71.54,Tajikistan,Asia
tjk,2031,71.71,Tajikistan,Asia
tjk,2032,71.87,Tajikistan,Asia
tjk,2033,72.03,Tajikistan,Asia
tjk,2034,72.2,Tajikistan,Asia
tjk,2035,72.36,Tajikistan,Asia
tjk,2036,72.51,Tajikistan,Asia
tjk,2037,72.67,Tajikistan,Asia
tjk,2038,72.82,Tajikistan,Asia
tjk,2039,72.98,Tajikistan,Asia
tjk,2040,73.13,Tajikistan,Asia
tjk,2041,73.28,Tajikistan,Asia
tjk,2042,73.43,Tajikistan,Asia
tjk,2043,73.57,Tajikistan,Asia
tjk,2044,73.72,Tajikistan,Asia
tjk,2045,73.86,Tajikistan,Asia
tjk,2046,74.01,Tajikistan,Asia
tjk,2047,74.15,Tajikistan,Asia
tjk,2048,74.3,Tajikistan,Asia
tjk,2049,74.44,Tajikistan,Asia
tjk,2050,74.58,Tajikistan,Asia
tjk,2051,74.72,Tajikistan,Asia
tjk,2052,74.86,Tajikistan,Asia
tjk,2053,75,Tajikistan,Asia
tjk,2054,75.14,Tajikistan,Asia
tjk,2055,75.28,Tajikistan,Asia
tjk,2056,75.42,Tajikistan,Asia
tjk,2057,75.56,Tajikistan,Asia
tjk,2058,75.7,Tajikistan,Asia
tjk,2059,75.84,Tajikistan,Asia
tjk,2060,75.98,Tajikistan,Asia
tjk,2061,76.11,Tajikistan,Asia
tjk,2062,76.25,Tajikistan,Asia
tjk,2063,76.39,Tajikistan,Asia
tjk,2064,76.53,Tajikistan,Asia
tjk,2065,76.67,Tajikistan,Asia
tjk,2066,76.8,Tajikistan,Asia
tjk,2067,76.94,Tajikistan,Asia
tjk,2068,77.07,Tajikistan,Asia
tjk,2069,77.21,Tajikistan,Asia
tjk,2070,77.34,Tajikistan,Asia
tjk,2071,77.48,Tajikistan,Asia
tjk,2072,77.61,Tajikistan,Asia
tjk,2073,77.75,Tajikistan,Asia
tjk,2074,77.88,Tajikistan,Asia
tjk,2075,78.02,Tajikistan,Asia
tjk,2076,78.15,Tajikistan,Asia
tjk,2077,78.28,Tajikistan,Asia
tjk,2078,78.42,Tajikistan,Asia
tjk,2079,78.55,Tajikistan,Asia
tjk,2080,78.68,Tajikistan,Asia
tjk,2081,78.82,Tajikistan,Asia
tjk,2082,78.95,Tajikistan,Asia
tjk,2083,79.08,Tajikistan,Asia
tjk,2084,79.21,Tajikistan,Asia
tjk,2085,79.35,Tajikistan,Asia
tjk,2086,79.48,Tajikistan,Asia
tjk,2087,79.61,Tajikistan,Asia
tjk,2088,79.74,Tajikistan,Asia
tjk,2089,79.87,Tajikistan,Asia
tjk,2090,79.99,Tajikistan,Asia
tjk,2091,80.12,Tajikistan,Asia
tjk,2092,80.25,Tajikistan,Asia
tjk,2093,80.38,Tajikistan,Asia
tjk,2094,80.5,Tajikistan,Asia
tjk,2095,80.63,Tajikistan,Asia
tjk,2096,80.76,Tajikistan,Asia
tjk,2097,80.88,Tajikistan,Asia
tjk,2098,81.01,Tajikistan,Asia
tjk,2099,81.14,Tajikistan,Asia
tjk,2100,81.26,Tajikistan,Asia
tza,1800,32.2,Tanzania,Africa
tza,1801,32.2,Tanzania,Africa
tza,1802,32.2,Tanzania,Africa
tza,1803,32.2,Tanzania,Africa
tza,1804,32.2,Tanzania,Africa
tza,1805,32.2,Tanzania,Africa
tza,1806,32.2,Tanzania,Africa
tza,1807,32.2,Tanzania,Africa
tza,1808,32.2,Tanzania,Africa
tza,1809,32.2,Tanzania,Africa
tza,1810,32.2,Tanzania,Africa
tza,1811,32.2,Tanzania,Africa
tza,1812,32.2,Tanzania,Africa
tza,1813,32.2,Tanzania,Africa
tza,1814,32.2,Tanzania,Africa
tza,1815,32.2,Tanzania,Africa
tza,1816,32.2,Tanzania,Africa
tza,1817,32.2,Tanzania,Africa
tza,1818,32.2,Tanzania,Africa
tza,1819,32.2,Tanzania,Africa
tza,1820,32.2,Tanzania,Africa
tza,1821,32.2,Tanzania,Africa
tza,1822,32.2,Tanzania,Africa
tza,1823,32.2,Tanzania,Africa
tza,1824,32.2,Tanzania,Africa
tza,1825,32.2,Tanzania,Africa
tza,1826,32.2,Tanzania,Africa
tza,1827,32.2,Tanzania,Africa
tza,1828,32.2,Tanzania,Africa
tza,1829,32.2,Tanzania,Africa
tza,1830,32.2,Tanzania,Africa
tza,1831,32.2,Tanzania,Africa
tza,1832,32.2,Tanzania,Africa
tza,1833,32.2,Tanzania,Africa
tza,1834,32.2,Tanzania,Africa
tza,1835,32.2,Tanzania,Africa
tza,1836,32.2,Tanzania,Africa
tza,1837,32.2,Tanzania,Africa
tza,1838,32.2,Tanzania,Africa
tza,1839,32.2,Tanzania,Africa
tza,1840,32.2,Tanzania,Africa
tza,1841,32.2,Tanzania,Africa
tza,1842,32.2,Tanzania,Africa
tza,1843,32.2,Tanzania,Africa
tza,1844,32.2,Tanzania,Africa
tza,1845,32.2,Tanzania,Africa
tza,1846,32.2,Tanzania,Africa
tza,1847,32.2,Tanzania,Africa
tza,1848,32.2,Tanzania,Africa
tza,1849,32.2,Tanzania,Africa
tza,1850,32.2,Tanzania,Africa
tza,1851,32.2,Tanzania,Africa
tza,1852,32.2,Tanzania,Africa
tza,1853,32.2,Tanzania,Africa
tza,1854,32.2,Tanzania,Africa
tza,1855,32.2,Tanzania,Africa
tza,1856,32.2,Tanzania,Africa
tza,1857,32.2,Tanzania,Africa
tza,1858,32.2,Tanzania,Africa
tza,1859,32.2,Tanzania,Africa
tza,1860,32.2,Tanzania,Africa
tza,1861,32.2,Tanzania,Africa
tza,1862,32.2,Tanzania,Africa
tza,1863,32.2,Tanzania,Africa
tza,1864,32.2,Tanzania,Africa
tza,1865,32.2,Tanzania,Africa
tza,1866,32.2,Tanzania,Africa
tza,1867,32.2,Tanzania,Africa
tza,1868,32.2,Tanzania,Africa
tza,1869,32.2,Tanzania,Africa
tza,1870,32.2,Tanzania,Africa
tza,1871,32.23,Tanzania,Africa
tza,1872,32.27,Tanzania,Africa
tza,1873,32.3,Tanzania,Africa
tza,1874,32.34,Tanzania,Africa
tza,1875,32.37,Tanzania,Africa
tza,1876,32.41,Tanzania,Africa
tza,1877,32.44,Tanzania,Africa
tza,1878,32.47,Tanzania,Africa
tza,1879,32.51,Tanzania,Africa
tza,1880,32.54,Tanzania,Africa
tza,1881,32.58,Tanzania,Africa
tza,1882,32.61,Tanzania,Africa
tza,1883,32.64,Tanzania,Africa
tza,1884,32.68,Tanzania,Africa
tza,1885,32.71,Tanzania,Africa
tza,1886,32.75,Tanzania,Africa
tza,1887,32.78,Tanzania,Africa
tza,1888,32.82,Tanzania,Africa
tza,1889,32.85,Tanzania,Africa
tza,1890,32.88,Tanzania,Africa
tza,1891,32.92,Tanzania,Africa
tza,1892,32.95,Tanzania,Africa
tza,1893,32.99,Tanzania,Africa
tza,1894,33.02,Tanzania,Africa
tza,1895,33.06,Tanzania,Africa
tza,1896,33.09,Tanzania,Africa
tza,1897,33.12,Tanzania,Africa
tza,1898,33.16,Tanzania,Africa
tza,1899,33.19,Tanzania,Africa
tza,1900,33.23,Tanzania,Africa
tza,1901,33.26,Tanzania,Africa
tza,1902,33.3,Tanzania,Africa
tza,1903,33.33,Tanzania,Africa
tza,1904,33.36,Tanzania,Africa
tza,1905,33.4,Tanzania,Africa
tza,1906,33.43,Tanzania,Africa
tza,1907,33.47,Tanzania,Africa
tza,1908,33.5,Tanzania,Africa
tza,1909,33.53,Tanzania,Africa
tza,1910,33.57,Tanzania,Africa
tza,1911,33.6,Tanzania,Africa
tza,1912,33.64,Tanzania,Africa
tza,1913,33.67,Tanzania,Africa
tza,1914,33.71,Tanzania,Africa
tza,1915,33.74,Tanzania,Africa
tza,1916,33.77,Tanzania,Africa
tza,1917,33.81,Tanzania,Africa
tza,1918,13.09,Tanzania,Africa
tza,1919,33.88,Tanzania,Africa
tza,1920,33.91,Tanzania,Africa
tza,1921,33.95,Tanzania,Africa
tza,1922,33.98,Tanzania,Africa
tza,1923,34.01,Tanzania,Africa
tza,1924,34.05,Tanzania,Africa
tza,1925,34.08,Tanzania,Africa
tza,1926,34.12,Tanzania,Africa
tza,1927,34.15,Tanzania,Africa
tza,1928,34.18,Tanzania,Africa
tza,1929,34.22,Tanzania,Africa
tza,1930,34.25,Tanzania,Africa
tza,1931,34.29,Tanzania,Africa
tza,1932,34.32,Tanzania,Africa
tza,1933,34.36,Tanzania,Africa
tza,1934,34.39,Tanzania,Africa
tza,1935,34.42,Tanzania,Africa
tza,1936,34.46,Tanzania,Africa
tza,1937,34.49,Tanzania,Africa
tza,1938,34.53,Tanzania,Africa
tza,1939,34.56,Tanzania,Africa
tza,1940,34.6,Tanzania,Africa
tza,1941,34.63,Tanzania,Africa
tza,1942,34.66,Tanzania,Africa
tza,1943,34.7,Tanzania,Africa
tza,1944,34.73,Tanzania,Africa
tza,1945,34.77,Tanzania,Africa
tza,1946,36.57,Tanzania,Africa
tza,1947,38.38,Tanzania,Africa
tza,1948,40.2,Tanzania,Africa
tza,1949,42.02,Tanzania,Africa
tza,1950,43.84,Tanzania,Africa
tza,1951,44.18,Tanzania,Africa
tza,1952,44.31,Tanzania,Africa
tza,1953,44.35,Tanzania,Africa
tza,1954,44.55,Tanzania,Africa
tza,1955,44.68,Tanzania,Africa
tza,1956,44.78,Tanzania,Africa
tza,1957,44.88,Tanzania,Africa
tza,1958,44.99,Tanzania,Africa
tza,1959,45.15,Tanzania,Africa
tza,1960,45.32,Tanzania,Africa
tza,1961,45.48,Tanzania,Africa
tza,1962,45.71,Tanzania,Africa
tza,1963,45.92,Tanzania,Africa
tza,1964,46.14,Tanzania,Africa
tza,1965,46.43,Tanzania,Africa
tza,1966,46.93,Tanzania,Africa
tza,1967,47.33,Tanzania,Africa
tza,1968,48.11,Tanzania,Africa
tza,1969,48.77,Tanzania,Africa
tza,1970,49.43,Tanzania,Africa
tza,1971,50.13,Tanzania,Africa
tza,1972,50.84,Tanzania,Africa
tza,1973,51.51,Tanzania,Africa
tza,1974,52.13,Tanzania,Africa
tza,1975,52.76,Tanzania,Africa
tza,1976,53.4,Tanzania,Africa
tza,1977,53.94,Tanzania,Africa
tza,1978,54.44,Tanzania,Africa
tza,1979,55.04,Tanzania,Africa
tza,1980,55.4,Tanzania,Africa
tza,1981,55.72,Tanzania,Africa
tza,1982,55.97,Tanzania,Africa
tza,1983,56.27,Tanzania,Africa
tza,1984,56.45,Tanzania,Africa
tza,1985,56.61,Tanzania,Africa
tza,1986,56.56,Tanzania,Africa
tza,1987,56.44,Tanzania,Africa
tza,1988,56.2,Tanzania,Africa
tza,1989,55.79,Tanzania,Africa
tza,1990,55.26,Tanzania,Africa
tza,1991,54.75,Tanzania,Africa
tza,1992,54.13,Tanzania,Africa
tza,1993,53.7,Tanzania,Africa
tza,1994,53.22,Tanzania,Africa
tza,1995,52.91,Tanzania,Africa
tza,1996,52.71,Tanzania,Africa
tza,1997,52.61,Tanzania,Africa
tza,1998,52.65,Tanzania,Africa
tza,1999,52.98,Tanzania,Africa
tza,2000,53.44,Tanzania,Africa
tza,2001,54.03,Tanzania,Africa
tza,2002,54.65,Tanzania,Africa
tza,2003,55.31,Tanzania,Africa
tza,2004,55.91,Tanzania,Africa
tza,2005,56.53,Tanzania,Africa
tza,2006,57.34,Tanzania,Africa
tza,2007,58.53,Tanzania,Africa
tza,2008,59.6,Tanzania,Africa
tza,2009,60.34,Tanzania,Africa
tza,2010,61.06,Tanzania,Africa
tza,2011,61.72,Tanzania,Africa
tza,2012,62.67,Tanzania,Africa
tza,2013,63.72,Tanzania,Africa
tza,2014,64.51,Tanzania,Africa
tza,2015,65.07,Tanzania,Africa
tza,2016,65.53,Tanzania,Africa
tza,2017,66.02,Tanzania,Africa
tza,2018,66.67,Tanzania,Africa
tza,2019,67.2,Tanzania,Africa
tza,2020,67.25,Tanzania,Africa
tza,2021,67.87,Tanzania,Africa
tza,2022,68.13,Tanzania,Africa
tza,2023,68.38,Tanzania,Africa
tza,2024,68.64,Tanzania,Africa
tza,2025,68.9,Tanzania,Africa
tza,2026,69.17,Tanzania,Africa
tza,2027,69.44,Tanzania,Africa
tza,2028,69.71,Tanzania,Africa
tza,2029,69.98,Tanzania,Africa
tza,2030,70.23,Tanzania,Africa
tza,2031,70.48,Tanzania,Africa
tza,2032,70.73,Tanzania,Africa
tza,2033,70.97,Tanzania,Africa
tza,2034,71.2,Tanzania,Africa
tza,2035,71.42,Tanzania,Africa
tza,2036,71.65,Tanzania,Africa
tza,2037,71.86,Tanzania,Africa
tza,2038,72.07,Tanzania,Africa
tza,2039,72.28,Tanzania,Africa
tza,2040,72.48,Tanzania,Africa
tza,2041,72.68,Tanzania,Africa
tza,2042,72.87,Tanzania,Africa
tza,2043,73.06,Tanzania,Africa
tza,2044,73.25,Tanzania,Africa
tza,2045,73.44,Tanzania,Africa
tza,2046,73.62,Tanzania,Africa
tza,2047,73.8,Tanzania,Africa
tza,2048,73.98,Tanzania,Africa
tza,2049,74.16,Tanzania,Africa
tza,2050,74.33,Tanzania,Africa
tza,2051,74.5,Tanzania,Africa
tza,2052,74.67,Tanzania,Africa
tza,2053,74.84,Tanzania,Africa
tza,2054,75,Tanzania,Africa
tza,2055,75.17,Tanzania,Africa
tza,2056,75.33,Tanzania,Africa
tza,2057,75.49,Tanzania,Africa
tza,2058,75.65,Tanzania,Africa
tza,2059,75.81,Tanzania,Africa
tza,2060,75.97,Tanzania,Africa
tza,2061,76.13,Tanzania,Africa
tza,2062,76.29,Tanzania,Africa
tza,2063,76.44,Tanzania,Africa
tza,2064,76.59,Tanzania,Africa
tza,2065,76.75,Tanzania,Africa
tza,2066,76.9,Tanzania,Africa
tza,2067,77.05,Tanzania,Africa
tza,2068,77.2,Tanzania,Africa
tza,2069,77.35,Tanzania,Africa
tza,2070,77.51,Tanzania,Africa
tza,2071,77.66,Tanzania,Africa
tza,2072,77.81,Tanzania,Africa
tza,2073,77.96,Tanzania,Africa
tza,2074,78.11,Tanzania,Africa
tza,2075,78.26,Tanzania,Africa
tza,2076,78.41,Tanzania,Africa
tza,2077,78.55,Tanzania,Africa
tza,2078,78.7,Tanzania,Africa
tza,2079,78.85,Tanzania,Africa
tza,2080,79,Tanzania,Africa
tza,2081,79.15,Tanzania,Africa
tza,2082,79.3,Tanzania,Africa
tza,2083,79.45,Tanzania,Africa
tza,2084,79.6,Tanzania,Africa
tza,2085,79.75,Tanzania,Africa
tza,2086,79.9,Tanzania,Africa
tza,2087,80.05,Tanzania,Africa
tza,2088,80.2,Tanzania,Africa
tza,2089,80.35,Tanzania,Africa
tza,2090,80.49,Tanzania,Africa
tza,2091,80.64,Tanzania,Africa
tza,2092,80.79,Tanzania,Africa
tza,2093,80.94,Tanzania,Africa
tza,2094,81.08,Tanzania,Africa
tza,2095,81.24,Tanzania,Africa
tza,2096,81.39,Tanzania,Africa
tza,2097,81.54,Tanzania,Africa
tza,2098,81.69,Tanzania,Africa
tza,2099,81.85,Tanzania,Africa
tza,2100,82,Tanzania,Africa
tha,1800,30.4,Thailand,Asia
tha,1801,30.4,Thailand,Asia
tha,1802,30.4,Thailand,Asia
tha,1803,30.4,Thailand,Asia
tha,1804,30.4,Thailand,Asia
tha,1805,30.4,Thailand,Asia
tha,1806,30.4,Thailand,Asia
tha,1807,30.4,Thailand,Asia
tha,1808,30.4,Thailand,Asia
tha,1809,30.4,Thailand,Asia
tha,1810,30.4,Thailand,Asia
tha,1811,30.4,Thailand,Asia
tha,1812,30.4,Thailand,Asia
tha,1813,30.4,Thailand,Asia
tha,1814,30.4,Thailand,Asia
tha,1815,30.4,Thailand,Asia
tha,1816,30.4,Thailand,Asia
tha,1817,30.4,Thailand,Asia
tha,1818,30.4,Thailand,Asia
tha,1819,30.4,Thailand,Asia
tha,1820,30.4,Thailand,Asia
tha,1821,30.4,Thailand,Asia
tha,1822,30.4,Thailand,Asia
tha,1823,30.4,Thailand,Asia
tha,1824,30.4,Thailand,Asia
tha,1825,30.4,Thailand,Asia
tha,1826,30.4,Thailand,Asia
tha,1827,30.4,Thailand,Asia
tha,1828,30.4,Thailand,Asia
tha,1829,30.4,Thailand,Asia
tha,1830,30.4,Thailand,Asia
tha,1831,30.4,Thailand,Asia
tha,1832,30.4,Thailand,Asia
tha,1833,30.4,Thailand,Asia
tha,1834,30.4,Thailand,Asia
tha,1835,30.4,Thailand,Asia
tha,1836,30.4,Thailand,Asia
tha,1837,30.4,Thailand,Asia
tha,1838,30.4,Thailand,Asia
tha,1839,30.4,Thailand,Asia
tha,1840,30.4,Thailand,Asia
tha,1841,30.4,Thailand,Asia
tha,1842,30.4,Thailand,Asia
tha,1843,30.4,Thailand,Asia
tha,1844,30.4,Thailand,Asia
tha,1845,30.4,Thailand,Asia
tha,1846,30.4,Thailand,Asia
tha,1847,30.4,Thailand,Asia
tha,1848,30.4,Thailand,Asia
tha,1849,30.4,Thailand,Asia
tha,1850,30.4,Thailand,Asia
tha,1851,30.4,Thailand,Asia
tha,1852,30.4,Thailand,Asia
tha,1853,30.4,Thailand,Asia
tha,1854,30.4,Thailand,Asia
tha,1855,30.4,Thailand,Asia
tha,1856,30.4,Thailand,Asia
tha,1857,30.4,Thailand,Asia
tha,1858,30.4,Thailand,Asia
tha,1859,30.4,Thailand,Asia
tha,1860,30.4,Thailand,Asia
tha,1861,30.4,Thailand,Asia
tha,1862,30.4,Thailand,Asia
tha,1863,30.4,Thailand,Asia
tha,1864,30.4,Thailand,Asia
tha,1865,30.4,Thailand,Asia
tha,1866,30.4,Thailand,Asia
tha,1867,30.4,Thailand,Asia
tha,1868,30.4,Thailand,Asia
tha,1869,30.4,Thailand,Asia
tha,1870,30.4,Thailand,Asia
tha,1871,30.42,Thailand,Asia
tha,1872,30.44,Thailand,Asia
tha,1873,30.47,Thailand,Asia
tha,1874,30.49,Thailand,Asia
tha,1875,30.51,Thailand,Asia
tha,1876,30.53,Thailand,Asia
tha,1877,30.55,Thailand,Asia
tha,1878,30.58,Thailand,Asia
tha,1879,30.6,Thailand,Asia
tha,1880,30.62,Thailand,Asia
tha,1881,30.64,Thailand,Asia
tha,1882,30.67,Thailand,Asia
tha,1883,30.69,Thailand,Asia
tha,1884,30.71,Thailand,Asia
tha,1885,30.73,Thailand,Asia
tha,1886,30.75,Thailand,Asia
tha,1887,30.78,Thailand,Asia
tha,1888,30.8,Thailand,Asia
tha,1889,30.82,Thailand,Asia
tha,1890,30.84,Thailand,Asia
tha,1891,30.86,Thailand,Asia
tha,1892,30.89,Thailand,Asia
tha,1893,30.91,Thailand,Asia
tha,1894,30.93,Thailand,Asia
tha,1895,30.95,Thailand,Asia
tha,1896,30.97,Thailand,Asia
tha,1897,31,Thailand,Asia
tha,1898,31.02,Thailand,Asia
tha,1899,31.04,Thailand,Asia
tha,1900,31.06,Thailand,Asia
tha,1901,31.09,Thailand,Asia
tha,1902,31.11,Thailand,Asia
tha,1903,31.13,Thailand,Asia
tha,1904,31.15,Thailand,Asia
tha,1905,31.17,Thailand,Asia
tha,1906,31.2,Thailand,Asia
tha,1907,31.22,Thailand,Asia
tha,1908,31.24,Thailand,Asia
tha,1909,31.26,Thailand,Asia
tha,1910,31.28,Thailand,Asia
tha,1911,31.31,Thailand,Asia
tha,1912,31.33,Thailand,Asia
tha,1913,31.35,Thailand,Asia
tha,1914,31.37,Thailand,Asia
tha,1915,31.39,Thailand,Asia
tha,1916,31.42,Thailand,Asia
tha,1917,31.44,Thailand,Asia
tha,1918,20.16,Thailand,Asia
tha,1919,31.48,Thailand,Asia
tha,1920,31.5,Thailand,Asia
tha,1921,31.53,Thailand,Asia
tha,1922,31.55,Thailand,Asia
tha,1923,31.57,Thailand,Asia
tha,1924,31.59,Thailand,Asia
tha,1925,31.62,Thailand,Asia
tha,1926,31.64,Thailand,Asia
tha,1927,31.66,Thailand,Asia
tha,1928,31.68,Thailand,Asia
tha,1929,31.7,Thailand,Asia
tha,1930,31.73,Thailand,Asia
tha,1931,33.23,Thailand,Asia
tha,1932,34.73,Thailand,Asia
tha,1933,36.23,Thailand,Asia
tha,1934,37.73,Thailand,Asia
tha,1935,39.24,Thailand,Asia
tha,1936,40.75,Thailand,Asia
tha,1937,42.26,Thailand,Asia
tha,1938,42.29,Thailand,Asia
tha,1939,42.32,Thailand,Asia
tha,1940,41.3,Thailand,Asia
tha,1941,40.28,Thailand,Asia
tha,1942,40.3,Thailand,Asia
tha,1943,40.33,Thailand,Asia
tha,1944,40.15,Thailand,Asia
tha,1945,41.48,Thailand,Asia
tha,1946,42.81,Thailand,Asia
tha,1947,44.14,Thailand,Asia
tha,1948,52.73,Thailand,Asia
tha,1949,53.27,Thailand,Asia
tha,1950,53.82,Thailand,Asia
tha,1951,54.45,Thailand,Asia
tha,1952,55.63,Thailand,Asia
tha,1953,56.92,Thailand,Asia
tha,1954,57.69,Thailand,Asia
tha,1955,58.28,Thailand,Asia
tha,1956,58.64,Thailand,Asia
tha,1957,59.11,Thailand,Asia
tha,1958,59.69,Thailand,Asia
tha,1959,60.23,Thailand,Asia
tha,1960,60.87,Thailand,Asia
tha,1961,61.79,Thailand,Asia
tha,1962,61.88,Thailand,Asia
tha,1963,61.91,Thailand,Asia
tha,1964,62.37,Thailand,Asia
tha,1965,62.85,Thailand,Asia
tha,1966,63.05,Thailand,Asia
tha,1967,63.14,Thailand,Asia
tha,1968,63.4,Thailand,Asia
tha,1969,63.54,Thailand,Asia
tha,1970,64.15,Thailand,Asia
tha,1971,64.37,Thailand,Asia
tha,1972,64.21,Thailand,Asia
tha,1973,64.37,Thailand,Asia
tha,1974,64.76,Thailand,Asia
tha,1975,65.49,Thailand,Asia
tha,1976,66.63,Thailand,Asia
tha,1977,66.49,Thailand,Asia
tha,1978,66.78,Thailand,Asia
tha,1979,66.41,Thailand,Asia
tha,1980,66.5,Thailand,Asia
tha,1981,66.91,Thailand,Asia
tha,1982,67.32,Thailand,Asia
tha,1983,67.94,Thailand,Asia
tha,1984,69.27,Thailand,Asia
tha,1985,70.03,Thailand,Asia
tha,1986,70.71,Thailand,Asia
tha,1987,70.84,Thailand,Asia
tha,1988,71.16,Thailand,Asia
tha,1989,71.12,Thailand,Asia
tha,1990,71.29,Thailand,Asia
tha,1991,71.24,Thailand,Asia
tha,1992,71.29,Thailand,Asia
tha,1993,71.2,Thailand,Asia
tha,1994,70.94,Thailand,Asia
tha,1995,70.72,Thailand,Asia
tha,1996,70.6,Thailand,Asia
tha,1997,71.67,Thailand,Asia
tha,1998,71.77,Thailand,Asia
tha,1999,71.38,Thailand,Asia
tha,2000,71.81,Thailand,Asia
tha,2001,72.83,Thailand,Asia
tha,2002,73.08,Thailand,Asia
tha,2003,73.59,Thailand,Asia
tha,2004,73.73,Thailand,Asia
tha,2005,74.75,Thailand,Asia
tha,2006,75.42,Thailand,Asia
tha,2007,76.03,Thailand,Asia
tha,2008,76.48,Thailand,Asia
tha,2009,76.86,Thailand,Asia
tha,2010,77,Thailand,Asia
tha,2011,77.36,Thailand,Asia
tha,2012,77.73,Thailand,Asia
tha,2013,78.03,Thailand,Asia
tha,2014,78.13,Thailand,Asia
tha,2015,78.19,Thailand,Asia
tha,2016,78.05,Thailand,Asia
tha,2017,78.22,Thailand,Asia
tha,2018,78.29,Thailand,Asia
tha,2019,78.42,Thailand,Asia
tha,2020,78.45,Thailand,Asia
tha,2021,78.8,Thailand,Asia
tha,2022,78.97,Thailand,Asia
tha,2023,79.13,Thailand,Asia
tha,2024,79.3,Thailand,Asia
tha,2025,79.48,Thailand,Asia
tha,2026,79.66,Thailand,Asia
tha,2027,79.84,Thailand,Asia
tha,2028,80.02,Thailand,Asia
tha,2029,80.2,Thailand,Asia
tha,2030,80.38,Thailand,Asia
tha,2031,80.56,Thailand,Asia
tha,2032,80.74,Thailand,Asia
tha,2033,80.91,Thailand,Asia
tha,2034,81.09,Thailand,Asia
tha,2035,81.27,Thailand,Asia
tha,2036,81.44,Thailand,Asia
tha,2037,81.62,Thailand,Asia
tha,2038,81.79,Thailand,Asia
tha,2039,81.97,Thailand,Asia
tha,2040,82.14,Thailand,Asia
tha,2041,82.32,Thailand,Asia
tha,2042,82.49,Thailand,Asia
tha,2043,82.66,Thailand,Asia
tha,2044,82.83,Thailand,Asia
tha,2045,83,Thailand,Asia
tha,2046,83.16,Thailand,Asia
tha,2047,83.33,Thailand,Asia
tha,2048,83.49,Thailand,Asia
tha,2049,83.64,Thailand,Asia
tha,2050,83.8,Thailand,Asia
tha,2051,83.95,Thailand,Asia
tha,2052,84.1,Thailand,Asia
tha,2053,84.24,Thailand,Asia
tha,2054,84.39,Thailand,Asia
tha,2055,84.53,Thailand,Asia
tha,2056,84.67,Thailand,Asia
tha,2057,84.8,Thailand,Asia
tha,2058,84.94,Thailand,Asia
tha,2059,85.07,Thailand,Asia
tha,2060,85.21,Thailand,Asia
tha,2061,85.34,Thailand,Asia
tha,2062,85.46,Thailand,Asia
tha,2063,85.59,Thailand,Asia
tha,2064,85.72,Thailand,Asia
tha,2065,85.84,Thailand,Asia
tha,2066,85.96,Thailand,Asia
tha,2067,86.08,Thailand,Asia
tha,2068,86.2,Thailand,Asia
tha,2069,86.32,Thailand,Asia
tha,2070,86.44,Thailand,Asia
tha,2071,86.56,Thailand,Asia
tha,2072,86.68,Thailand,Asia
tha,2073,86.8,Thailand,Asia
tha,2074,86.92,Thailand,Asia
tha,2075,87.03,Thailand,Asia
tha,2076,87.15,Thailand,Asia
tha,2077,87.26,Thailand,Asia
tha,2078,87.37,Thailand,Asia
tha,2079,87.49,Thailand,Asia
tha,2080,87.6,Thailand,Asia
tha,2081,87.71,Thailand,Asia
tha,2082,87.82,Thailand,Asia
tha,2083,87.93,Thailand,Asia
tha,2084,88.04,Thailand,Asia
tha,2085,88.16,Thailand,Asia
tha,2086,88.27,Thailand,Asia
tha,2087,88.38,Thailand,Asia
tha,2088,88.49,Thailand,Asia
tha,2089,88.6,Thailand,Asia
tha,2090,88.71,Thailand,Asia
tha,2091,88.82,Thailand,Asia
tha,2092,88.93,Thailand,Asia
tha,2093,89.04,Thailand,Asia
tha,2094,89.15,Thailand,Asia
tha,2095,89.26,Thailand,Asia
tha,2096,89.37,Thailand,Asia
tha,2097,89.48,Thailand,Asia
tha,2098,89.6,Thailand,Asia
tha,2099,89.71,Thailand,Asia
tha,2100,89.82,Thailand,Asia
tls,1800,28.95,Timor-Leste,Asia
tls,1801,28.95,Timor-Leste,Asia
tls,1802,28.95,Timor-Leste,Asia
tls,1803,28.95,Timor-Leste,Asia
tls,1804,28.95,Timor-Leste,Asia
tls,1805,28.95,Timor-Leste,Asia
tls,1806,28.95,Timor-Leste,Asia
tls,1807,28.95,Timor-Leste,Asia
tls,1808,28.95,Timor-Leste,Asia
tls,1809,28.95,Timor-Leste,Asia
tls,1810,28.95,Timor-Leste,Asia
tls,1811,28.95,Timor-Leste,Asia
tls,1812,28.95,Timor-Leste,Asia
tls,1813,28.95,Timor-Leste,Asia
tls,1814,28.95,Timor-Leste,Asia
tls,1815,28.95,Timor-Leste,Asia
tls,1816,28.95,Timor-Leste,Asia
tls,1817,28.95,Timor-Leste,Asia
tls,1818,28.95,Timor-Leste,Asia
tls,1819,28.95,Timor-Leste,Asia
tls,1820,28.95,Timor-Leste,Asia
tls,1821,28.95,Timor-Leste,Asia
tls,1822,28.95,Timor-Leste,Asia
tls,1823,28.95,Timor-Leste,Asia
tls,1824,28.95,Timor-Leste,Asia
tls,1825,28.95,Timor-Leste,Asia
tls,1826,28.95,Timor-Leste,Asia
tls,1827,28.95,Timor-Leste,Asia
tls,1828,28.95,Timor-Leste,Asia
tls,1829,28.95,Timor-Leste,Asia
tls,1830,28.95,Timor-Leste,Asia
tls,1831,28.95,Timor-Leste,Asia
tls,1832,28.95,Timor-Leste,Asia
tls,1833,28.95,Timor-Leste,Asia
tls,1834,28.95,Timor-Leste,Asia
tls,1835,28.95,Timor-Leste,Asia
tls,1836,28.95,Timor-Leste,Asia
tls,1837,28.95,Timor-Leste,Asia
tls,1838,28.95,Timor-Leste,Asia
tls,1839,28.95,Timor-Leste,Asia
tls,1840,28.95,Timor-Leste,Asia
tls,1841,28.95,Timor-Leste,Asia
tls,1842,28.95,Timor-Leste,Asia
tls,1843,28.95,Timor-Leste,Asia
tls,1844,28.95,Timor-Leste,Asia
tls,1845,28.95,Timor-Leste,Asia
tls,1846,28.95,Timor-Leste,Asia
tls,1847,28.95,Timor-Leste,Asia
tls,1848,28.95,Timor-Leste,Asia
tls,1849,28.95,Timor-Leste,Asia
tls,1850,28.95,Timor-Leste,Asia
tls,1851,28.95,Timor-Leste,Asia
tls,1852,28.95,Timor-Leste,Asia
tls,1853,28.95,Timor-Leste,Asia
tls,1854,28.95,Timor-Leste,Asia
tls,1855,28.95,Timor-Leste,Asia
tls,1856,28.95,Timor-Leste,Asia
tls,1857,28.95,Timor-Leste,Asia
tls,1858,28.95,Timor-Leste,Asia
tls,1859,28.95,Timor-Leste,Asia
tls,1860,28.95,Timor-Leste,Asia
tls,1861,28.95,Timor-Leste,Asia
tls,1862,28.95,Timor-Leste,Asia
tls,1863,28.95,Timor-Leste,Asia
tls,1864,28.95,Timor-Leste,Asia
tls,1865,28.95,Timor-Leste,Asia
tls,1866,28.95,Timor-Leste,Asia
tls,1867,28.95,Timor-Leste,Asia
tls,1868,28.95,Timor-Leste,Asia
tls,1869,28.95,Timor-Leste,Asia
tls,1870,28.95,Timor-Leste,Asia
tls,1871,29.12,Timor-Leste,Asia
tls,1872,29.29,Timor-Leste,Asia
tls,1873,29.46,Timor-Leste,Asia
tls,1874,29.62,Timor-Leste,Asia
tls,1875,29.79,Timor-Leste,Asia
tls,1876,29.96,Timor-Leste,Asia
tls,1877,30.13,Timor-Leste,Asia
tls,1878,30.3,Timor-Leste,Asia
tls,1879,30.47,Timor-Leste,Asia
tls,1880,30.64,Timor-Leste,Asia
tls,1881,30.81,Timor-Leste,Asia
tls,1882,30.98,Timor-Leste,Asia
tls,1883,31.15,Timor-Leste,Asia
tls,1884,31.31,Timor-Leste,Asia
tls,1885,31.48,Timor-Leste,Asia
tls,1886,31.65,Timor-Leste,Asia
tls,1887,31.82,Timor-Leste,Asia
tls,1888,31.99,Timor-Leste,Asia
tls,1889,32.16,Timor-Leste,Asia
tls,1890,32.33,Timor-Leste,Asia
tls,1891,32.5,Timor-Leste,Asia
tls,1892,32.67,Timor-Leste,Asia
tls,1893,32.84,Timor-Leste,Asia
tls,1894,33,Timor-Leste,Asia
tls,1895,33.17,Timor-Leste,Asia
tls,1896,33.34,Timor-Leste,Asia
tls,1897,33.51,Timor-Leste,Asia
tls,1898,33.68,Timor-Leste,Asia
tls,1899,33.85,Timor-Leste,Asia
tls,1900,34.02,Timor-Leste,Asia
tls,1901,34.19,Timor-Leste,Asia
tls,1902,34.36,Timor-Leste,Asia
tls,1903,34.53,Timor-Leste,Asia
tls,1904,34.69,Timor-Leste,Asia
tls,1905,34.86,Timor-Leste,Asia
tls,1906,35.03,Timor-Leste,Asia
tls,1907,35.2,Timor-Leste,Asia
tls,1908,35.37,Timor-Leste,Asia
tls,1909,35.54,Timor-Leste,Asia
tls,1910,35.71,Timor-Leste,Asia
tls,1911,35.88,Timor-Leste,Asia
tls,1912,36.05,Timor-Leste,Asia
tls,1913,36.22,Timor-Leste,Asia
tls,1914,36.38,Timor-Leste,Asia
tls,1915,36.55,Timor-Leste,Asia
tls,1916,36.72,Timor-Leste,Asia
tls,1917,36.89,Timor-Leste,Asia
tls,1918,12.03,Timor-Leste,Asia
tls,1919,37.23,Timor-Leste,Asia
tls,1920,37.4,Timor-Leste,Asia
tls,1921,37.57,Timor-Leste,Asia
tls,1922,37.74,Timor-Leste,Asia
tls,1923,37.91,Timor-Leste,Asia
tls,1924,38.07,Timor-Leste,Asia
tls,1925,38.24,Timor-Leste,Asia
tls,1926,38.41,Timor-Leste,Asia
tls,1927,38.58,Timor-Leste,Asia
tls,1928,38.75,Timor-Leste,Asia
tls,1929,38.92,Timor-Leste,Asia
tls,1930,39.09,Timor-Leste,Asia
tls,1931,39.26,Timor-Leste,Asia
tls,1932,39.43,Timor-Leste,Asia
tls,1933,39.6,Timor-Leste,Asia
tls,1934,39.76,Timor-Leste,Asia
tls,1935,39.93,Timor-Leste,Asia
tls,1936,40.1,Timor-Leste,Asia
tls,1937,40.27,Timor-Leste,Asia
tls,1938,40.44,Timor-Leste,Asia
tls,1939,40.61,Timor-Leste,Asia
tls,1940,40.78,Timor-Leste,Asia
tls,1941,40.95,Timor-Leste,Asia
tls,1942,29.83,Timor-Leste,Asia
tls,1943,27.1,Timor-Leste,Asia
tls,1944,22.91,Timor-Leste,Asia
tls,1945,21.57,Timor-Leste,Asia
tls,1946,28.87,Timor-Leste,Asia
tls,1947,37.69,Timor-Leste,Asia
tls,1948,42.13,Timor-Leste,Asia
tls,1949,42.3,Timor-Leste,Asia
tls,1950,42.47,Timor-Leste,Asia
tls,1951,42.74,Timor-Leste,Asia
tls,1952,43.07,Timor-Leste,Asia
tls,1953,43.35,Timor-Leste,Asia
tls,1954,43.66,Timor-Leste,Asia
tls,1955,44,Timor-Leste,Asia
tls,1956,44.31,Timor-Leste,Asia
tls,1957,44.61,Timor-Leste,Asia
tls,1958,44.9,Timor-Leste,Asia
tls,1959,45.2,Timor-Leste,Asia
tls,1960,45.69,Timor-Leste,Asia
tls,1961,46.07,Timor-Leste,Asia
tls,1962,46.45,Timor-Leste,Asia
tls,1963,46.77,Timor-Leste,Asia
tls,1964,47.13,Timor-Leste,Asia
tls,1965,47.83,Timor-Leste,Asia
tls,1966,48.44,Timor-Leste,Asia
tls,1967,49.11,Timor-Leste,Asia
tls,1968,49.58,Timor-Leste,Asia
tls,1969,50.05,Timor-Leste,Asia
tls,1970,50.48,Timor-Leste,Asia
tls,1971,51,Timor-Leste,Asia
tls,1972,51.5,Timor-Leste,Asia
tls,1973,52.12,Timor-Leste,Asia
tls,1974,52.75,Timor-Leste,Asia
tls,1975,47.22,Timor-Leste,Asia
tls,1976,49.33,Timor-Leste,Asia
tls,1977,49.66,Timor-Leste,Asia
tls,1978,49.26,Timor-Leste,Asia
tls,1979,48.79,Timor-Leste,Asia
tls,1980,51.99,Timor-Leste,Asia
tls,1981,53.9,Timor-Leste,Asia
tls,1982,54.88,Timor-Leste,Asia
tls,1983,55.57,Timor-Leste,Asia
tls,1984,56.89,Timor-Leste,Asia
tls,1985,57.77,Timor-Leste,Asia
tls,1986,58.52,Timor-Leste,Asia
tls,1987,59.43,Timor-Leste,Asia
tls,1988,59.86,Timor-Leste,Asia
tls,1989,60.16,Timor-Leste,Asia
tls,1990,60.93,Timor-Leste,Asia
tls,1991,60.95,Timor-Leste,Asia
tls,1992,61.55,Timor-Leste,Asia
tls,1993,61.74,Timor-Leste,Asia
tls,1994,62.4,Timor-Leste,Asia
tls,1995,62.61,Timor-Leste,Asia
tls,1996,64.17,Timor-Leste,Asia
tls,1997,63.42,Timor-Leste,Asia
tls,1998,63.81,Timor-Leste,Asia
tls,1999,58.52,Timor-Leste,Asia
tls,2000,65.46,Timor-Leste,Asia
tls,2001,65.82,Timor-Leste,Asia
tls,2002,66.12,Timor-Leste,Asia
tls,2003,66.49,Timor-Leste,Asia
tls,2004,67.11,Timor-Leste,Asia
tls,2005,67.7,Timor-Leste,Asia
tls,2006,68.39,Timor-Leste,Asia
tls,2007,69,Timor-Leste,Asia
tls,2008,69.54,Timor-Leste,Asia
tls,2009,69.81,Timor-Leste,Asia
tls,2010,70,Timor-Leste,Asia
tls,2011,70.17,Timor-Leste,Asia
tls,2012,70.32,Timor-Leste,Asia
tls,2013,70.37,Timor-Leste,Asia
tls,2014,70.3,Timor-Leste,Asia
tls,2015,70.31,Timor-Leste,Asia
tls,2016,70.36,Timor-Leste,Asia
tls,2017,70.45,Timor-Leste,Asia
tls,2018,70.51,Timor-Leste,Asia
tls,2019,70.6,Timor-Leste,Asia
tls,2020,70.72,Timor-Leste,Asia
tls,2021,71.03,Timor-Leste,Asia
tls,2022,71.23,Timor-Leste,Asia
tls,2023,71.42,Timor-Leste,Asia
tls,2024,71.6,Timor-Leste,Asia
tls,2025,71.79,Timor-Leste,Asia
tls,2026,71.97,Timor-Leste,Asia
tls,2027,72.15,Timor-Leste,Asia
tls,2028,72.32,Timor-Leste,Asia
tls,2029,72.49,Timor-Leste,Asia
tls,2030,72.66,Timor-Leste,Asia
tls,2031,72.82,Timor-Leste,Asia
tls,2032,72.98,Timor-Leste,Asia
tls,2033,73.14,Timor-Leste,Asia
tls,2034,73.29,Timor-Leste,Asia
tls,2035,73.45,Timor-Leste,Asia
tls,2036,73.6,Timor-Leste,Asia
tls,2037,73.75,Timor-Leste,Asia
tls,2038,73.89,Timor-Leste,Asia
tls,2039,74.04,Timor-Leste,Asia
tls,2040,74.19,Timor-Leste,Asia
tls,2041,74.33,Timor-Leste,Asia
tls,2042,74.48,Timor-Leste,Asia
tls,2043,74.62,Timor-Leste,Asia
tls,2044,74.77,Timor-Leste,Asia
tls,2045,74.91,Timor-Leste,Asia
tls,2046,75.05,Timor-Leste,Asia
tls,2047,75.19,Timor-Leste,Asia
tls,2048,75.33,Timor-Leste,Asia
tls,2049,75.47,Timor-Leste,Asia
tls,2050,75.6,Timor-Leste,Asia
tls,2051,75.74,Timor-Leste,Asia
tls,2052,75.88,Timor-Leste,Asia
tls,2053,76.01,Timor-Leste,Asia
tls,2054,76.15,Timor-Leste,Asia
tls,2055,76.29,Timor-Leste,Asia
tls,2056,76.42,Timor-Leste,Asia
tls,2057,76.56,Timor-Leste,Asia
tls,2058,76.7,Timor-Leste,Asia
tls,2059,76.83,Timor-Leste,Asia
tls,2060,76.97,Timor-Leste,Asia
tls,2061,77.1,Timor-Leste,Asia
tls,2062,77.24,Timor-Leste,Asia
tls,2063,77.37,Timor-Leste,Asia
tls,2064,77.51,Timor-Leste,Asia
tls,2065,77.64,Timor-Leste,Asia
tls,2066,77.77,Timor-Leste,Asia
tls,2067,77.91,Timor-Leste,Asia
tls,2068,78.04,Timor-Leste,Asia
tls,2069,78.18,Timor-Leste,Asia
tls,2070,78.31,Timor-Leste,Asia
tls,2071,78.45,Timor-Leste,Asia
tls,2072,78.59,Timor-Leste,Asia
tls,2073,78.72,Timor-Leste,Asia
tls,2074,78.86,Timor-Leste,Asia
tls,2075,78.99,Timor-Leste,Asia
tls,2076,79.13,Timor-Leste,Asia
tls,2077,79.26,Timor-Leste,Asia
tls,2078,79.4,Timor-Leste,Asia
tls,2079,79.54,Timor-Leste,Asia
tls,2080,79.67,Timor-Leste,Asia
tls,2081,79.81,Timor-Leste,Asia
tls,2082,79.94,Timor-Leste,Asia
tls,2083,80.08,Timor-Leste,Asia
tls,2084,80.21,Timor-Leste,Asia
tls,2085,80.35,Timor-Leste,Asia
tls,2086,80.49,Timor-Leste,Asia
tls,2087,80.62,Timor-Leste,Asia
tls,2088,80.76,Timor-Leste,Asia
tls,2089,80.9,Timor-Leste,Asia
tls,2090,81.04,Timor-Leste,Asia
tls,2091,81.17,Timor-Leste,Asia
tls,2092,81.31,Timor-Leste,Asia
tls,2093,81.45,Timor-Leste,Asia
tls,2094,81.58,Timor-Leste,Asia
tls,2095,81.72,Timor-Leste,Asia
tls,2096,81.86,Timor-Leste,Asia
tls,2097,82,Timor-Leste,Asia
tls,2098,82.13,Timor-Leste,Asia
tls,2099,82.27,Timor-Leste,Asia
tls,2100,82.41,Timor-Leste,Asia
tgo,1800,31.3,Togo,Africa
tgo,1801,31.3,Togo,Africa
tgo,1802,31.3,Togo,Africa
tgo,1803,31.3,Togo,Africa
tgo,1804,31.3,Togo,Africa
tgo,1805,31.3,Togo,Africa
tgo,1806,31.3,Togo,Africa
tgo,1807,31.3,Togo,Africa
tgo,1808,31.3,Togo,Africa
tgo,1809,31.3,Togo,Africa
tgo,1810,31.3,Togo,Africa
tgo,1811,31.3,Togo,Africa
tgo,1812,31.3,Togo,Africa
tgo,1813,31.3,Togo,Africa
tgo,1814,31.3,Togo,Africa
tgo,1815,31.3,Togo,Africa
tgo,1816,31.3,Togo,Africa
tgo,1817,31.3,Togo,Africa
tgo,1818,31.3,Togo,Africa
tgo,1819,31.3,Togo,Africa
tgo,1820,31.3,Togo,Africa
tgo,1821,31.3,Togo,Africa
tgo,1822,31.3,Togo,Africa
tgo,1823,31.3,Togo,Africa
tgo,1824,31.3,Togo,Africa
tgo,1825,31.3,Togo,Africa
tgo,1826,31.3,Togo,Africa
tgo,1827,31.3,Togo,Africa
tgo,1828,31.3,Togo,Africa
tgo,1829,31.3,Togo,Africa
tgo,1830,31.3,Togo,Africa
tgo,1831,31.3,Togo,Africa
tgo,1832,31.3,Togo,Africa
tgo,1833,31.3,Togo,Africa
tgo,1834,31.3,Togo,Africa
tgo,1835,31.3,Togo,Africa
tgo,1836,31.3,Togo,Africa
tgo,1837,31.3,Togo,Africa
tgo,1838,31.3,Togo,Africa
tgo,1839,31.3,Togo,Africa
tgo,1840,31.3,Togo,Africa
tgo,1841,31.3,Togo,Africa
tgo,1842,31.3,Togo,Africa
tgo,1843,31.3,Togo,Africa
tgo,1844,31.3,Togo,Africa
tgo,1845,31.3,Togo,Africa
tgo,1846,31.3,Togo,Africa
tgo,1847,31.3,Togo,Africa
tgo,1848,31.3,Togo,Africa
tgo,1849,31.3,Togo,Africa
tgo,1850,31.3,Togo,Africa
tgo,1851,31.3,Togo,Africa
tgo,1852,31.3,Togo,Africa
tgo,1853,31.3,Togo,Africa
tgo,1854,31.3,Togo,Africa
tgo,1855,31.3,Togo,Africa
tgo,1856,31.3,Togo,Africa
tgo,1857,31.3,Togo,Africa
tgo,1858,31.3,Togo,Africa
tgo,1859,31.3,Togo,Africa
tgo,1860,31.3,Togo,Africa
tgo,1861,31.3,Togo,Africa
tgo,1862,31.3,Togo,Africa
tgo,1863,31.3,Togo,Africa
tgo,1864,31.3,Togo,Africa
tgo,1865,31.3,Togo,Africa
tgo,1866,31.3,Togo,Africa
tgo,1867,31.3,Togo,Africa
tgo,1868,31.3,Togo,Africa
tgo,1869,31.3,Togo,Africa
tgo,1870,31.3,Togo,Africa
tgo,1871,31.42,Togo,Africa
tgo,1872,31.55,Togo,Africa
tgo,1873,31.67,Togo,Africa
tgo,1874,31.8,Togo,Africa
tgo,1875,31.92,Togo,Africa
tgo,1876,32.05,Togo,Africa
tgo,1877,32.17,Togo,Africa
tgo,1878,32.3,Togo,Africa
tgo,1879,32.42,Togo,Africa
tgo,1880,32.55,Togo,Africa
tgo,1881,32.67,Togo,Africa
tgo,1882,32.8,Togo,Africa
tgo,1883,32.92,Togo,Africa
tgo,1884,33.05,Togo,Africa
tgo,1885,33.17,Togo,Africa
tgo,1886,33.3,Togo,Africa
tgo,1887,33.42,Togo,Africa
tgo,1888,33.55,Togo,Africa
tgo,1889,33.67,Togo,Africa
tgo,1890,33.8,Togo,Africa
tgo,1891,33.92,Togo,Africa
tgo,1892,34.05,Togo,Africa
tgo,1893,34.17,Togo,Africa
tgo,1894,34.3,Togo,Africa
tgo,1895,34.42,Togo,Africa
tgo,1896,34.55,Togo,Africa
tgo,1897,34.67,Togo,Africa
tgo,1898,34.8,Togo,Africa
tgo,1899,34.92,Togo,Africa
tgo,1900,35.05,Togo,Africa
tgo,1901,35.17,Togo,Africa
tgo,1902,35.3,Togo,Africa
tgo,1903,35.42,Togo,Africa
tgo,1904,35.55,Togo,Africa
tgo,1905,35.67,Togo,Africa
tgo,1906,35.8,Togo,Africa
tgo,1907,35.92,Togo,Africa
tgo,1908,36.05,Togo,Africa
tgo,1909,36.17,Togo,Africa
tgo,1910,36.3,Togo,Africa
tgo,1911,36.42,Togo,Africa
tgo,1912,36.55,Togo,Africa
tgo,1913,36.67,Togo,Africa
tgo,1914,36.8,Togo,Africa
tgo,1915,36.92,Togo,Africa
tgo,1916,37.05,Togo,Africa
tgo,1917,37.17,Togo,Africa
tgo,1918,14.43,Togo,Africa
tgo,1919,37.42,Togo,Africa
tgo,1920,37.55,Togo,Africa
tgo,1921,37.67,Togo,Africa
tgo,1922,37.8,Togo,Africa
tgo,1923,37.92,Togo,Africa
tgo,1924,38.05,Togo,Africa
tgo,1925,38.17,Togo,Africa
tgo,1926,38.3,Togo,Africa
tgo,1927,38.42,Togo,Africa
tgo,1928,38.55,Togo,Africa
tgo,1929,38.67,Togo,Africa
tgo,1930,38.8,Togo,Africa
tgo,1931,38.92,Togo,Africa
tgo,1932,39.05,Togo,Africa
tgo,1933,39.17,Togo,Africa
tgo,1934,39.3,Togo,Africa
tgo,1935,39.42,Togo,Africa
tgo,1936,39.55,Togo,Africa
tgo,1937,39.67,Togo,Africa
tgo,1938,39.8,Togo,Africa
tgo,1939,39.92,Togo,Africa
tgo,1940,40.05,Togo,Africa
tgo,1941,40.17,Togo,Africa
tgo,1942,40.3,Togo,Africa
tgo,1943,40.42,Togo,Africa
tgo,1944,40.55,Togo,Africa
tgo,1945,40.67,Togo,Africa
tgo,1946,41.48,Togo,Africa
tgo,1947,42.3,Togo,Africa
tgo,1948,43.12,Togo,Africa
tgo,1949,43.94,Togo,Africa
tgo,1950,44.77,Togo,Africa
tgo,1951,45.01,Togo,Africa
tgo,1952,45.18,Togo,Africa
tgo,1953,45.35,Togo,Africa
tgo,1954,45.65,Togo,Africa
tgo,1955,45.94,Togo,Africa
tgo,1956,46.18,Togo,Africa
tgo,1957,46.45,Togo,Africa
tgo,1958,46.55,Togo,Africa
tgo,1959,46.7,Togo,Africa
tgo,1960,46.95,Togo,Africa
tgo,1961,47.25,Togo,Africa
tgo,1962,47.54,Togo,Africa
tgo,1963,47.86,Togo,Africa
tgo,1964,48.28,Togo,Africa
tgo,1965,48.58,Togo,Africa
tgo,1966,49.28,Togo,Africa
tgo,1967,49.85,Togo,Africa
tgo,1968,50.37,Togo,Africa
tgo,1969,50.94,Togo,Africa
tgo,1970,51.42,Togo,Africa
tgo,1971,51.91,Togo,Africa
tgo,1972,52.4,Togo,Africa
tgo,1973,52.81,Togo,Africa
tgo,1974,53.3,Togo,Africa
tgo,1975,53.7,Togo,Africa
tgo,1976,54.06,Togo,Africa
tgo,1977,54.44,Togo,Africa
tgo,1978,54.87,Togo,Africa
tgo,1979,55.35,Togo,Africa
tgo,1980,55.77,Togo,Africa
tgo,1981,56.11,Togo,Africa
tgo,1982,56.4,Togo,Africa
tgo,1983,56.64,Togo,Africa
tgo,1984,56.86,Togo,Africa
tgo,1985,57.11,Togo,Africa
tgo,1986,57.32,Togo,Africa
tgo,1987,57.35,Togo,Africa
tgo,1988,57.61,Togo,Africa
tgo,1989,57.75,Togo,Africa
tgo,1990,57.98,Togo,Africa
tgo,1991,58.03,Togo,Africa
tgo,1992,58.1,Togo,Africa
tgo,1993,57.93,Togo,Africa
tgo,1994,57.72,Togo,Africa
tgo,1995,57.55,Togo,Africa
tgo,1996,57.22,Togo,Africa
tgo,1997,56.73,Togo,Africa
tgo,1998,56.57,Togo,Africa
tgo,1999,56.54,Togo,Africa
tgo,2000,56.38,Togo,Africa
tgo,2001,56.29,Togo,Africa
tgo,2002,56.29,Togo,Africa
tgo,2003,56.39,Togo,Africa
tgo,2004,56.73,Togo,Africa
tgo,2005,56.91,Togo,Africa
tgo,2006,57.53,Togo,Africa
tgo,2007,57.75,Togo,Africa
tgo,2008,58.11,Togo,Africa
tgo,2009,58.73,Togo,Africa
tgo,2010,59.5,Togo,Africa
tgo,2011,60.23,Togo,Africa
tgo,2012,60.81,Togo,Africa
tgo,2013,61.33,Togo,Africa
tgo,2014,61.82,Togo,Africa
tgo,2015,62.38,Togo,Africa
tgo,2016,63.04,Togo,Africa
tgo,2017,63.76,Togo,Africa
tgo,2018,64.45,Togo,Africa
tgo,2019,65.03,Togo,Africa
tgo,2020,65.16,Togo,Africa
tgo,2021,65.68,Togo,Africa
tgo,2022,66.01,Togo,Africa
tgo,2023,66.33,Togo,Africa
tgo,2024,66.65,Togo,Africa
tgo,2025,66.94,Togo,Africa
tgo,2026,67.23,Togo,Africa
tgo,2027,67.51,Togo,Africa
tgo,2028,67.78,Togo,Africa
tgo,2029,68.04,Togo,Africa
tgo,2030,68.29,Togo,Africa
tgo,2031,68.54,Togo,Africa
tgo,2032,68.78,Togo,Africa
tgo,2033,69.01,Togo,Africa
tgo,2034,69.23,Togo,Africa
tgo,2035,69.45,Togo,Africa
tgo,2036,69.67,Togo,Africa
tgo,2037,69.88,Togo,Africa
tgo,2038,70.08,Togo,Africa
tgo,2039,70.28,Togo,Africa
tgo,2040,70.47,Togo,Africa
tgo,2041,70.66,Togo,Africa
tgo,2042,70.85,Togo,Africa
tgo,2043,71.03,Togo,Africa
tgo,2044,71.21,Togo,Africa
tgo,2045,71.39,Togo,Africa
tgo,2046,71.56,Togo,Africa
tgo,2047,71.73,Togo,Africa
tgo,2048,71.9,Togo,Africa
tgo,2049,72.07,Togo,Africa
tgo,2050,72.23,Togo,Africa
tgo,2051,72.39,Togo,Africa
tgo,2052,72.55,Togo,Africa
tgo,2053,72.7,Togo,Africa
tgo,2054,72.86,Togo,Africa
tgo,2055,73.01,Togo,Africa
tgo,2056,73.16,Togo,Africa
tgo,2057,73.31,Togo,Africa
tgo,2058,73.46,Togo,Africa
tgo,2059,73.61,Togo,Africa
tgo,2060,73.75,Togo,Africa
tgo,2061,73.9,Togo,Africa
tgo,2062,74.05,Togo,Africa
tgo,2063,74.19,Togo,Africa
tgo,2064,74.33,Togo,Africa
tgo,2065,74.48,Togo,Africa
tgo,2066,74.62,Togo,Africa
tgo,2067,74.75,Togo,Africa
tgo,2068,74.89,Togo,Africa
tgo,2069,75.03,Togo,Africa
tgo,2070,75.17,Togo,Africa
tgo,2071,75.31,Togo,Africa
tgo,2072,75.44,Togo,Africa
tgo,2073,75.58,Togo,Africa
tgo,2074,75.71,Togo,Africa
tgo,2075,75.84,Togo,Africa
tgo,2076,75.97,Togo,Africa
tgo,2077,76.1,Togo,Africa
tgo,2078,76.23,Togo,Africa
tgo,2079,76.36,Togo,Africa
tgo,2080,76.49,Togo,Africa
tgo,2081,76.62,Togo,Africa
tgo,2082,76.75,Togo,Africa
tgo,2083,76.88,Togo,Africa
tgo,2084,77.01,Togo,Africa
tgo,2085,77.14,Togo,Africa
tgo,2086,77.27,Togo,Africa
tgo,2087,77.4,Togo,Africa
tgo,2088,77.53,Togo,Africa
tgo,2089,77.66,Togo,Africa
tgo,2090,77.79,Togo,Africa
tgo,2091,77.92,Togo,Africa
tgo,2092,78.05,Togo,Africa
tgo,2093,78.18,Togo,Africa
tgo,2094,78.31,Togo,Africa
tgo,2095,78.45,Togo,Africa
tgo,2096,78.58,Togo,Africa
tgo,2097,78.72,Togo,Africa
tgo,2098,78.86,Togo,Africa
tgo,2099,78.99,Togo,Africa
tgo,2100,79.13,Togo,Africa
ton,1800,28.2,Tonga,Oceania
ton,1801,28.2,Tonga,Oceania
ton,1802,28.2,Tonga,Oceania
ton,1803,28.2,Tonga,Oceania
ton,1804,28.2,Tonga,Oceania
ton,1805,28.2,Tonga,Oceania
ton,1806,28.2,Tonga,Oceania
ton,1807,28.2,Tonga,Oceania
ton,1808,28.2,Tonga,Oceania
ton,1809,28.2,Tonga,Oceania
ton,1810,28.2,Tonga,Oceania
ton,1811,28.2,Tonga,Oceania
ton,1812,28.2,Tonga,Oceania
ton,1813,28.2,Tonga,Oceania
ton,1814,28.2,Tonga,Oceania
ton,1815,28.2,Tonga,Oceania
ton,1816,28.2,Tonga,Oceania
ton,1817,28.2,Tonga,Oceania
ton,1818,28.2,Tonga,Oceania
ton,1819,28.2,Tonga,Oceania
ton,1820,28.2,Tonga,Oceania
ton,1821,28.2,Tonga,Oceania
ton,1822,28.2,Tonga,Oceania
ton,1823,28.2,Tonga,Oceania
ton,1824,28.2,Tonga,Oceania
ton,1825,28.2,Tonga,Oceania
ton,1826,28.2,Tonga,Oceania
ton,1827,28.2,Tonga,Oceania
ton,1828,28.2,Tonga,Oceania
ton,1829,28.2,Tonga,Oceania
ton,1830,28.2,Tonga,Oceania
ton,1831,28.2,Tonga,Oceania
ton,1832,28.2,Tonga,Oceania
ton,1833,28.2,Tonga,Oceania
ton,1834,28.2,Tonga,Oceania
ton,1835,28.2,Tonga,Oceania
ton,1836,28.2,Tonga,Oceania
ton,1837,28.2,Tonga,Oceania
ton,1838,28.2,Tonga,Oceania
ton,1839,28.2,Tonga,Oceania
ton,1840,28.2,Tonga,Oceania
ton,1841,28.2,Tonga,Oceania
ton,1842,28.2,Tonga,Oceania
ton,1843,28.2,Tonga,Oceania
ton,1844,28.2,Tonga,Oceania
ton,1845,28.2,Tonga,Oceania
ton,1846,28.2,Tonga,Oceania
ton,1847,28.2,Tonga,Oceania
ton,1848,28.2,Tonga,Oceania
ton,1849,28.2,Tonga,Oceania
ton,1850,28.2,Tonga,Oceania
ton,1851,28.2,Tonga,Oceania
ton,1852,28.2,Tonga,Oceania
ton,1853,28.2,Tonga,Oceania
ton,1854,28.2,Tonga,Oceania
ton,1855,28.2,Tonga,Oceania
ton,1856,28.2,Tonga,Oceania
ton,1857,28.2,Tonga,Oceania
ton,1858,28.2,Tonga,Oceania
ton,1859,28.2,Tonga,Oceania
ton,1860,28.2,Tonga,Oceania
ton,1861,28.2,Tonga,Oceania
ton,1862,28.2,Tonga,Oceania
ton,1863,28.2,Tonga,Oceania
ton,1864,28.2,Tonga,Oceania
ton,1865,28.2,Tonga,Oceania
ton,1866,28.2,Tonga,Oceania
ton,1867,28.2,Tonga,Oceania
ton,1868,28.2,Tonga,Oceania
ton,1869,28.2,Tonga,Oceania
ton,1870,28.2,Tonga,Oceania
ton,1871,28.22,Tonga,Oceania
ton,1872,28.24,Tonga,Oceania
ton,1873,28.26,Tonga,Oceania
ton,1874,28.29,Tonga,Oceania
ton,1875,28.31,Tonga,Oceania
ton,1876,28.33,Tonga,Oceania
ton,1877,28.35,Tonga,Oceania
ton,1878,28.37,Tonga,Oceania
ton,1879,28.39,Tonga,Oceania
ton,1880,28.42,Tonga,Oceania
ton,1881,28.44,Tonga,Oceania
ton,1882,28.46,Tonga,Oceania
ton,1883,28.48,Tonga,Oceania
ton,1884,28.5,Tonga,Oceania
ton,1885,28.52,Tonga,Oceania
ton,1886,28.55,Tonga,Oceania
ton,1887,28.57,Tonga,Oceania
ton,1888,28.59,Tonga,Oceania
ton,1889,28.61,Tonga,Oceania
ton,1890,28.63,Tonga,Oceania
ton,1891,28.65,Tonga,Oceania
ton,1892,28.67,Tonga,Oceania
ton,1893,8.14,Tonga,Oceania
ton,1894,28.72,Tonga,Oceania
ton,1895,28.74,Tonga,Oceania
ton,1896,28.76,Tonga,Oceania
ton,1897,28.78,Tonga,Oceania
ton,1898,28.8,Tonga,Oceania
ton,1899,28.83,Tonga,Oceania
ton,1900,28.85,Tonga,Oceania
ton,1901,28.87,Tonga,Oceania
ton,1902,28.89,Tonga,Oceania
ton,1903,28.91,Tonga,Oceania
ton,1904,28.93,Tonga,Oceania
ton,1905,28.95,Tonga,Oceania
ton,1906,28.98,Tonga,Oceania
ton,1907,29,Tonga,Oceania
ton,1908,29.02,Tonga,Oceania
ton,1909,29.04,Tonga,Oceania
ton,1910,29.06,Tonga,Oceania
ton,1911,29.08,Tonga,Oceania
ton,1912,29.11,Tonga,Oceania
ton,1913,29.13,Tonga,Oceania
ton,1914,29.15,Tonga,Oceania
ton,1915,29.17,Tonga,Oceania
ton,1916,29.19,Tonga,Oceania
ton,1917,29.21,Tonga,Oceania
ton,1918,6.05,Tonga,Oceania
ton,1919,29.26,Tonga,Oceania
ton,1920,29.28,Tonga,Oceania
ton,1921,29.3,Tonga,Oceania
ton,1922,29.32,Tonga,Oceania
ton,1923,29.34,Tonga,Oceania
ton,1924,29.36,Tonga,Oceania
ton,1925,29.39,Tonga,Oceania
ton,1926,30.65,Tonga,Oceania
ton,1927,31.91,Tonga,Oceania
ton,1928,33.18,Tonga,Oceania
ton,1929,34.44,Tonga,Oceania
ton,1930,35.71,Tonga,Oceania
ton,1931,36.98,Tonga,Oceania
ton,1932,38.26,Tonga,Oceania
ton,1933,39.53,Tonga,Oceania
ton,1934,40.81,Tonga,Oceania
ton,1935,42.08,Tonga,Oceania
ton,1936,43.36,Tonga,Oceania
ton,1937,44.64,Tonga,Oceania
ton,1938,45.93,Tonga,Oceania
ton,1939,47.21,Tonga,Oceania
ton,1940,48.5,Tonga,Oceania
ton,1941,49.79,Tonga,Oceania
ton,1942,51.08,Tonga,Oceania
ton,1943,52.37,Tonga,Oceania
ton,1944,53.67,Tonga,Oceania
ton,1945,54.96,Tonga,Oceania
ton,1946,56.26,Tonga,Oceania
ton,1947,57.56,Tonga,Oceania
ton,1948,58.86,Tonga,Oceania
ton,1949,60.17,Tonga,Oceania
ton,1950,61.47,Tonga,Oceania
ton,1951,61.75,Tonga,Oceania
ton,1952,62.04,Tonga,Oceania
ton,1953,62.34,Tonga,Oceania
ton,1954,62.65,Tonga,Oceania
ton,1955,62.96,Tonga,Oceania
ton,1956,63.26,Tonga,Oceania
ton,1957,63.56,Tonga,Oceania
ton,1958,63.89,Tonga,Oceania
ton,1959,64.24,Tonga,Oceania
ton,1960,64.58,Tonga,Oceania
ton,1961,64.84,Tonga,Oceania
ton,1962,65.2,Tonga,Oceania
ton,1963,65.4,Tonga,Oceania
ton,1964,65.55,Tonga,Oceania
ton,1965,65.71,Tonga,Oceania
ton,1966,65.91,Tonga,Oceania
ton,1967,66.03,Tonga,Oceania
ton,1968,66.16,Tonga,Oceania
ton,1969,66.36,Tonga,Oceania
ton,1970,66.54,Tonga,Oceania
ton,1971,66.71,Tonga,Oceania
ton,1972,66.88,Tonga,Oceania
ton,1973,66.94,Tonga,Oceania
ton,1974,67.24,Tonga,Oceania
ton,1975,67.43,Tonga,Oceania
ton,1976,67.6,Tonga,Oceania
ton,1977,67.73,Tonga,Oceania
ton,1978,67.94,Tonga,Oceania
ton,1979,68.12,Tonga,Oceania
ton,1980,68.37,Tonga,Oceania
ton,1981,68.6,Tonga,Oceania
ton,1982,68.68,Tonga,Oceania
ton,1983,69.26,Tonga,Oceania
ton,1984,69.6,Tonga,Oceania
ton,1985,69.91,Tonga,Oceania
ton,1986,70.2,Tonga,Oceania
ton,1987,70.46,Tonga,Oceania
ton,1988,70.66,Tonga,Oceania
ton,1989,70.83,Tonga,Oceania
ton,1990,70.95,Tonga,Oceania
ton,1991,71.14,Tonga,Oceania
ton,1992,71.37,Tonga,Oceania
ton,1993,71.34,Tonga,Oceania
ton,1994,71.34,Tonga,Oceania
ton,1995,71.56,Tonga,Oceania
ton,1996,71.58,Tonga,Oceania
ton,1997,71.41,Tonga,Oceania
ton,1998,70.97,Tonga,Oceania
ton,1999,70.6,Tonga,Oceania
ton,2000,70.73,Tonga,Oceania
ton,2001,70.98,Tonga,Oceania
ton,2002,71.03,Tonga,Oceania
ton,2003,71.06,Tonga,Oceania
ton,2004,71.37,Tonga,Oceania
ton,2005,72.02,Tonga,Oceania
ton,2006,72.14,Tonga,Oceania
ton,2007,72.13,Tonga,Oceania
ton,2008,72.12,Tonga,Oceania
ton,2009,69.96,Tonga,Oceania
ton,2010,72.21,Tonga,Oceania
ton,2011,72.3,Tonga,Oceania
ton,2012,72.38,Tonga,Oceania
ton,2013,72.45,Tonga,Oceania
ton,2014,72.49,Tonga,Oceania
ton,2015,72.59,Tonga,Oceania
ton,2016,72.67,Tonga,Oceania
ton,2017,72.77,Tonga,Oceania
ton,2018,72.87,Tonga,Oceania
ton,2019,72.98,Tonga,Oceania
ton,2020,73.03,Tonga,Oceania
ton,2021,73.21,Tonga,Oceania
ton,2022,73.33,Tonga,Oceania
ton,2023,73.45,Tonga,Oceania
ton,2024,73.57,Tonga,Oceania
ton,2025,73.68,Tonga,Oceania
ton,2026,73.8,Tonga,Oceania
ton,2027,73.91,Tonga,Oceania
ton,2028,74.03,Tonga,Oceania
ton,2029,74.14,Tonga,Oceania
ton,2030,74.26,Tonga,Oceania
ton,2031,74.37,Tonga,Oceania
ton,2032,74.49,Tonga,Oceania
ton,2033,74.6,Tonga,Oceania
ton,2034,74.71,Tonga,Oceania
ton,2035,74.83,Tonga,Oceania
ton,2036,74.94,Tonga,Oceania
ton,2037,75.06,Tonga,Oceania
ton,2038,75.17,Tonga,Oceania
ton,2039,75.29,Tonga,Oceania
ton,2040,75.4,Tonga,Oceania
ton,2041,75.52,Tonga,Oceania
ton,2042,75.63,Tonga,Oceania
ton,2043,75.74,Tonga,Oceania
ton,2044,75.86,Tonga,Oceania
ton,2045,75.97,Tonga,Oceania
ton,2046,76.08,Tonga,Oceania
ton,2047,76.19,Tonga,Oceania
ton,2048,76.3,Tonga,Oceania
ton,2049,76.41,Tonga,Oceania
ton,2050,76.52,Tonga,Oceania
ton,2051,76.63,Tonga,Oceania
ton,2052,76.74,Tonga,Oceania
ton,2053,76.85,Tonga,Oceania
ton,2054,76.96,Tonga,Oceania
ton,2055,77.08,Tonga,Oceania
ton,2056,77.19,Tonga,Oceania
ton,2057,77.3,Tonga,Oceania
ton,2058,77.41,Tonga,Oceania
ton,2059,77.53,Tonga,Oceania
ton,2060,77.64,Tonga,Oceania
ton,2061,77.76,Tonga,Oceania
ton,2062,77.87,Tonga,Oceania
ton,2063,77.99,Tonga,Oceania
ton,2064,78.1,Tonga,Oceania
ton,2065,78.22,Tonga,Oceania
ton,2066,78.34,Tonga,Oceania
ton,2067,78.46,Tonga,Oceania
ton,2068,78.58,Tonga,Oceania
ton,2069,78.7,Tonga,Oceania
ton,2070,78.81,Tonga,Oceania
ton,2071,78.93,Tonga,Oceania
ton,2072,79.05,Tonga,Oceania
ton,2073,79.18,Tonga,Oceania
ton,2074,79.3,Tonga,Oceania
ton,2075,79.42,Tonga,Oceania
ton,2076,79.55,Tonga,Oceania
ton,2077,79.67,Tonga,Oceania
ton,2078,79.8,Tonga,Oceania
ton,2079,79.93,Tonga,Oceania
ton,2080,80.06,Tonga,Oceania
ton,2081,80.19,Tonga,Oceania
ton,2082,80.32,Tonga,Oceania
ton,2083,80.45,Tonga,Oceania
ton,2084,80.58,Tonga,Oceania
ton,2085,80.71,Tonga,Oceania
ton,2086,80.84,Tonga,Oceania
ton,2087,80.97,Tonga,Oceania
ton,2088,81.1,Tonga,Oceania
ton,2089,81.23,Tonga,Oceania
ton,2090,81.37,Tonga,Oceania
ton,2091,81.5,Tonga,Oceania
ton,2092,81.64,Tonga,Oceania
ton,2093,81.77,Tonga,Oceania
ton,2094,81.91,Tonga,Oceania
ton,2095,82.04,Tonga,Oceania
ton,2096,82.18,Tonga,Oceania
ton,2097,82.31,Tonga,Oceania
ton,2098,82.45,Tonga,Oceania
ton,2099,82.58,Tonga,Oceania
ton,2100,82.72,Tonga,Oceania
tto,1800,32.9,Trinidad and Tobago,North America
tto,1801,32.9,Trinidad and Tobago,North America
tto,1802,32.9,Trinidad and Tobago,North America
tto,1803,32.9,Trinidad and Tobago,North America
tto,1804,32.9,Trinidad and Tobago,North America
tto,1805,32.9,Trinidad and Tobago,North America
tto,1806,32.9,Trinidad and Tobago,North America
tto,1807,32.9,Trinidad and Tobago,North America
tto,1808,32.9,Trinidad and Tobago,North America
tto,1809,32.9,Trinidad and Tobago,North America
tto,1810,32.9,Trinidad and Tobago,North America
tto,1811,32.9,Trinidad and Tobago,North America
tto,1812,32.9,Trinidad and Tobago,North America
tto,1813,32.9,Trinidad and Tobago,North America
tto,1814,32.9,Trinidad and Tobago,North America
tto,1815,32.9,Trinidad and Tobago,North America
tto,1816,32.9,Trinidad and Tobago,North America
tto,1817,32.9,Trinidad and Tobago,North America
tto,1818,32.9,Trinidad and Tobago,North America
tto,1819,32.9,Trinidad and Tobago,North America
tto,1820,32.9,Trinidad and Tobago,North America
tto,1821,32.9,Trinidad and Tobago,North America
tto,1822,32.9,Trinidad and Tobago,North America
tto,1823,32.9,Trinidad and Tobago,North America
tto,1824,32.9,Trinidad and Tobago,North America
tto,1825,32.9,Trinidad and Tobago,North America
tto,1826,32.9,Trinidad and Tobago,North America
tto,1827,32.9,Trinidad and Tobago,North America
tto,1828,32.9,Trinidad and Tobago,North America
tto,1829,32.9,Trinidad and Tobago,North America
tto,1830,32.9,Trinidad and Tobago,North America
tto,1831,32.9,Trinidad and Tobago,North America
tto,1832,32.9,Trinidad and Tobago,North America
tto,1833,32.9,Trinidad and Tobago,North America
tto,1834,32.9,Trinidad and Tobago,North America
tto,1835,32.9,Trinidad and Tobago,North America
tto,1836,32.9,Trinidad and Tobago,North America
tto,1837,32.9,Trinidad and Tobago,North America
tto,1838,32.9,Trinidad and Tobago,North America
tto,1839,33.88,Trinidad and Tobago,North America
tto,1840,34.87,Trinidad and Tobago,North America
tto,1841,35.85,Trinidad and Tobago,North America
tto,1842,36.83,Trinidad and Tobago,North America
tto,1843,37.82,Trinidad and Tobago,North America
tto,1844,38.8,Trinidad and Tobago,North America
tto,1845,38.8,Trinidad and Tobago,North America
tto,1846,38.8,Trinidad and Tobago,North America
tto,1847,38.8,Trinidad and Tobago,North America
tto,1848,38.8,Trinidad and Tobago,North America
tto,1849,38.8,Trinidad and Tobago,North America
tto,1850,38.8,Trinidad and Tobago,North America
tto,1851,38.8,Trinidad and Tobago,North America
tto,1852,38.8,Trinidad and Tobago,North America
tto,1853,38.8,Trinidad and Tobago,North America
tto,1854,38.8,Trinidad and Tobago,North America
tto,1855,38.8,Trinidad and Tobago,North America
tto,1856,38.8,Trinidad and Tobago,North America
tto,1857,38.8,Trinidad and Tobago,North America
tto,1858,38.8,Trinidad and Tobago,North America
tto,1859,38.8,Trinidad and Tobago,North America
tto,1860,38.8,Trinidad and Tobago,North America
tto,1861,38.8,Trinidad and Tobago,North America
tto,1862,38.8,Trinidad and Tobago,North America
tto,1863,38.8,Trinidad and Tobago,North America
tto,1864,38.8,Trinidad and Tobago,North America
tto,1865,38.8,Trinidad and Tobago,North America
tto,1866,38.8,Trinidad and Tobago,North America
tto,1867,38.8,Trinidad and Tobago,North America
tto,1868,38.8,Trinidad and Tobago,North America
tto,1869,38.8,Trinidad and Tobago,North America
tto,1870,38.8,Trinidad and Tobago,North America
tto,1871,38.8,Trinidad and Tobago,North America
tto,1872,38.81,Trinidad and Tobago,North America
tto,1873,38.81,Trinidad and Tobago,North America
tto,1874,38.82,Trinidad and Tobago,North America
tto,1875,38.82,Trinidad and Tobago,North America
tto,1876,38.82,Trinidad and Tobago,North America
tto,1877,38.83,Trinidad and Tobago,North America
tto,1878,38.83,Trinidad and Tobago,North America
tto,1879,38.84,Trinidad and Tobago,North America
tto,1880,38.84,Trinidad and Tobago,North America
tto,1881,38.84,Trinidad and Tobago,North America
tto,1882,38.85,Trinidad and Tobago,North America
tto,1883,38.85,Trinidad and Tobago,North America
tto,1884,38.86,Trinidad and Tobago,North America
tto,1885,38.86,Trinidad and Tobago,North America
tto,1886,38.86,Trinidad and Tobago,North America
tto,1887,38.87,Trinidad and Tobago,North America
tto,1888,38.87,Trinidad and Tobago,North America
tto,1889,38.88,Trinidad and Tobago,North America
tto,1890,38.88,Trinidad and Tobago,North America
tto,1891,38.88,Trinidad and Tobago,North America
tto,1892,38.89,Trinidad and Tobago,North America
tto,1893,38.89,Trinidad and Tobago,North America
tto,1894,38.9,Trinidad and Tobago,North America
tto,1895,38.9,Trinidad and Tobago,North America
tto,1896,38.9,Trinidad and Tobago,North America
tto,1897,38.91,Trinidad and Tobago,North America
tto,1898,38.91,Trinidad and Tobago,North America
tto,1899,38.92,Trinidad and Tobago,North America
tto,1900,38.92,Trinidad and Tobago,North America
tto,1901,38.92,Trinidad and Tobago,North America
tto,1902,38.93,Trinidad and Tobago,North America
tto,1903,38.93,Trinidad and Tobago,North America
tto,1904,38.94,Trinidad and Tobago,North America
tto,1905,38.94,Trinidad and Tobago,North America
tto,1906,38.94,Trinidad and Tobago,North America
tto,1907,38.95,Trinidad and Tobago,North America
tto,1908,38.95,Trinidad and Tobago,North America
tto,1909,38.96,Trinidad and Tobago,North America
tto,1910,38.96,Trinidad and Tobago,North America
tto,1911,38.96,Trinidad and Tobago,North America
tto,1912,38.97,Trinidad and Tobago,North America
tto,1913,38.97,Trinidad and Tobago,North America
tto,1914,38.98,Trinidad and Tobago,North America
tto,1915,38.98,Trinidad and Tobago,North America
tto,1916,38.98,Trinidad and Tobago,North America
tto,1917,38.99,Trinidad and Tobago,North America
tto,1918,25.29,Trinidad and Tobago,North America
tto,1919,39,Trinidad and Tobago,North America
tto,1920,39,Trinidad and Tobago,North America
tto,1921,39,Trinidad and Tobago,North America
tto,1922,39.7,Trinidad and Tobago,North America
tto,1923,40.4,Trinidad and Tobago,North America
tto,1924,41.1,Trinidad and Tobago,North America
tto,1925,41.8,Trinidad and Tobago,North America
tto,1926,42.49,Trinidad and Tobago,North America
tto,1927,43.19,Trinidad and Tobago,North America
tto,1928,43.89,Trinidad and Tobago,North America
tto,1929,44.59,Trinidad and Tobago,North America
tto,1930,45.29,Trinidad and Tobago,North America
tto,1931,45.99,Trinidad and Tobago,North America
tto,1932,46.58,Trinidad and Tobago,North America
tto,1933,47.18,Trinidad and Tobago,North America
tto,1934,47.77,Trinidad and Tobago,North America
tto,1935,48.37,Trinidad and Tobago,North America
tto,1936,48.96,Trinidad and Tobago,North America
tto,1937,49.56,Trinidad and Tobago,North America
tto,1938,50.16,Trinidad and Tobago,North America
tto,1939,50.75,Trinidad and Tobago,North America
tto,1940,51.35,Trinidad and Tobago,North America
tto,1941,51.94,Trinidad and Tobago,North America
tto,1942,52.54,Trinidad and Tobago,North America
tto,1943,53.14,Trinidad and Tobago,North America
tto,1944,53.73,Trinidad and Tobago,North America
tto,1945,54.33,Trinidad and Tobago,North America
tto,1946,54.93,Trinidad and Tobago,North America
tto,1947,55.54,Trinidad and Tobago,North America
tto,1948,56.14,Trinidad and Tobago,North America
tto,1949,56.75,Trinidad and Tobago,North America
tto,1950,57.36,Trinidad and Tobago,North America
tto,1951,57.56,Trinidad and Tobago,North America
tto,1952,58.63,Trinidad and Tobago,North America
tto,1953,59.87,Trinidad and Tobago,North America
tto,1954,60.92,Trinidad and Tobago,North America
tto,1955,60.89,Trinidad and Tobago,North America
tto,1956,61.97,Trinidad and Tobago,North America
tto,1957,61.97,Trinidad and Tobago,North America
tto,1958,62.72,Trinidad and Tobago,North America
tto,1959,62.84,Trinidad and Tobago,North America
tto,1960,64.32,Trinidad and Tobago,North America
tto,1961,64.3,Trinidad and Tobago,North America
tto,1962,64.75,Trinidad and Tobago,North America
tto,1963,65.05,Trinidad and Tobago,North America
tto,1964,64.87,Trinidad and Tobago,North America
tto,1965,65.13,Trinidad and Tobago,North America
tto,1966,65.79,Trinidad and Tobago,North America
tto,1967,65.59,Trinidad and Tobago,North America
tto,1968,65.5,Trinidad and Tobago,North America
tto,1969,65.3,Trinidad and Tobago,North America
tto,1970,65.35,Trinidad and Tobago,North America
tto,1971,65.46,Trinidad and Tobago,North America
tto,1972,65.52,Trinidad and Tobago,North America
tto,1973,65.32,Trinidad and Tobago,North America
tto,1974,66.58,Trinidad and Tobago,North America
tto,1975,66.78,Trinidad and Tobago,North America
tto,1976,66.23,Trinidad and Tobago,North America
tto,1977,66.47,Trinidad and Tobago,North America
tto,1978,67.78,Trinidad and Tobago,North America
tto,1979,67.84,Trinidad and Tobago,North America
tto,1980,67.64,Trinidad and Tobago,North America
tto,1981,68.27,Trinidad and Tobago,North America
tto,1982,67.71,Trinidad and Tobago,North America
tto,1983,68.46,Trinidad and Tobago,North America
tto,1984,68.19,Trinidad and Tobago,North America
tto,1985,68.31,Trinidad and Tobago,North America
tto,1986,69.02,Trinidad and Tobago,North America
tto,1987,68.94,Trinidad and Tobago,North America
tto,1988,69.04,Trinidad and Tobago,North America
tto,1989,69.07,Trinidad and Tobago,North America
tto,1990,69.6,Trinidad and Tobago,North America
tto,1991,69.86,Trinidad and Tobago,North America
tto,1992,69.73,Trinidad and Tobago,North America
tto,1993,69.38,Trinidad and Tobago,North America
tto,1994,69.21,Trinidad and Tobago,North America
tto,1995,69.82,Trinidad and Tobago,North America
tto,1996,69.52,Trinidad and Tobago,North America
tto,1997,70.23,Trinidad and Tobago,North America
tto,1998,69.89,Trinidad and Tobago,North America
tto,1999,69.78,Trinidad and Tobago,North America
tto,2000,70.47,Trinidad and Tobago,North America
tto,2001,70.59,Trinidad and Tobago,North America
tto,2002,71.18,Trinidad and Tobago,North America
tto,2003,71.11,Trinidad and Tobago,North America
tto,2004,71.59,Trinidad and Tobago,North America
tto,2005,71.93,Trinidad and Tobago,North America
tto,2006,72.53,Trinidad and Tobago,North America
tto,2007,72.76,Trinidad and Tobago,North America
tto,2008,72.4,Trinidad and Tobago,North America
tto,2009,73.23,Trinidad and Tobago,North America
tto,2010,73.73,Trinidad and Tobago,North America
tto,2011,74.45,Trinidad and Tobago,North America
tto,2012,75.09,Trinidad and Tobago,North America
tto,2013,74.94,Trinidad and Tobago,North America
tto,2014,74.9,Trinidad and Tobago,North America
tto,2015,74.92,Trinidad and Tobago,North America
tto,2016,74.78,Trinidad and Tobago,North America
tto,2017,74.8,Trinidad and Tobago,North America
tto,2018,74.84,Trinidad and Tobago,North America
tto,2019,74.88,Trinidad and Tobago,North America
tto,2020,74.82,Trinidad and Tobago,North America
tto,2021,75.12,Trinidad and Tobago,North America
tto,2022,75.24,Trinidad and Tobago,North America
tto,2023,75.36,Trinidad and Tobago,North America
tto,2024,75.48,Trinidad and Tobago,North America
tto,2025,75.6,Trinidad and Tobago,North America
tto,2026,75.73,Trinidad and Tobago,North America
tto,2027,75.86,Trinidad and Tobago,North America
tto,2028,75.98,Trinidad and Tobago,North America
tto,2029,76.11,Trinidad and Tobago,North America
tto,2030,76.24,Trinidad and Tobago,North America
tto,2031,76.37,Trinidad and Tobago,North America
tto,2032,76.5,Trinidad and Tobago,North America
tto,2033,76.62,Trinidad and Tobago,North America
tto,2034,76.75,Trinidad and Tobago,North America
tto,2035,76.88,Trinidad and Tobago,North America
tto,2036,77.01,Trinidad and Tobago,North America
tto,2037,77.14,Trinidad and Tobago,North America
tto,2038,77.27,Trinidad and Tobago,North America
tto,2039,77.4,Trinidad and Tobago,North America
tto,2040,77.53,Trinidad and Tobago,North America
tto,2041,77.66,Trinidad and Tobago,North America
tto,2042,77.79,Trinidad and Tobago,North America
tto,2043,77.92,Trinidad and Tobago,North America
tto,2044,78.05,Trinidad and Tobago,North America
tto,2045,78.18,Trinidad and Tobago,North America
tto,2046,78.32,Trinidad and Tobago,North America
tto,2047,78.45,Trinidad and Tobago,North America
tto,2048,78.58,Trinidad and Tobago,North America
tto,2049,78.71,Trinidad and Tobago,North America
tto,2050,78.85,Trinidad and Tobago,North America
tto,2051,78.98,Trinidad and Tobago,North America
tto,2052,79.12,Trinidad and Tobago,North America
tto,2053,79.25,Trinidad and Tobago,North America
tto,2054,79.38,Trinidad and Tobago,North America
tto,2055,79.52,Trinidad and Tobago,North America
tto,2056,79.65,Trinidad and Tobago,North America
tto,2057,79.79,Trinidad and Tobago,North America
tto,2058,79.93,Trinidad and Tobago,North America
tto,2059,80.06,Trinidad and Tobago,North America
tto,2060,80.2,Trinidad and Tobago,North America
tto,2061,80.34,Trinidad and Tobago,North America
tto,2062,80.47,Trinidad and Tobago,North America
tto,2063,80.61,Trinidad and Tobago,North America
tto,2064,80.75,Trinidad and Tobago,North America
tto,2065,80.89,Trinidad and Tobago,North America
tto,2066,81.02,Trinidad and Tobago,North America
tto,2067,81.16,Trinidad and Tobago,North America
tto,2068,81.3,Trinidad and Tobago,North America
tto,2069,81.44,Trinidad and Tobago,North America
tto,2070,81.58,Trinidad and Tobago,North America
tto,2071,81.72,Trinidad and Tobago,North America
tto,2072,81.86,Trinidad and Tobago,North America
tto,2073,82,Trinidad and Tobago,North America
tto,2074,82.14,Trinidad and Tobago,North America
tto,2075,82.28,Trinidad and Tobago,North America
tto,2076,82.42,Trinidad and Tobago,North America
tto,2077,82.57,Trinidad and Tobago,North America
tto,2078,82.71,Trinidad and Tobago,North America
tto,2079,82.85,Trinidad and Tobago,North America
tto,2080,82.99,Trinidad and Tobago,North America
tto,2081,83.13,Trinidad and Tobago,North America
tto,2082,83.27,Trinidad and Tobago,North America
tto,2083,83.4,Trinidad and Tobago,North America
tto,2084,83.54,Trinidad and Tobago,North America
tto,2085,83.68,Trinidad and Tobago,North America
tto,2086,83.81,Trinidad and Tobago,North America
tto,2087,83.95,Trinidad and Tobago,North America
tto,2088,84.09,Trinidad and Tobago,North America
tto,2089,84.22,Trinidad and Tobago,North America
tto,2090,84.35,Trinidad and Tobago,North America
tto,2091,84.49,Trinidad and Tobago,North America
tto,2092,84.62,Trinidad and Tobago,North America
tto,2093,84.75,Trinidad and Tobago,North America
tto,2094,84.88,Trinidad and Tobago,North America
tto,2095,85.01,Trinidad and Tobago,North America
tto,2096,85.13,Trinidad and Tobago,North America
tto,2097,85.26,Trinidad and Tobago,North America
tto,2098,85.38,Trinidad and Tobago,North America
tto,2099,85.51,Trinidad and Tobago,North America
tto,2100,85.63,Trinidad and Tobago,North America
tun,1800,28.8,Tunisia,Africa
tun,1801,28.8,Tunisia,Africa
tun,1802,28.8,Tunisia,Africa
tun,1803,28.8,Tunisia,Africa
tun,1804,28.8,Tunisia,Africa
tun,1805,28.8,Tunisia,Africa
tun,1806,28.8,Tunisia,Africa
tun,1807,28.8,Tunisia,Africa
tun,1808,28.8,Tunisia,Africa
tun,1809,28.8,Tunisia,Africa
tun,1810,28.8,Tunisia,Africa
tun,1811,28.8,Tunisia,Africa
tun,1812,28.8,Tunisia,Africa
tun,1813,28.8,Tunisia,Africa
tun,1814,28.8,Tunisia,Africa
tun,1815,28.8,Tunisia,Africa
tun,1816,28.8,Tunisia,Africa
tun,1817,28.8,Tunisia,Africa
tun,1818,5.5,Tunisia,Africa
tun,1819,1.5,Tunisia,Africa
tun,1820,6.5,Tunisia,Africa
tun,1821,28.8,Tunisia,Africa
tun,1822,28.8,Tunisia,Africa
tun,1823,28.8,Tunisia,Africa
tun,1824,28.8,Tunisia,Africa
tun,1825,28.8,Tunisia,Africa
tun,1826,28.8,Tunisia,Africa
tun,1827,28.8,Tunisia,Africa
tun,1828,28.8,Tunisia,Africa
tun,1829,28.8,Tunisia,Africa
tun,1830,28.8,Tunisia,Africa
tun,1831,28.8,Tunisia,Africa
tun,1832,28.8,Tunisia,Africa
tun,1833,28.8,Tunisia,Africa
tun,1834,28.8,Tunisia,Africa
tun,1835,28.8,Tunisia,Africa
tun,1836,28.8,Tunisia,Africa
tun,1837,28.8,Tunisia,Africa
tun,1838,28.8,Tunisia,Africa
tun,1839,28.8,Tunisia,Africa
tun,1840,28.8,Tunisia,Africa
tun,1841,28.8,Tunisia,Africa
tun,1842,28.8,Tunisia,Africa
tun,1843,28.8,Tunisia,Africa
tun,1844,28.8,Tunisia,Africa
tun,1845,28.8,Tunisia,Africa
tun,1846,28.8,Tunisia,Africa
tun,1847,28.8,Tunisia,Africa
tun,1848,28.8,Tunisia,Africa
tun,1849,15,Tunisia,Africa
tun,1850,14,Tunisia,Africa
tun,1851,28.8,Tunisia,Africa
tun,1852,28.8,Tunisia,Africa
tun,1853,28.8,Tunisia,Africa
tun,1854,28.8,Tunisia,Africa
tun,1855,28.8,Tunisia,Africa
tun,1856,28.8,Tunisia,Africa
tun,1857,28.8,Tunisia,Africa
tun,1858,28.8,Tunisia,Africa
tun,1859,28.8,Tunisia,Africa
tun,1860,28.8,Tunisia,Africa
tun,1861,28.8,Tunisia,Africa
tun,1862,28.8,Tunisia,Africa
tun,1863,28.8,Tunisia,Africa
tun,1864,28.8,Tunisia,Africa
tun,1865,28.8,Tunisia,Africa
tun,1866,28.8,Tunisia,Africa
tun,1867,28.8,Tunisia,Africa
tun,1868,9.8,Tunisia,Africa
tun,1869,28.8,Tunisia,Africa
tun,1870,28.8,Tunisia,Africa
tun,1871,28.85,Tunisia,Africa
tun,1872,28.9,Tunisia,Africa
tun,1873,28.96,Tunisia,Africa
tun,1874,29.01,Tunisia,Africa
tun,1875,29.06,Tunisia,Africa
tun,1876,29.11,Tunisia,Africa
tun,1877,29.17,Tunisia,Africa
tun,1878,29.22,Tunisia,Africa
tun,1879,29.27,Tunisia,Africa
tun,1880,29.32,Tunisia,Africa
tun,1881,29.38,Tunisia,Africa
tun,1882,29.43,Tunisia,Africa
tun,1883,29.48,Tunisia,Africa
tun,1884,29.53,Tunisia,Africa
tun,1885,29.59,Tunisia,Africa
tun,1886,29.64,Tunisia,Africa
tun,1887,29.69,Tunisia,Africa
tun,1888,29.74,Tunisia,Africa
tun,1889,29.79,Tunisia,Africa
tun,1890,29.85,Tunisia,Africa
tun,1891,29.9,Tunisia,Africa
tun,1892,29.95,Tunisia,Africa
tun,1893,30,Tunisia,Africa
tun,1894,30.06,Tunisia,Africa
tun,1895,30.11,Tunisia,Africa
tun,1896,30.16,Tunisia,Africa
tun,1897,30.21,Tunisia,Africa
tun,1898,30.27,Tunisia,Africa
tun,1899,30.32,Tunisia,Africa
tun,1900,30.37,Tunisia,Africa
tun,1901,30.42,Tunisia,Africa
tun,1902,30.47,Tunisia,Africa
tun,1903,30.53,Tunisia,Africa
tun,1904,30.58,Tunisia,Africa
tun,1905,30.63,Tunisia,Africa
tun,1906,30.68,Tunisia,Africa
tun,1907,30.74,Tunisia,Africa
tun,1908,30.79,Tunisia,Africa
tun,1909,30.84,Tunisia,Africa
tun,1910,30.89,Tunisia,Africa
tun,1911,30.95,Tunisia,Africa
tun,1912,31,Tunisia,Africa
tun,1913,31.05,Tunisia,Africa
tun,1914,31.1,Tunisia,Africa
tun,1915,31.16,Tunisia,Africa
tun,1916,31.21,Tunisia,Africa
tun,1917,31.26,Tunisia,Africa
tun,1918,23.96,Tunisia,Africa
tun,1919,31.36,Tunisia,Africa
tun,1920,31.42,Tunisia,Africa
tun,1921,31.47,Tunisia,Africa
tun,1922,31.52,Tunisia,Africa
tun,1923,31.57,Tunisia,Africa
tun,1924,31.89,Tunisia,Africa
tun,1925,32.21,Tunisia,Africa
tun,1926,32.53,Tunisia,Africa
tun,1927,32.85,Tunisia,Africa
tun,1928,33.17,Tunisia,Africa
tun,1929,33.5,Tunisia,Africa
tun,1930,33.82,Tunisia,Africa
tun,1931,34.14,Tunisia,Africa
tun,1932,34.47,Tunisia,Africa
tun,1933,34.79,Tunisia,Africa
tun,1934,35.31,Tunisia,Africa
tun,1935,35.83,Tunisia,Africa
tun,1936,36.35,Tunisia,Africa
tun,1937,36.87,Tunisia,Africa
tun,1938,37.39,Tunisia,Africa
tun,1939,37.91,Tunisia,Africa
tun,1940,38.44,Tunisia,Africa
tun,1941,37.26,Tunisia,Africa
tun,1942,30.53,Tunisia,Africa
tun,1943,28.32,Tunisia,Africa
tun,1944,29.5,Tunisia,Africa
tun,1945,31.25,Tunisia,Africa
tun,1946,39.83,Tunisia,Africa
tun,1947,42.18,Tunisia,Africa
tun,1948,42.72,Tunisia,Africa
tun,1949,43.27,Tunisia,Africa
tun,1950,43.82,Tunisia,Africa
tun,1951,44.04,Tunisia,Africa
tun,1952,44.56,Tunisia,Africa
tun,1953,44.8,Tunisia,Africa
tun,1954,44.95,Tunisia,Africa
tun,1955,45.79,Tunisia,Africa
tun,1956,46.36,Tunisia,Africa
tun,1957,46.97,Tunisia,Africa
tun,1958,47.7,Tunisia,Africa
tun,1959,48.53,Tunisia,Africa
tun,1960,49.35,Tunisia,Africa
tun,1961,50.03,Tunisia,Africa
tun,1962,50.71,Tunisia,Africa
tun,1963,51.44,Tunisia,Africa
tun,1964,52.11,Tunisia,Africa
tun,1965,52.93,Tunisia,Africa
tun,1966,53.6,Tunisia,Africa
tun,1967,54.3,Tunisia,Africa
tun,1968,54.82,Tunisia,Africa
tun,1969,55.28,Tunisia,Africa
tun,1970,56.52,Tunisia,Africa
tun,1971,57.47,Tunisia,Africa
tun,1972,58.69,Tunisia,Africa
tun,1973,59.65,Tunisia,Africa
tun,1974,60.85,Tunisia,Africa
tun,1975,61.99,Tunisia,Africa
tun,1976,63.17,Tunisia,Africa
tun,1977,64.32,Tunisia,Africa
tun,1978,65.27,Tunisia,Africa
tun,1979,65.73,Tunisia,Africa
tun,1980,66.25,Tunisia,Africa
tun,1981,67.04,Tunisia,Africa
tun,1982,67.81,Tunisia,Africa
tun,1983,68.63,Tunisia,Africa
tun,1984,69.4,Tunisia,Africa
tun,1985,70.18,Tunisia,Africa
tun,1986,70.55,Tunisia,Africa
tun,1987,71.18,Tunisia,Africa
tun,1988,71.68,Tunisia,Africa
tun,1989,72.1,Tunisia,Africa
tun,1990,72.25,Tunisia,Africa
tun,1991,72.28,Tunisia,Africa
tun,1992,72.48,Tunisia,Africa
tun,1993,72.65,Tunisia,Africa
tun,1994,73.04,Tunisia,Africa
tun,1995,73.02,Tunisia,Africa
tun,1996,73.34,Tunisia,Africa
tun,1997,73.54,Tunisia,Africa
tun,1998,73.77,Tunisia,Africa
tun,1999,74.05,Tunisia,Africa
tun,2000,74.28,Tunisia,Africa
tun,2001,74.5,Tunisia,Africa
tun,2002,74.71,Tunisia,Africa
tun,2003,74.86,Tunisia,Africa
tun,2004,75.14,Tunisia,Africa
tun,2005,75.36,Tunisia,Africa
tun,2006,75.55,Tunisia,Africa
tun,2007,75.73,Tunisia,Africa
tun,2008,75.9,Tunisia,Africa
tun,2009,76.02,Tunisia,Africa
tun,2010,76.15,Tunisia,Africa
tun,2011,76.23,Tunisia,Africa
tun,2012,76.55,Tunisia,Africa
tun,2013,76.69,Tunisia,Africa
tun,2014,76.85,Tunisia,Africa
tun,2015,77,Tunisia,Africa
tun,2016,77.17,Tunisia,Africa
tun,2017,77.32,Tunisia,Africa
tun,2018,77.48,Tunisia,Africa
tun,2019,77.71,Tunisia,Africa
tun,2020,76.97,Tunisia,Africa
tun,2021,78.1,Tunisia,Africa
tun,2022,78.29,Tunisia,Africa
tun,2023,78.48,Tunisia,Africa
tun,2024,78.67,Tunisia,Africa
tun,2025,78.85,Tunisia,Africa
tun,2026,79.03,Tunisia,Africa
tun,2027,79.22,Tunisia,Africa
tun,2028,79.4,Tunisia,Africa
tun,2029,79.57,Tunisia,Africa
tun,2030,79.75,Tunisia,Africa
tun,2031,79.92,Tunisia,Africa
tun,2032,80.09,Tunisia,Africa
tun,2033,80.26,Tunisia,Africa
tun,2034,80.43,Tunisia,Africa
tun,2035,80.6,Tunisia,Africa
tun,2036,80.76,Tunisia,Africa
tun,2037,80.93,Tunisia,Africa
tun,2038,81.09,Tunisia,Africa
tun,2039,81.26,Tunisia,Africa
tun,2040,81.42,Tunisia,Africa
tun,2041,81.59,Tunisia,Africa
tun,2042,81.75,Tunisia,Africa
tun,2043,81.91,Tunisia,Africa
tun,2044,82.07,Tunisia,Africa
tun,2045,82.23,Tunisia,Africa
tun,2046,82.39,Tunisia,Africa
tun,2047,82.55,Tunisia,Africa
tun,2048,82.7,Tunisia,Africa
tun,2049,82.86,Tunisia,Africa
tun,2050,83.01,Tunisia,Africa
tun,2051,83.17,Tunisia,Africa
tun,2052,83.32,Tunisia,Africa
tun,2053,83.47,Tunisia,Africa
tun,2054,83.62,Tunisia,Africa
tun,2055,83.77,Tunisia,Africa
tun,2056,83.92,Tunisia,Africa
tun,2057,84.07,Tunisia,Africa
tun,2058,84.21,Tunisia,Africa
tun,2059,84.35,Tunisia,Africa
tun,2060,84.49,Tunisia,Africa
tun,2061,84.63,Tunisia,Africa
tun,2062,84.77,Tunisia,Africa
tun,2063,84.9,Tunisia,Africa
tun,2064,85.03,Tunisia,Africa
tun,2065,85.16,Tunisia,Africa
tun,2066,85.28,Tunisia,Africa
tun,2067,85.41,Tunisia,Africa
tun,2068,85.53,Tunisia,Africa
tun,2069,85.65,Tunisia,Africa
tun,2070,85.77,Tunisia,Africa
tun,2071,85.89,Tunisia,Africa
tun,2072,86,Tunisia,Africa
tun,2073,86.12,Tunisia,Africa
tun,2074,86.23,Tunisia,Africa
tun,2075,86.34,Tunisia,Africa
tun,2076,86.45,Tunisia,Africa
tun,2077,86.55,Tunisia,Africa
tun,2078,86.66,Tunisia,Africa
tun,2079,86.76,Tunisia,Africa
tun,2080,86.86,Tunisia,Africa
tun,2081,86.97,Tunisia,Africa
tun,2082,87.07,Tunisia,Africa
tun,2083,87.17,Tunisia,Africa
tun,2084,87.27,Tunisia,Africa
tun,2085,87.38,Tunisia,Africa
tun,2086,87.48,Tunisia,Africa
tun,2087,87.58,Tunisia,Africa
tun,2088,87.68,Tunisia,Africa
tun,2089,87.78,Tunisia,Africa
tun,2090,87.88,Tunisia,Africa
tun,2091,87.98,Tunisia,Africa
tun,2092,88.09,Tunisia,Africa
tun,2093,88.19,Tunisia,Africa
tun,2094,88.3,Tunisia,Africa
tun,2095,88.4,Tunisia,Africa
tun,2096,88.51,Tunisia,Africa
tun,2097,88.61,Tunisia,Africa
tun,2098,88.72,Tunisia,Africa
tun,2099,88.82,Tunisia,Africa
tun,2100,88.93,Tunisia,Africa
tur,1800,35,Turkey,Asia
tur,1801,35,Turkey,Asia
tur,1802,35,Turkey,Asia
tur,1803,35,Turkey,Asia
tur,1804,35,Turkey,Asia
tur,1805,35,Turkey,Asia
tur,1806,35,Turkey,Asia
tur,1807,35,Turkey,Asia
tur,1808,35,Turkey,Asia
tur,1809,35,Turkey,Asia
tur,1810,35,Turkey,Asia
tur,1811,35,Turkey,Asia
tur,1812,35,Turkey,Asia
tur,1813,35,Turkey,Asia
tur,1814,35,Turkey,Asia
tur,1815,35,Turkey,Asia
tur,1816,35,Turkey,Asia
tur,1817,35,Turkey,Asia
tur,1818,35,Turkey,Asia
tur,1819,35,Turkey,Asia
tur,1820,35,Turkey,Asia
tur,1821,35,Turkey,Asia
tur,1822,35,Turkey,Asia
tur,1823,35,Turkey,Asia
tur,1824,35,Turkey,Asia
tur,1825,35,Turkey,Asia
tur,1826,35,Turkey,Asia
tur,1827,35,Turkey,Asia
tur,1828,35,Turkey,Asia
tur,1829,35,Turkey,Asia
tur,1830,35,Turkey,Asia
tur,1831,35,Turkey,Asia
tur,1832,35,Turkey,Asia
tur,1833,35,Turkey,Asia
tur,1834,35,Turkey,Asia
tur,1835,35,Turkey,Asia
tur,1836,35,Turkey,Asia
tur,1837,35,Turkey,Asia
tur,1838,35,Turkey,Asia
tur,1839,35,Turkey,Asia
tur,1840,35,Turkey,Asia
tur,1841,35,Turkey,Asia
tur,1842,35,Turkey,Asia
tur,1843,35,Turkey,Asia
tur,1844,35,Turkey,Asia
tur,1845,35,Turkey,Asia
tur,1846,35,Turkey,Asia
tur,1847,35,Turkey,Asia
tur,1848,35,Turkey,Asia
tur,1849,35,Turkey,Asia
tur,1850,35,Turkey,Asia
tur,1851,35,Turkey,Asia
tur,1852,35,Turkey,Asia
tur,1853,35,Turkey,Asia
tur,1854,35,Turkey,Asia
tur,1855,35,Turkey,Asia
tur,1856,35,Turkey,Asia
tur,1857,35,Turkey,Asia
tur,1858,35,Turkey,Asia
tur,1859,35,Turkey,Asia
tur,1860,35,Turkey,Asia
tur,1861,35,Turkey,Asia
tur,1862,35,Turkey,Asia
tur,1863,35,Turkey,Asia
tur,1864,35,Turkey,Asia
tur,1865,35,Turkey,Asia
tur,1866,35,Turkey,Asia
tur,1867,35,Turkey,Asia
tur,1868,35,Turkey,Asia
tur,1869,35,Turkey,Asia
tur,1870,35,Turkey,Asia
tur,1871,35.05,Turkey,Asia
tur,1872,35.1,Turkey,Asia
tur,1873,35.16,Turkey,Asia
tur,1874,35.21,Turkey,Asia
tur,1875,35.26,Turkey,Asia
tur,1876,35.31,Turkey,Asia
tur,1877,35.36,Turkey,Asia
tur,1878,35.42,Turkey,Asia
tur,1879,35.47,Turkey,Asia
tur,1880,35.52,Turkey,Asia
tur,1881,35.57,Turkey,Asia
tur,1882,35.63,Turkey,Asia
tur,1883,35.68,Turkey,Asia
tur,1884,35.73,Turkey,Asia
tur,1885,35.78,Turkey,Asia
tur,1886,35.83,Turkey,Asia
tur,1887,35.89,Turkey,Asia
tur,1888,35.94,Turkey,Asia
tur,1889,35.99,Turkey,Asia
tur,1890,36.04,Turkey,Asia
tur,1891,36.09,Turkey,Asia
tur,1892,36.15,Turkey,Asia
tur,1893,36.2,Turkey,Asia
tur,1894,36.25,Turkey,Asia
tur,1895,36.3,Turkey,Asia
tur,1896,36.35,Turkey,Asia
tur,1897,36.41,Turkey,Asia
tur,1898,36.46,Turkey,Asia
tur,1899,36.51,Turkey,Asia
tur,1900,36.56,Turkey,Asia
tur,1901,36.62,Turkey,Asia
tur,1902,36.67,Turkey,Asia
tur,1903,36.72,Turkey,Asia
tur,1904,36.77,Turkey,Asia
tur,1905,36.82,Turkey,Asia
tur,1906,36.88,Turkey,Asia
tur,1907,36.93,Turkey,Asia
tur,1908,36.98,Turkey,Asia
tur,1909,37.03,Turkey,Asia
tur,1910,37.08,Turkey,Asia
tur,1911,37.14,Turkey,Asia
tur,1912,37.19,Turkey,Asia
tur,1913,37.24,Turkey,Asia
tur,1914,28.77,Turkey,Asia
tur,1915,7.47,Turkey,Asia
tur,1916,20.3,Turkey,Asia
tur,1917,23.54,Turkey,Asia
tur,1918,20.43,Turkey,Asia
tur,1919,32.19,Turkey,Asia
tur,1920,31.16,Turkey,Asia
tur,1921,31.2,Turkey,Asia
tur,1922,35.55,Turkey,Asia
tur,1923,37.76,Turkey,Asia
tur,1924,37.81,Turkey,Asia
tur,1925,37.87,Turkey,Asia
tur,1926,37.92,Turkey,Asia
tur,1927,37.97,Turkey,Asia
tur,1928,38.02,Turkey,Asia
tur,1929,38.07,Turkey,Asia
tur,1930,38.13,Turkey,Asia
tur,1931,38.25,Turkey,Asia
tur,1932,38.36,Turkey,Asia
tur,1933,38.48,Turkey,Asia
tur,1934,38.6,Turkey,Asia
tur,1935,38.72,Turkey,Asia
tur,1936,38.84,Turkey,Asia
tur,1937,38.96,Turkey,Asia
tur,1938,38.12,Turkey,Asia
tur,1939,37.26,Turkey,Asia
tur,1940,36.41,Turkey,Asia
tur,1941,35.56,Turkey,Asia
tur,1942,34.7,Turkey,Asia
tur,1943,36.24,Turkey,Asia
tur,1944,37.79,Turkey,Asia
tur,1945,39.35,Turkey,Asia
tur,1946,40.91,Turkey,Asia
tur,1947,42.47,Turkey,Asia
tur,1948,43.29,Turkey,Asia
tur,1949,44.12,Turkey,Asia
tur,1950,44.95,Turkey,Asia
tur,1951,45.58,Turkey,Asia
tur,1952,46.24,Turkey,Asia
tur,1953,47.31,Turkey,Asia
tur,1954,46.95,Turkey,Asia
tur,1955,47.32,Turkey,Asia
tur,1956,47.68,Turkey,Asia
tur,1957,47.9,Turkey,Asia
tur,1958,48.4,Turkey,Asia
tur,1959,48.93,Turkey,Asia
tur,1960,49.53,Turkey,Asia
tur,1961,50.33,Turkey,Asia
tur,1962,51,Turkey,Asia
tur,1963,51.87,Turkey,Asia
tur,1964,52.64,Turkey,Asia
tur,1965,53.39,Turkey,Asia
tur,1966,54.12,Turkey,Asia
tur,1967,54.98,Turkey,Asia
tur,1968,55.7,Turkey,Asia
tur,1969,56.43,Turkey,Asia
tur,1970,57.13,Turkey,Asia
tur,1971,57.94,Turkey,Asia
tur,1972,58.7,Turkey,Asia
tur,1973,59.36,Turkey,Asia
tur,1974,60.11,Turkey,Asia
tur,1975,60.74,Turkey,Asia
tur,1976,61.39,Turkey,Asia
tur,1977,62.3,Turkey,Asia
tur,1978,63.04,Turkey,Asia
tur,1979,63.43,Turkey,Asia
tur,1980,64.06,Turkey,Asia
tur,1981,64.63,Turkey,Asia
tur,1982,65.23,Turkey,Asia
tur,1983,65.73,Turkey,Asia
tur,1984,66.1,Turkey,Asia
tur,1985,66.65,Turkey,Asia
tur,1986,67.17,Turkey,Asia
tur,1987,67.61,Turkey,Asia
tur,1988,68.05,Turkey,Asia
tur,1989,68.29,Turkey,Asia
tur,1990,68.75,Turkey,Asia
tur,1991,69.27,Turkey,Asia
tur,1992,69.63,Turkey,Asia
tur,1993,70.14,Turkey,Asia
tur,1994,70.37,Turkey,Asia
tur,1995,70.85,Turkey,Asia
tur,1996,71.53,Turkey,Asia
tur,1997,72.05,Turkey,Asia
tur,1998,72.68,Turkey,Asia
tur,1999,72.85,Turkey,Asia
tur,2000,74.73,Turkey,Asia
tur,2001,75.02,Turkey,Asia
tur,2002,75.22,Turkey,Asia
tur,2003,75.69,Turkey,Asia
tur,2004,76.26,Turkey,Asia
tur,2005,76.81,Turkey,Asia
tur,2006,76.97,Turkey,Asia
tur,2007,77.06,Turkey,Asia
tur,2008,77.03,Turkey,Asia
tur,2009,76.76,Turkey,Asia
tur,2010,76.72,Turkey,Asia
tur,2011,76.85,Turkey,Asia
tur,2012,77.04,Turkey,Asia
tur,2013,77.04,Turkey,Asia
tur,2014,77.09,Turkey,Asia
tur,2015,77.36,Turkey,Asia
tur,2016,77.5,Turkey,Asia
tur,2017,77.81,Turkey,Asia
tur,2018,78.12,Turkey,Asia
tur,2019,78.4,Turkey,Asia
tur,2020,77.79,Turkey,Asia
tur,2021,78.86,Turkey,Asia
tur,2022,79.08,Turkey,Asia
tur,2023,79.3,Turkey,Asia
tur,2024,79.51,Turkey,Asia
tur,2025,79.73,Turkey,Asia
tur,2026,79.95,Turkey,Asia
tur,2027,80.16,Turkey,Asia
tur,2028,80.38,Turkey,Asia
tur,2029,80.59,Turkey,Asia
tur,2030,80.8,Turkey,Asia
tur,2031,81.01,Turkey,Asia
tur,2032,81.22,Turkey,Asia
tur,2033,81.42,Turkey,Asia
tur,2034,81.62,Turkey,Asia
tur,2035,81.82,Turkey,Asia
tur,2036,82.02,Turkey,Asia
tur,2037,82.22,Turkey,Asia
tur,2038,82.41,Turkey,Asia
tur,2039,82.6,Turkey,Asia
tur,2040,82.79,Turkey,Asia
tur,2041,82.98,Turkey,Asia
tur,2042,83.16,Turkey,Asia
tur,2043,83.34,Turkey,Asia
tur,2044,83.52,Turkey,Asia
tur,2045,83.69,Turkey,Asia
tur,2046,83.86,Turkey,Asia
tur,2047,84.02,Turkey,Asia
tur,2048,84.19,Turkey,Asia
tur,2049,84.34,Turkey,Asia
tur,2050,84.5,Turkey,Asia
tur,2051,84.65,Turkey,Asia
tur,2052,84.8,Turkey,Asia
tur,2053,84.94,Turkey,Asia
tur,2054,85.09,Turkey,Asia
tur,2055,85.23,Turkey,Asia
tur,2056,85.37,Turkey,Asia
tur,2057,85.51,Turkey,Asia
tur,2058,85.64,Turkey,Asia
tur,2059,85.77,Turkey,Asia
tur,2060,85.9,Turkey,Asia
tur,2061,86.03,Turkey,Asia
tur,2062,86.16,Turkey,Asia
tur,2063,86.29,Turkey,Asia
tur,2064,86.42,Turkey,Asia
tur,2065,86.54,Turkey,Asia
tur,2066,86.66,Turkey,Asia
tur,2067,86.79,Turkey,Asia
tur,2068,86.91,Turkey,Asia
tur,2069,87.03,Turkey,Asia
tur,2070,87.14,Turkey,Asia
tur,2071,87.26,Turkey,Asia
tur,2072,87.38,Turkey,Asia
tur,2073,87.5,Turkey,Asia
tur,2074,87.61,Turkey,Asia
tur,2075,87.73,Turkey,Asia
tur,2076,87.84,Turkey,Asia
tur,2077,87.96,Turkey,Asia
tur,2078,88.07,Turkey,Asia
tur,2079,88.19,Turkey,Asia
tur,2080,88.3,Turkey,Asia
tur,2081,88.41,Turkey,Asia
tur,2082,88.53,Turkey,Asia
tur,2083,88.64,Turkey,Asia
tur,2084,88.76,Turkey,Asia
tur,2085,88.87,Turkey,Asia
tur,2086,88.98,Turkey,Asia
tur,2087,89.1,Turkey,Asia
tur,2088,89.21,Turkey,Asia
tur,2089,89.33,Turkey,Asia
tur,2090,89.44,Turkey,Asia
tur,2091,89.55,Turkey,Asia
tur,2092,89.67,Turkey,Asia
tur,2093,89.78,Turkey,Asia
tur,2094,89.89,Turkey,Asia
tur,2095,90,Turkey,Asia
tur,2096,90.11,Turkey,Asia
tur,2097,90.22,Turkey,Asia
tur,2098,90.33,Turkey,Asia
tur,2099,90.44,Turkey,Asia
tur,2100,90.54,Turkey,Asia
tkm,1800,24,Turkmenistan,Asia
tkm,1801,24,Turkmenistan,Asia
tkm,1802,24,Turkmenistan,Asia
tkm,1803,24,Turkmenistan,Asia
tkm,1804,24,Turkmenistan,Asia
tkm,1805,24,Turkmenistan,Asia
tkm,1806,24,Turkmenistan,Asia
tkm,1807,24,Turkmenistan,Asia
tkm,1808,24,Turkmenistan,Asia
tkm,1809,24,Turkmenistan,Asia
tkm,1810,24,Turkmenistan,Asia
tkm,1811,24,Turkmenistan,Asia
tkm,1812,24,Turkmenistan,Asia
tkm,1813,24,Turkmenistan,Asia
tkm,1814,24,Turkmenistan,Asia
tkm,1815,24,Turkmenistan,Asia
tkm,1816,24,Turkmenistan,Asia
tkm,1817,24,Turkmenistan,Asia
tkm,1818,24,Turkmenistan,Asia
tkm,1819,24,Turkmenistan,Asia
tkm,1820,24,Turkmenistan,Asia
tkm,1821,24,Turkmenistan,Asia
tkm,1822,24,Turkmenistan,Asia
tkm,1823,24,Turkmenistan,Asia
tkm,1824,24,Turkmenistan,Asia
tkm,1825,24,Turkmenistan,Asia
tkm,1826,24,Turkmenistan,Asia
tkm,1827,24,Turkmenistan,Asia
tkm,1828,24,Turkmenistan,Asia
tkm,1829,24,Turkmenistan,Asia
tkm,1830,24,Turkmenistan,Asia
tkm,1831,24,Turkmenistan,Asia
tkm,1832,24,Turkmenistan,Asia
tkm,1833,24,Turkmenistan,Asia
tkm,1834,24,Turkmenistan,Asia
tkm,1835,24,Turkmenistan,Asia
tkm,1836,24,Turkmenistan,Asia
tkm,1837,24,Turkmenistan,Asia
tkm,1838,24,Turkmenistan,Asia
tkm,1839,24,Turkmenistan,Asia
tkm,1840,24,Turkmenistan,Asia
tkm,1841,24,Turkmenistan,Asia
tkm,1842,24,Turkmenistan,Asia
tkm,1843,24,Turkmenistan,Asia
tkm,1844,24,Turkmenistan,Asia
tkm,1845,24,Turkmenistan,Asia
tkm,1846,24,Turkmenistan,Asia
tkm,1847,24,Turkmenistan,Asia
tkm,1848,24,Turkmenistan,Asia
tkm,1849,24,Turkmenistan,Asia
tkm,1850,24,Turkmenistan,Asia
tkm,1851,24,Turkmenistan,Asia
tkm,1852,24,Turkmenistan,Asia
tkm,1853,24,Turkmenistan,Asia
tkm,1854,24,Turkmenistan,Asia
tkm,1855,24,Turkmenistan,Asia
tkm,1856,24,Turkmenistan,Asia
tkm,1857,24,Turkmenistan,Asia
tkm,1858,24,Turkmenistan,Asia
tkm,1859,24,Turkmenistan,Asia
tkm,1860,24,Turkmenistan,Asia
tkm,1861,24,Turkmenistan,Asia
tkm,1862,24,Turkmenistan,Asia
tkm,1863,24,Turkmenistan,Asia
tkm,1864,23.17,Turkmenistan,Asia
tkm,1865,22.33,Turkmenistan,Asia
tkm,1866,21.5,Turkmenistan,Asia
tkm,1867,20.67,Turkmenistan,Asia
tkm,1868,19.84,Turkmenistan,Asia
tkm,1869,19.88,Turkmenistan,Asia
tkm,1870,19.92,Turkmenistan,Asia
tkm,1871,19.96,Turkmenistan,Asia
tkm,1872,19.99,Turkmenistan,Asia
tkm,1873,20.03,Turkmenistan,Asia
tkm,1874,20.21,Turkmenistan,Asia
tkm,1875,20.4,Turkmenistan,Asia
tkm,1876,20.59,Turkmenistan,Asia
tkm,1877,20.78,Turkmenistan,Asia
tkm,1878,20.97,Turkmenistan,Asia
tkm,1879,21.16,Turkmenistan,Asia
tkm,1880,21.35,Turkmenistan,Asia
tkm,1881,21.53,Turkmenistan,Asia
tkm,1882,21.72,Turkmenistan,Asia
tkm,1883,21.91,Turkmenistan,Asia
tkm,1884,22.1,Turkmenistan,Asia
tkm,1885,22.28,Turkmenistan,Asia
tkm,1886,22.47,Turkmenistan,Asia
tkm,1887,22.66,Turkmenistan,Asia
tkm,1888,22.84,Turkmenistan,Asia
tkm,1889,23.03,Turkmenistan,Asia
tkm,1890,23.22,Turkmenistan,Asia
tkm,1891,23.4,Turkmenistan,Asia
tkm,1892,23.59,Turkmenistan,Asia
tkm,1893,23.77,Turkmenistan,Asia
tkm,1894,23.96,Turkmenistan,Asia
tkm,1895,24.14,Turkmenistan,Asia
tkm,1896,24.33,Turkmenistan,Asia
tkm,1897,24.51,Turkmenistan,Asia
tkm,1898,24.33,Turkmenistan,Asia
tkm,1899,24.16,Turkmenistan,Asia
tkm,1900,23.98,Turkmenistan,Asia
tkm,1901,24.21,Turkmenistan,Asia
tkm,1902,24.45,Turkmenistan,Asia
tkm,1903,24.68,Turkmenistan,Asia
tkm,1904,24.91,Turkmenistan,Asia
tkm,1905,25.15,Turkmenistan,Asia
tkm,1906,25.38,Turkmenistan,Asia
tkm,1907,25.61,Turkmenistan,Asia
tkm,1908,25.84,Turkmenistan,Asia
tkm,1909,26.07,Turkmenistan,Asia
tkm,1910,26.3,Turkmenistan,Asia
tkm,1911,29.19,Turkmenistan,Asia
tkm,1912,29.59,Turkmenistan,Asia
tkm,1913,27.45,Turkmenistan,Asia
tkm,1914,27.03,Turkmenistan,Asia
tkm,1915,26.63,Turkmenistan,Asia
tkm,1916,26.61,Turkmenistan,Asia
tkm,1917,23.67,Turkmenistan,Asia
tkm,1918,13.9,Turkmenistan,Asia
tkm,1919,19.23,Turkmenistan,Asia
tkm,1920,14.84,Turkmenistan,Asia
tkm,1921,18.04,Turkmenistan,Asia
tkm,1922,18.91,Turkmenistan,Asia
tkm,1923,27.56,Turkmenistan,Asia
tkm,1924,29.97,Turkmenistan,Asia
tkm,1925,29.08,Turkmenistan,Asia
tkm,1926,32.17,Turkmenistan,Asia
tkm,1927,31.51,Turkmenistan,Asia
tkm,1928,32.96,Turkmenistan,Asia
tkm,1929,31.74,Turkmenistan,Asia
tkm,1930,31.06,Turkmenistan,Asia
tkm,1931,25.43,Turkmenistan,Asia
tkm,1932,17.67,Turkmenistan,Asia
tkm,1933,13.79,Turkmenistan,Asia
tkm,1934,33.28,Turkmenistan,Asia
tkm,1935,34.76,Turkmenistan,Asia
tkm,1936,36.36,Turkmenistan,Asia
tkm,1937,35.38,Turkmenistan,Asia
tkm,1938,36.99,Turkmenistan,Asia
tkm,1939,39.28,Turkmenistan,Asia
tkm,1940,36.88,Turkmenistan,Asia
tkm,1941,26.5,Turkmenistan,Asia
tkm,1942,22.63,Turkmenistan,Asia
tkm,1943,21.66,Turkmenistan,Asia
tkm,1944,29.34,Turkmenistan,Asia
tkm,1945,36.54,Turkmenistan,Asia
tkm,1946,43.49,Turkmenistan,Asia
tkm,1947,35.78,Turkmenistan,Asia
tkm,1948,43.51,Turkmenistan,Asia
tkm,1949,46.17,Turkmenistan,Asia
tkm,1950,48.35,Turkmenistan,Asia
tkm,1951,48.75,Turkmenistan,Asia
tkm,1952,49.37,Turkmenistan,Asia
tkm,1953,50,Turkmenistan,Asia
tkm,1954,50.67,Turkmenistan,Asia
tkm,1955,51.45,Turkmenistan,Asia
tkm,1956,52.33,Turkmenistan,Asia
tkm,1957,53.09,Turkmenistan,Asia
tkm,1958,53.92,Turkmenistan,Asia
tkm,1959,54.43,Turkmenistan,Asia
tkm,1960,55.14,Turkmenistan,Asia
tkm,1961,55.86,Turkmenistan,Asia
tkm,1962,56.51,Turkmenistan,Asia
tkm,1963,57,Turkmenistan,Asia
tkm,1964,57.64,Turkmenistan,Asia
tkm,1965,58.15,Turkmenistan,Asia
tkm,1966,58.66,Turkmenistan,Asia
tkm,1967,59.15,Turkmenistan,Asia
tkm,1968,59.65,Turkmenistan,Asia
tkm,1969,60.21,Turkmenistan,Asia
tkm,1970,60.42,Turkmenistan,Asia
tkm,1971,60.75,Turkmenistan,Asia
tkm,1972,60.95,Turkmenistan,Asia
tkm,1973,61.24,Turkmenistan,Asia
tkm,1974,61.49,Turkmenistan,Asia
tkm,1975,61.63,Turkmenistan,Asia
tkm,1976,61.93,Turkmenistan,Asia
tkm,1977,62.2,Turkmenistan,Asia
tkm,1978,62.38,Turkmenistan,Asia
tkm,1979,62.92,Turkmenistan,Asia
tkm,1980,63.57,Turkmenistan,Asia
tkm,1981,63.89,Turkmenistan,Asia
tkm,1982,64.42,Turkmenistan,Asia
tkm,1983,64.55,Turkmenistan,Asia
tkm,1984,64.69,Turkmenistan,Asia
tkm,1985,64.97,Turkmenistan,Asia
tkm,1986,65.36,Turkmenistan,Asia
tkm,1987,65.62,Turkmenistan,Asia
tkm,1988,65.64,Turkmenistan,Asia
tkm,1989,65.63,Turkmenistan,Asia
tkm,1990,65.96,Turkmenistan,Asia
tkm,1991,65.49,Turkmenistan,Asia
tkm,1992,65.58,Turkmenistan,Asia
tkm,1993,64.44,Turkmenistan,Asia
tkm,1994,64.27,Turkmenistan,Asia
tkm,1995,64.57,Turkmenistan,Asia
tkm,1996,64.21,Turkmenistan,Asia
tkm,1997,64.32,Turkmenistan,Asia
tkm,1998,64.73,Turkmenistan,Asia
tkm,1999,65.49,Turkmenistan,Asia
tkm,2000,66.35,Turkmenistan,Asia
tkm,2001,66.7,Turkmenistan,Asia
tkm,2002,66.56,Turkmenistan,Asia
tkm,2003,66.5,Turkmenistan,Asia
tkm,2004,66.17,Turkmenistan,Asia
tkm,2005,65.8,Turkmenistan,Asia
tkm,2006,66.15,Turkmenistan,Asia
tkm,2007,66.6,Turkmenistan,Asia
tkm,2008,67.3,Turkmenistan,Asia
tkm,2009,68.77,Turkmenistan,Asia
tkm,2010,69.47,Turkmenistan,Asia
tkm,2011,69.62,Turkmenistan,Asia
tkm,2012,69.85,Turkmenistan,Asia
tkm,2013,69.83,Turkmenistan,Asia
tkm,2014,69.87,Turkmenistan,Asia
tkm,2015,69.99,Turkmenistan,Asia
tkm,2016,70.25,Turkmenistan,Asia
tkm,2017,70.52,Turkmenistan,Asia
tkm,2018,70.6,Turkmenistan,Asia
tkm,2019,70.81,Turkmenistan,Asia
tkm,2020,70.88,Turkmenistan,Asia
tkm,2021,71.07,Turkmenistan,Asia
tkm,2022,71.2,Turkmenistan,Asia
tkm,2023,71.33,Turkmenistan,Asia
tkm,2024,71.46,Turkmenistan,Asia
tkm,2025,71.59,Turkmenistan,Asia
tkm,2026,71.71,Turkmenistan,Asia
tkm,2027,71.84,Turkmenistan,Asia
tkm,2028,71.97,Turkmenistan,Asia
tkm,2029,72.09,Turkmenistan,Asia
tkm,2030,72.22,Turkmenistan,Asia
tkm,2031,72.34,Turkmenistan,Asia
tkm,2032,72.46,Turkmenistan,Asia
tkm,2033,72.58,Turkmenistan,Asia
tkm,2034,72.7,Turkmenistan,Asia
tkm,2035,72.82,Turkmenistan,Asia
tkm,2036,72.94,Turkmenistan,Asia
tkm,2037,73.06,Turkmenistan,Asia
tkm,2038,73.18,Turkmenistan,Asia
tkm,2039,73.3,Turkmenistan,Asia
tkm,2040,73.42,Turkmenistan,Asia
tkm,2041,73.54,Turkmenistan,Asia
tkm,2042,73.66,Turkmenistan,Asia
tkm,2043,73.78,Turkmenistan,Asia
tkm,2044,73.9,Turkmenistan,Asia
tkm,2045,74.02,Turkmenistan,Asia
tkm,2046,74.14,Turkmenistan,Asia
tkm,2047,74.26,Turkmenistan,Asia
tkm,2048,74.38,Turkmenistan,Asia
tkm,2049,74.5,Turkmenistan,Asia
tkm,2050,74.63,Turkmenistan,Asia
tkm,2051,74.75,Turkmenistan,Asia
tkm,2052,74.87,Turkmenistan,Asia
tkm,2053,75,Turkmenistan,Asia
tkm,2054,75.12,Turkmenistan,Asia
tkm,2055,75.24,Turkmenistan,Asia
tkm,2056,75.37,Turkmenistan,Asia
tkm,2057,75.49,Turkmenistan,Asia
tkm,2058,75.62,Turkmenistan,Asia
tkm,2059,75.74,Turkmenistan,Asia
tkm,2060,75.87,Turkmenistan,Asia
tkm,2061,76,Turkmenistan,Asia
tkm,2062,76.13,Turkmenistan,Asia
tkm,2063,76.25,Turkmenistan,Asia
tkm,2064,76.38,Turkmenistan,Asia
tkm,2065,76.51,Turkmenistan,Asia
tkm,2066,76.64,Turkmenistan,Asia
tkm,2067,76.77,Turkmenistan,Asia
tkm,2068,76.91,Turkmenistan,Asia
tkm,2069,77.04,Turkmenistan,Asia
tkm,2070,77.17,Turkmenistan,Asia
tkm,2071,77.3,Turkmenistan,Asia
tkm,2072,77.43,Turkmenistan,Asia
tkm,2073,77.57,Turkmenistan,Asia
tkm,2074,77.7,Turkmenistan,Asia
tkm,2075,77.83,Turkmenistan,Asia
tkm,2076,77.97,Turkmenistan,Asia
tkm,2077,78.1,Turkmenistan,Asia
tkm,2078,78.24,Turkmenistan,Asia
tkm,2079,78.37,Turkmenistan,Asia
tkm,2080,78.5,Turkmenistan,Asia
tkm,2081,78.64,Turkmenistan,Asia
tkm,2082,78.78,Turkmenistan,Asia
tkm,2083,78.91,Turkmenistan,Asia
tkm,2084,79.05,Turkmenistan,Asia
tkm,2085,79.19,Turkmenistan,Asia
tkm,2086,79.33,Turkmenistan,Asia
tkm,2087,79.47,Turkmenistan,Asia
tkm,2088,79.61,Turkmenistan,Asia
tkm,2089,79.76,Turkmenistan,Asia
tkm,2090,79.9,Turkmenistan,Asia
tkm,2091,80.04,Turkmenistan,Asia
tkm,2092,80.18,Turkmenistan,Asia
tkm,2093,80.32,Turkmenistan,Asia
tkm,2094,80.46,Turkmenistan,Asia
tkm,2095,80.6,Turkmenistan,Asia
tkm,2096,80.74,Turkmenistan,Asia
tkm,2097,80.89,Turkmenistan,Asia
tkm,2098,81.03,Turkmenistan,Asia
tkm,2099,81.17,Turkmenistan,Asia
tkm,2100,81.32,Turkmenistan,Asia
tuv,1950,46.99,Tuvalu,Oceania
tuv,1951,47.3,Tuvalu,Oceania
tuv,1952,47.75,Tuvalu,Oceania
tuv,1953,48.18,Tuvalu,Oceania
tuv,1954,48.66,Tuvalu,Oceania
tuv,1955,49.14,Tuvalu,Oceania
tuv,1956,49.6,Tuvalu,Oceania
tuv,1957,50.05,Tuvalu,Oceania
tuv,1958,50.51,Tuvalu,Oceania
tuv,1959,50.98,Tuvalu,Oceania
tuv,1960,51.44,Tuvalu,Oceania
tuv,1961,51.9,Tuvalu,Oceania
tuv,1962,52.33,Tuvalu,Oceania
tuv,1963,52.76,Tuvalu,Oceania
tuv,1964,53.16,Tuvalu,Oceania
tuv,1965,53.56,Tuvalu,Oceania
tuv,1966,53.97,Tuvalu,Oceania
tuv,1967,54.35,Tuvalu,Oceania
tuv,1968,54.73,Tuvalu,Oceania
tuv,1969,55.12,Tuvalu,Oceania
tuv,1970,55.51,Tuvalu,Oceania
tuv,1971,55.83,Tuvalu,Oceania
tuv,1972,54.25,Tuvalu,Oceania
tuv,1973,56.36,Tuvalu,Oceania
tuv,1974,56.58,Tuvalu,Oceania
tuv,1975,56.79,Tuvalu,Oceania
tuv,1976,57,Tuvalu,Oceania
tuv,1977,57.19,Tuvalu,Oceania
tuv,1978,57.37,Tuvalu,Oceania
tuv,1979,57.58,Tuvalu,Oceania
tuv,1980,57.76,Tuvalu,Oceania
tuv,1981,57.97,Tuvalu,Oceania
tuv,1982,58.08,Tuvalu,Oceania
tuv,1983,58.27,Tuvalu,Oceania
tuv,1984,58.53,Tuvalu,Oceania
tuv,1985,58.74,Tuvalu,Oceania
tuv,1986,59.1,Tuvalu,Oceania
tuv,1987,59.46,Tuvalu,Oceania
tuv,1988,59.93,Tuvalu,Oceania
tuv,1989,60.34,Tuvalu,Oceania
tuv,1990,60.81,Tuvalu,Oceania
tuv,1991,61.28,Tuvalu,Oceania
tuv,1992,61.71,Tuvalu,Oceania
tuv,1993,62.1,Tuvalu,Oceania
tuv,1994,62.65,Tuvalu,Oceania
tuv,1995,62.87,Tuvalu,Oceania
tuv,1996,63.09,Tuvalu,Oceania
tuv,1997,63.28,Tuvalu,Oceania
tuv,1998,63.69,Tuvalu,Oceania
tuv,1999,64.02,Tuvalu,Oceania
tuv,2000,61.5,Tuvalu,Oceania
tuv,2001,64.74,Tuvalu,Oceania
tuv,2002,65.07,Tuvalu,Oceania
tuv,2003,65.32,Tuvalu,Oceania
tuv,2004,65.54,Tuvalu,Oceania
tuv,2005,65.73,Tuvalu,Oceania
tuv,2006,65.96,Tuvalu,Oceania
tuv,2007,66.11,Tuvalu,Oceania
tuv,2008,66.3,Tuvalu,Oceania
tuv,2009,66.47,Tuvalu,Oceania
tuv,2010,66.6,Tuvalu,Oceania
tuv,2011,66.76,Tuvalu,Oceania
tuv,2012,66.9,Tuvalu,Oceania
tuv,2013,67.05,Tuvalu,Oceania
tuv,2014,67.2,Tuvalu,Oceania
tuv,2015,67.36,Tuvalu,Oceania
tuv,2016,67.5,Tuvalu,Oceania
tuv,2017,67.65,Tuvalu,Oceania
tuv,2018,67.79,Tuvalu,Oceania
tuv,2019,67.94,Tuvalu,Oceania
uga,1800,25.3,Uganda,Africa
uga,1801,25.3,Uganda,Africa
uga,1802,25.3,Uganda,Africa
uga,1803,25.3,Uganda,Africa
uga,1804,25.3,Uganda,Africa
uga,1805,25.3,Uganda,Africa
uga,1806,25.3,Uganda,Africa
uga,1807,25.3,Uganda,Africa
uga,1808,25.3,Uganda,Africa
uga,1809,25.3,Uganda,Africa
uga,1810,25.3,Uganda,Africa
uga,1811,25.3,Uganda,Africa
uga,1812,25.3,Uganda,Africa
uga,1813,25.3,Uganda,Africa
uga,1814,25.3,Uganda,Africa
uga,1815,25.3,Uganda,Africa
uga,1816,25.3,Uganda,Africa
uga,1817,25.3,Uganda,Africa
uga,1818,25.3,Uganda,Africa
uga,1819,25.3,Uganda,Africa
uga,1820,25.3,Uganda,Africa
uga,1821,25.3,Uganda,Africa
uga,1822,25.3,Uganda,Africa
uga,1823,25.3,Uganda,Africa
uga,1824,25.3,Uganda,Africa
uga,1825,25.3,Uganda,Africa
uga,1826,25.3,Uganda,Africa
uga,1827,25.3,Uganda,Africa
uga,1828,25.3,Uganda,Africa
uga,1829,25.3,Uganda,Africa
uga,1830,25.3,Uganda,Africa
uga,1831,25.3,Uganda,Africa
uga,1832,25.3,Uganda,Africa
uga,1833,25.3,Uganda,Africa
uga,1834,25.3,Uganda,Africa
uga,1835,25.3,Uganda,Africa
uga,1836,25.3,Uganda,Africa
uga,1837,25.3,Uganda,Africa
uga,1838,25.3,Uganda,Africa
uga,1839,25.3,Uganda,Africa
uga,1840,25.3,Uganda,Africa
uga,1841,25.3,Uganda,Africa
uga,1842,25.3,Uganda,Africa
uga,1843,25.3,Uganda,Africa
uga,1844,25.3,Uganda,Africa
uga,1845,25.3,Uganda,Africa
uga,1846,25.3,Uganda,Africa
uga,1847,25.3,Uganda,Africa
uga,1848,25.3,Uganda,Africa
uga,1849,25.3,Uganda,Africa
uga,1850,25.3,Uganda,Africa
uga,1851,25.3,Uganda,Africa
uga,1852,25.3,Uganda,Africa
uga,1853,25.3,Uganda,Africa
uga,1854,25.3,Uganda,Africa
uga,1855,25.3,Uganda,Africa
uga,1856,25.3,Uganda,Africa
uga,1857,25.3,Uganda,Africa
uga,1858,25.3,Uganda,Africa
uga,1859,25.3,Uganda,Africa
uga,1860,25.3,Uganda,Africa
uga,1861,25.3,Uganda,Africa
uga,1862,25.3,Uganda,Africa
uga,1863,25.3,Uganda,Africa
uga,1864,25.3,Uganda,Africa
uga,1865,25.3,Uganda,Africa
uga,1866,25.3,Uganda,Africa
uga,1867,25.3,Uganda,Africa
uga,1868,25.3,Uganda,Africa
uga,1869,25.3,Uganda,Africa
uga,1870,25.3,Uganda,Africa
uga,1871,25.37,Uganda,Africa
uga,1872,25.43,Uganda,Africa
uga,1873,25.5,Uganda,Africa
uga,1874,25.56,Uganda,Africa
uga,1875,25.63,Uganda,Africa
uga,1876,25.69,Uganda,Africa
uga,1877,25.76,Uganda,Africa
uga,1878,25.82,Uganda,Africa
uga,1879,25.89,Uganda,Africa
uga,1880,25.96,Uganda,Africa
uga,1881,26.02,Uganda,Africa
uga,1882,26.09,Uganda,Africa
uga,1883,26.15,Uganda,Africa
uga,1884,26.22,Uganda,Africa
uga,1885,26.28,Uganda,Africa
uga,1886,26.35,Uganda,Africa
uga,1887,26.42,Uganda,Africa
uga,1888,26.48,Uganda,Africa
uga,1889,26.55,Uganda,Africa
uga,1890,26.61,Uganda,Africa
uga,1891,26.68,Uganda,Africa
uga,1892,26.74,Uganda,Africa
uga,1893,26.81,Uganda,Africa
uga,1894,26.87,Uganda,Africa
uga,1895,26.94,Uganda,Africa
uga,1896,27.01,Uganda,Africa
uga,1897,27.07,Uganda,Africa
uga,1898,27.14,Uganda,Africa
uga,1899,27.2,Uganda,Africa
uga,1900,27.27,Uganda,Africa
uga,1901,27.33,Uganda,Africa
uga,1902,27.4,Uganda,Africa
uga,1903,27.47,Uganda,Africa
uga,1904,27.53,Uganda,Africa
uga,1905,27.6,Uganda,Africa
uga,1906,27.66,Uganda,Africa
uga,1907,27.73,Uganda,Africa
uga,1908,27.79,Uganda,Africa
uga,1909,27.86,Uganda,Africa
uga,1910,27.92,Uganda,Africa
uga,1911,27.99,Uganda,Africa
uga,1912,28.06,Uganda,Africa
uga,1913,28.12,Uganda,Africa
uga,1914,28.19,Uganda,Africa
uga,1915,28.25,Uganda,Africa
uga,1916,28.32,Uganda,Africa
uga,1917,28.38,Uganda,Africa
uga,1918,11,Uganda,Africa
uga,1919,28.52,Uganda,Africa
uga,1920,28.58,Uganda,Africa
uga,1921,28.65,Uganda,Africa
uga,1922,28.71,Uganda,Africa
uga,1923,28.46,Uganda,Africa
uga,1924,28.21,Uganda,Africa
uga,1925,27.95,Uganda,Africa
uga,1926,27.69,Uganda,Africa
uga,1927,27.43,Uganda,Africa
uga,1928,27.78,Uganda,Africa
uga,1929,28.13,Uganda,Africa
uga,1930,28.49,Uganda,Africa
uga,1931,28.84,Uganda,Africa
uga,1932,29.19,Uganda,Africa
uga,1933,29.55,Uganda,Africa
uga,1934,29.91,Uganda,Africa
uga,1935,30.27,Uganda,Africa
uga,1936,30.63,Uganda,Africa
uga,1937,30.99,Uganda,Africa
uga,1938,31.41,Uganda,Africa
uga,1939,31.83,Uganda,Africa
uga,1940,32.26,Uganda,Africa
uga,1941,32.68,Uganda,Africa
uga,1942,33.11,Uganda,Africa
uga,1943,33.54,Uganda,Africa
uga,1944,33.97,Uganda,Africa
uga,1945,34.4,Uganda,Africa
uga,1946,36.92,Uganda,Africa
uga,1947,39.44,Uganda,Africa
uga,1948,41.97,Uganda,Africa
uga,1949,44.52,Uganda,Africa
uga,1950,47.08,Uganda,Africa
uga,1951,47.33,Uganda,Africa
uga,1952,47.23,Uganda,Africa
uga,1953,47.52,Uganda,Africa
uga,1954,47.87,Uganda,Africa
uga,1955,48.03,Uganda,Africa
uga,1956,48.05,Uganda,Africa
uga,1957,48.24,Uganda,Africa
uga,1958,48.5,Uganda,Africa
uga,1959,48.75,Uganda,Africa
uga,1960,48.97,Uganda,Africa
uga,1961,49.19,Uganda,Africa
uga,1962,49.26,Uganda,Africa
uga,1963,49.33,Uganda,Africa
uga,1964,49.73,Uganda,Africa
uga,1965,50.57,Uganda,Africa
uga,1966,50.56,Uganda,Africa
uga,1967,50.65,Uganda,Africa
uga,1968,51.11,Uganda,Africa
uga,1969,51.65,Uganda,Africa
uga,1970,51.95,Uganda,Africa
uga,1971,52.13,Uganda,Africa
uga,1972,52.16,Uganda,Africa
uga,1973,52.52,Uganda,Africa
uga,1974,52.83,Uganda,Africa
uga,1975,52.82,Uganda,Africa
uga,1976,52.96,Uganda,Africa
uga,1977,53.06,Uganda,Africa
uga,1978,52.8,Uganda,Africa
uga,1979,52.65,Uganda,Africa
uga,1980,50.84,Uganda,Africa
uga,1981,50.88,Uganda,Africa
uga,1982,50.98,Uganda,Africa
uga,1983,51.04,Uganda,Africa
uga,1984,50.66,Uganda,Africa
uga,1985,50.29,Uganda,Africa
uga,1986,49.63,Uganda,Africa
uga,1987,50.29,Uganda,Africa
uga,1988,49.76,Uganda,Africa
uga,1989,49.1,Uganda,Africa
uga,1990,48.51,Uganda,Africa
uga,1991,48.06,Uganda,Africa
uga,1992,47.94,Uganda,Africa
uga,1993,47.8,Uganda,Africa
uga,1994,47.87,Uganda,Africa
uga,1995,47.97,Uganda,Africa
uga,1996,48.07,Uganda,Africa
uga,1997,48.38,Uganda,Africa
uga,1998,48.69,Uganda,Africa
uga,1999,49.11,Uganda,Africa
uga,2000,49.58,Uganda,Africa
uga,2001,50.34,Uganda,Africa
uga,2002,51.03,Uganda,Africa
uga,2003,51.78,Uganda,Africa
uga,2004,52.57,Uganda,Africa
uga,2005,53.92,Uganda,Africa
uga,2006,55.45,Uganda,Africa
uga,2007,56.51,Uganda,Africa
uga,2008,57.57,Uganda,Africa
uga,2009,58.54,Uganda,Africa
uga,2010,59.33,Uganda,Africa
uga,2011,60.35,Uganda,Africa
uga,2012,61.42,Uganda,Africa
uga,2013,62.44,Uganda,Africa
uga,2014,63.21,Uganda,Africa
uga,2015,63.88,Uganda,Africa
uga,2016,64.03,Uganda,Africa
uga,2017,65.01,Uganda,Africa
uga,2018,65.71,Uganda,Africa
uga,2019,66.23,Uganda,Africa
uga,2020,66.42,Uganda,Africa
uga,2021,66.91,Uganda,Africa
uga,2022,67.21,Uganda,Africa
uga,2023,67.5,Uganda,Africa
uga,2024,67.78,Uganda,Africa
uga,2025,68.08,Uganda,Africa
uga,2026,68.37,Uganda,Africa
uga,2027,68.67,Uganda,Africa
uga,2028,68.96,Uganda,Africa
uga,2029,69.24,Uganda,Africa
uga,2030,69.52,Uganda,Africa
uga,2031,69.79,Uganda,Africa
uga,2032,70.06,Uganda,Africa
uga,2033,70.32,Uganda,Africa
uga,2034,70.57,Uganda,Africa
uga,2035,70.82,Uganda,Africa
uga,2036,71.06,Uganda,Africa
uga,2037,71.3,Uganda,Africa
uga,2038,71.53,Uganda,Africa
uga,2039,71.76,Uganda,Africa
uga,2040,71.98,Uganda,Africa
uga,2041,72.2,Uganda,Africa
uga,2042,72.41,Uganda,Africa
uga,2043,72.62,Uganda,Africa
uga,2044,72.82,Uganda,Africa
uga,2045,73.02,Uganda,Africa
uga,2046,73.22,Uganda,Africa
uga,2047,73.41,Uganda,Africa
uga,2048,73.6,Uganda,Africa
uga,2049,73.78,Uganda,Africa
uga,2050,73.97,Uganda,Africa
uga,2051,74.15,Uganda,Africa
uga,2052,74.33,Uganda,Africa
uga,2053,74.51,Uganda,Africa
uga,2054,74.68,Uganda,Africa
uga,2055,74.86,Uganda,Africa
uga,2056,75.03,Uganda,Africa
uga,2057,75.19,Uganda,Africa
uga,2058,75.36,Uganda,Africa
uga,2059,75.52,Uganda,Africa
uga,2060,75.68,Uganda,Africa
uga,2061,75.84,Uganda,Africa
uga,2062,76,Uganda,Africa
uga,2063,76.16,Uganda,Africa
uga,2064,76.31,Uganda,Africa
uga,2065,76.47,Uganda,Africa
uga,2066,76.63,Uganda,Africa
uga,2067,76.78,Uganda,Africa
uga,2068,76.94,Uganda,Africa
uga,2069,77.09,Uganda,Africa
uga,2070,77.25,Uganda,Africa
uga,2071,77.4,Uganda,Africa
uga,2072,77.56,Uganda,Africa
uga,2073,77.71,Uganda,Africa
uga,2074,77.86,Uganda,Africa
uga,2075,78.01,Uganda,Africa
uga,2076,78.16,Uganda,Africa
uga,2077,78.32,Uganda,Africa
uga,2078,78.47,Uganda,Africa
uga,2079,78.62,Uganda,Africa
uga,2080,78.77,Uganda,Africa
uga,2081,78.92,Uganda,Africa
uga,2082,79.07,Uganda,Africa
uga,2083,79.22,Uganda,Africa
uga,2084,79.37,Uganda,Africa
uga,2085,79.52,Uganda,Africa
uga,2086,79.67,Uganda,Africa
uga,2087,79.82,Uganda,Africa
uga,2088,79.97,Uganda,Africa
uga,2089,80.12,Uganda,Africa
uga,2090,80.27,Uganda,Africa
uga,2091,80.42,Uganda,Africa
uga,2092,80.57,Uganda,Africa
uga,2093,80.72,Uganda,Africa
uga,2094,80.87,Uganda,Africa
uga,2095,81.02,Uganda,Africa
uga,2096,81.17,Uganda,Africa
uga,2097,81.32,Uganda,Africa
uga,2098,81.47,Uganda,Africa
uga,2099,81.63,Uganda,Africa
uga,2100,81.78,Uganda,Africa
ukr,1800,36.6,Ukraine,Europe
ukr,1801,36.6,Ukraine,Europe
ukr,1802,36.6,Ukraine,Europe
ukr,1803,36.6,Ukraine,Europe
ukr,1804,36.6,Ukraine,Europe
ukr,1805,36.6,Ukraine,Europe
ukr,1806,36.6,Ukraine,Europe
ukr,1807,36.6,Ukraine,Europe
ukr,1808,36.6,Ukraine,Europe
ukr,1809,36.6,Ukraine,Europe
ukr,1810,36.6,Ukraine,Europe
ukr,1811,36.6,Ukraine,Europe
ukr,1812,36.6,Ukraine,Europe
ukr,1813,36.6,Ukraine,Europe
ukr,1814,36.6,Ukraine,Europe
ukr,1815,36.6,Ukraine,Europe
ukr,1816,36.6,Ukraine,Europe
ukr,1817,36.6,Ukraine,Europe
ukr,1818,36.6,Ukraine,Europe
ukr,1819,36.6,Ukraine,Europe
ukr,1820,36.6,Ukraine,Europe
ukr,1821,36.6,Ukraine,Europe
ukr,1822,36.6,Ukraine,Europe
ukr,1823,36.6,Ukraine,Europe
ukr,1824,36.6,Ukraine,Europe
ukr,1825,36.6,Ukraine,Europe
ukr,1826,36.6,Ukraine,Europe
ukr,1827,36.6,Ukraine,Europe
ukr,1828,36.6,Ukraine,Europe
ukr,1829,36.6,Ukraine,Europe
ukr,1830,36.6,Ukraine,Europe
ukr,1831,36.6,Ukraine,Europe
ukr,1832,36.6,Ukraine,Europe
ukr,1833,36.6,Ukraine,Europe
ukr,1834,36.6,Ukraine,Europe
ukr,1835,36.6,Ukraine,Europe
ukr,1836,36.6,Ukraine,Europe
ukr,1837,36.6,Ukraine,Europe
ukr,1838,36.6,Ukraine,Europe
ukr,1839,36.6,Ukraine,Europe
ukr,1840,36.6,Ukraine,Europe
ukr,1841,36.6,Ukraine,Europe
ukr,1842,36.6,Ukraine,Europe
ukr,1843,36.6,Ukraine,Europe
ukr,1844,36.6,Ukraine,Europe
ukr,1845,36.6,Ukraine,Europe
ukr,1846,36.6,Ukraine,Europe
ukr,1847,36.6,Ukraine,Europe
ukr,1848,36.6,Ukraine,Europe
ukr,1849,36.6,Ukraine,Europe
ukr,1850,36.6,Ukraine,Europe
ukr,1851,36.6,Ukraine,Europe
ukr,1852,36.6,Ukraine,Europe
ukr,1853,36.6,Ukraine,Europe
ukr,1854,36.6,Ukraine,Europe
ukr,1855,36.6,Ukraine,Europe
ukr,1856,36.6,Ukraine,Europe
ukr,1857,36.6,Ukraine,Europe
ukr,1858,36.6,Ukraine,Europe
ukr,1859,36.6,Ukraine,Europe
ukr,1860,36.6,Ukraine,Europe
ukr,1861,36.6,Ukraine,Europe
ukr,1862,36.6,Ukraine,Europe
ukr,1863,36.6,Ukraine,Europe
ukr,1864,36.6,Ukraine,Europe
ukr,1865,36.6,Ukraine,Europe
ukr,1866,36.6,Ukraine,Europe
ukr,1867,36.6,Ukraine,Europe
ukr,1868,36.6,Ukraine,Europe
ukr,1869,36.6,Ukraine,Europe
ukr,1870,36.6,Ukraine,Europe
ukr,1871,36.64,Ukraine,Europe
ukr,1872,36.68,Ukraine,Europe
ukr,1873,36.72,Ukraine,Europe
ukr,1874,36.76,Ukraine,Europe
ukr,1875,36.8,Ukraine,Europe
ukr,1876,36.84,Ukraine,Europe
ukr,1877,36.88,Ukraine,Europe
ukr,1878,36.92,Ukraine,Europe
ukr,1879,36.96,Ukraine,Europe
ukr,1880,37,Ukraine,Europe
ukr,1881,37.04,Ukraine,Europe
ukr,1882,37.08,Ukraine,Europe
ukr,1883,37.12,Ukraine,Europe
ukr,1884,37.16,Ukraine,Europe
ukr,1885,37.2,Ukraine,Europe
ukr,1886,37.24,Ukraine,Europe
ukr,1887,37.28,Ukraine,Europe
ukr,1888,37.32,Ukraine,Europe
ukr,1889,37.36,Ukraine,Europe
ukr,1890,37.4,Ukraine,Europe
ukr,1891,37.44,Ukraine,Europe
ukr,1892,37.48,Ukraine,Europe
ukr,1893,37.52,Ukraine,Europe
ukr,1894,37.56,Ukraine,Europe
ukr,1895,37.61,Ukraine,Europe
ukr,1896,37.65,Ukraine,Europe
ukr,1897,37.69,Ukraine,Europe
ukr,1898,37.73,Ukraine,Europe
ukr,1899,37.77,Ukraine,Europe
ukr,1900,37.81,Ukraine,Europe
ukr,1901,38.26,Ukraine,Europe
ukr,1902,38.71,Ukraine,Europe
ukr,1903,39.16,Ukraine,Europe
ukr,1904,39.62,Ukraine,Europe
ukr,1905,40.07,Ukraine,Europe
ukr,1906,40.53,Ukraine,Europe
ukr,1907,40.99,Ukraine,Europe
ukr,1908,41.45,Ukraine,Europe
ukr,1909,41.9,Ukraine,Europe
ukr,1910,42.36,Ukraine,Europe
ukr,1911,42.82,Ukraine,Europe
ukr,1912,43.29,Ukraine,Europe
ukr,1913,43.75,Ukraine,Europe
ukr,1914,42.51,Ukraine,Europe
ukr,1915,36.73,Ukraine,Europe
ukr,1916,36.77,Ukraine,Europe
ukr,1917,34.7,Ukraine,Europe
ukr,1918,30.53,Ukraine,Europe
ukr,1919,32.67,Ukraine,Europe
ukr,1920,29.59,Ukraine,Europe
ukr,1921,33.11,Ukraine,Europe
ukr,1922,34.09,Ukraine,Europe
ukr,1923,43.55,Ukraine,Europe
ukr,1924,46.24,Ukraine,Europe
ukr,1925,45.33,Ukraine,Europe
ukr,1926,48.78,Ukraine,Europe
ukr,1927,47.87,Ukraine,Europe
ukr,1928,49.62,Ukraine,Europe
ukr,1929,47.65,Ukraine,Europe
ukr,1930,47.65,Ukraine,Europe
ukr,1931,48.76,Ukraine,Europe
ukr,1932,39.47,Ukraine,Europe
ukr,1933,9.68,Ukraine,Europe
ukr,1934,42.54,Ukraine,Europe
ukr,1935,53.14,Ukraine,Europe
ukr,1936,53.95,Ukraine,Europe
ukr,1937,52.66,Ukraine,Europe
ukr,1938,54.06,Ukraine,Europe
ukr,1939,53.9,Ukraine,Europe
ukr,1940,53.74,Ukraine,Europe
ukr,1941,26.9,Ukraine,Europe
ukr,1942,21.1,Ukraine,Europe
ukr,1943,19.71,Ukraine,Europe
ukr,1944,31.3,Ukraine,Europe
ukr,1945,38.48,Ukraine,Europe
ukr,1946,59.92,Ukraine,Europe
ukr,1947,49.08,Ukraine,Europe
ukr,1948,62.86,Ukraine,Europe
ukr,1949,65.97,Ukraine,Europe
ukr,1950,68.16,Ukraine,Europe
ukr,1951,68.34,Ukraine,Europe
ukr,1952,68.53,Ukraine,Europe
ukr,1953,68.72,Ukraine,Europe
ukr,1954,68.92,Ukraine,Europe
ukr,1955,69.15,Ukraine,Europe
ukr,1956,69.34,Ukraine,Europe
ukr,1957,69.51,Ukraine,Europe
ukr,1958,69.74,Ukraine,Europe
ukr,1959,69.91,Ukraine,Europe
ukr,1960,71.08,Ukraine,Europe
ukr,1961,71.13,Ukraine,Europe
ukr,1962,70.98,Ukraine,Europe
ukr,1963,71.45,Ukraine,Europe
ukr,1964,72.09,Ukraine,Europe
ukr,1965,71.7,Ukraine,Europe
ukr,1966,71.83,Ukraine,Europe
ukr,1967,71.53,Ukraine,Europe
ukr,1968,71.53,Ukraine,Europe
ukr,1969,71.17,Ukraine,Europe
ukr,1970,70.92,Ukraine,Europe
ukr,1971,71.04,Ukraine,Europe
ukr,1972,70.95,Ukraine,Europe
ukr,1973,71.1,Ukraine,Europe
ukr,1974,71.01,Ukraine,Europe
ukr,1975,70.6,Ukraine,Europe
ukr,1976,70.62,Ukraine,Europe
ukr,1977,70.26,Ukraine,Europe
ukr,1978,69.99,Ukraine,Europe
ukr,1979,69.79,Ukraine,Europe
ukr,1980,69.77,Ukraine,Europe
ukr,1981,69.76,Ukraine,Europe
ukr,1982,69.97,Ukraine,Europe
ukr,1983,70.12,Ukraine,Europe
ukr,1984,69.81,Ukraine,Europe
ukr,1985,70.31,Ukraine,Europe
ukr,1986,71.66,Ukraine,Europe
ukr,1987,71.4,Ukraine,Europe
ukr,1988,71.32,Ukraine,Europe
ukr,1989,70.96,Ukraine,Europe
ukr,1990,70.58,Ukraine,Europe
ukr,1991,69.91,Ukraine,Europe
ukr,1992,69.23,Ukraine,Europe
ukr,1993,68.62,Ukraine,Europe
ukr,1994,67.93,Ukraine,Europe
ukr,1995,66.98,Ukraine,Europe
ukr,1996,67.29,Ukraine,Europe
ukr,1997,67.88,Ukraine,Europe
ukr,1998,68.72,Ukraine,Europe
ukr,1999,68.35,Ukraine,Europe
ukr,2000,67.98,Ukraine,Europe
ukr,2001,68.24,Ukraine,Europe
ukr,2002,68.13,Ukraine,Europe
ukr,2003,68.25,Ukraine,Europe
ukr,2004,67.99,Ukraine,Europe
ukr,2005,67.81,Ukraine,Europe
ukr,2006,68.44,Ukraine,Europe
ukr,2007,68.09,Ukraine,Europe
ukr,2008,68.29,Ukraine,Europe
ukr,2009,70.05,Ukraine,Europe
ukr,2010,70.82,Ukraine,Europe
ukr,2011,71.45,Ukraine,Europe
ukr,2012,71.56,Ukraine,Europe
ukr,2013,71.77,Ukraine,Europe
ukr,2014,71.69,Ukraine,Europe
ukr,2015,72.48,Ukraine,Europe
ukr,2016,72.87,Ukraine,Europe
ukr,2017,73.82,Ukraine,Europe
ukr,2018,73.91,Ukraine,Europe
ukr,2019,73.84,Ukraine,Europe
ukr,2020,73.21,Ukraine,Europe
ukr,2021,74.09,Ukraine,Europe
ukr,2022,74.23,Ukraine,Europe
ukr,2023,74.36,Ukraine,Europe
ukr,2024,74.5,Ukraine,Europe
ukr,2025,74.64,Ukraine,Europe
ukr,2026,74.78,Ukraine,Europe
ukr,2027,74.92,Ukraine,Europe
ukr,2028,75.06,Ukraine,Europe
ukr,2029,75.2,Ukraine,Europe
ukr,2030,75.34,Ukraine,Europe
ukr,2031,75.47,Ukraine,Europe
ukr,2032,75.61,Ukraine,Europe
ukr,2033,75.75,Ukraine,Europe
ukr,2034,75.89,Ukraine,Europe
ukr,2035,76.02,Ukraine,Europe
ukr,2036,76.16,Ukraine,Europe
ukr,2037,76.3,Ukraine,Europe
ukr,2038,76.44,Ukraine,Europe
ukr,2039,76.58,Ukraine,Europe
ukr,2040,76.72,Ukraine,Europe
ukr,2041,76.86,Ukraine,Europe
ukr,2042,77,Ukraine,Europe
ukr,2043,77.14,Ukraine,Europe
ukr,2044,77.28,Ukraine,Europe
ukr,2045,77.42,Ukraine,Europe
ukr,2046,77.56,Ukraine,Europe
ukr,2047,77.7,Ukraine,Europe
ukr,2048,77.84,Ukraine,Europe
ukr,2049,77.99,Ukraine,Europe
ukr,2050,78.13,Ukraine,Europe
ukr,2051,78.28,Ukraine,Europe
ukr,2052,78.42,Ukraine,Europe
ukr,2053,78.56,Ukraine,Europe
ukr,2054,78.71,Ukraine,Europe
ukr,2055,78.85,Ukraine,Europe
ukr,2056,79,Ukraine,Europe
ukr,2057,79.14,Ukraine,Europe
ukr,2058,79.28,Ukraine,Europe
ukr,2059,79.43,Ukraine,Europe
ukr,2060,79.57,Ukraine,Europe
ukr,2061,79.72,Ukraine,Europe
ukr,2062,79.86,Ukraine,Europe
ukr,2063,80.01,Ukraine,Europe
ukr,2064,80.16,Ukraine,Europe
ukr,2065,80.3,Ukraine,Europe
ukr,2066,80.45,Ukraine,Europe
ukr,2067,80.6,Ukraine,Europe
ukr,2068,80.75,Ukraine,Europe
ukr,2069,80.89,Ukraine,Europe
ukr,2070,81.04,Ukraine,Europe
ukr,2071,81.19,Ukraine,Europe
ukr,2072,81.33,Ukraine,Europe
ukr,2073,81.48,Ukraine,Europe
ukr,2074,81.63,Ukraine,Europe
ukr,2075,81.78,Ukraine,Europe
ukr,2076,81.93,Ukraine,Europe
ukr,2077,82.07,Ukraine,Europe
ukr,2078,82.22,Ukraine,Europe
ukr,2079,82.37,Ukraine,Europe
ukr,2080,82.51,Ukraine,Europe
ukr,2081,82.65,Ukraine,Europe
ukr,2082,82.8,Ukraine,Europe
ukr,2083,82.94,Ukraine,Europe
ukr,2084,83.08,Ukraine,Europe
ukr,2085,83.22,Ukraine,Europe
ukr,2086,83.35,Ukraine,Europe
ukr,2087,83.49,Ukraine,Europe
ukr,2088,83.63,Ukraine,Europe
ukr,2089,83.76,Ukraine,Europe
ukr,2090,83.89,Ukraine,Europe
ukr,2091,84.02,Ukraine,Europe
ukr,2092,84.15,Ukraine,Europe
ukr,2093,84.27,Ukraine,Europe
ukr,2094,84.4,Ukraine,Europe
ukr,2095,84.52,Ukraine,Europe
ukr,2096,84.65,Ukraine,Europe
ukr,2097,84.77,Ukraine,Europe
ukr,2098,84.89,Ukraine,Europe
ukr,2099,85.01,Ukraine,Europe
ukr,2100,85.13,Ukraine,Europe
are,1800,30.7,United Arab Emirates,Asia
are,1801,30.7,United Arab Emirates,Asia
are,1802,30.7,United Arab Emirates,Asia
are,1803,30.7,United Arab Emirates,Asia
are,1804,30.7,United Arab Emirates,Asia
are,1805,30.7,United Arab Emirates,Asia
are,1806,30.7,United Arab Emirates,Asia
are,1807,30.7,United Arab Emirates,Asia
are,1808,30.7,United Arab Emirates,Asia
are,1809,30.7,United Arab Emirates,Asia
are,1810,30.7,United Arab Emirates,Asia
are,1811,30.7,United Arab Emirates,Asia
are,1812,30.7,United Arab Emirates,Asia
are,1813,30.7,United Arab Emirates,Asia
are,1814,30.7,United Arab Emirates,Asia
are,1815,30.7,United Arab Emirates,Asia
are,1816,30.7,United Arab Emirates,Asia
are,1817,30.7,United Arab Emirates,Asia
are,1818,30.7,United Arab Emirates,Asia
are,1819,30.7,United Arab Emirates,Asia
are,1820,30.7,United Arab Emirates,Asia
are,1821,30.7,United Arab Emirates,Asia
are,1822,30.7,United Arab Emirates,Asia
are,1823,30.7,United Arab Emirates,Asia
are,1824,30.7,United Arab Emirates,Asia
are,1825,30.7,United Arab Emirates,Asia
are,1826,30.7,United Arab Emirates,Asia
are,1827,30.7,United Arab Emirates,Asia
are,1828,30.7,United Arab Emirates,Asia
are,1829,30.7,United Arab Emirates,Asia
are,1830,30.7,United Arab Emirates,Asia
are,1831,30.7,United Arab Emirates,Asia
are,1832,30.7,United Arab Emirates,Asia
are,1833,30.7,United Arab Emirates,Asia
are,1834,30.7,United Arab Emirates,Asia
are,1835,30.7,United Arab Emirates,Asia
are,1836,30.7,United Arab Emirates,Asia
are,1837,30.7,United Arab Emirates,Asia
are,1838,30.7,United Arab Emirates,Asia
are,1839,30.7,United Arab Emirates,Asia
are,1840,30.7,United Arab Emirates,Asia
are,1841,30.7,United Arab Emirates,Asia
are,1842,30.7,United Arab Emirates,Asia
are,1843,30.7,United Arab Emirates,Asia
are,1844,30.7,United Arab Emirates,Asia
are,1845,30.7,United Arab Emirates,Asia
are,1846,30.7,United Arab Emirates,Asia
are,1847,30.7,United Arab Emirates,Asia
are,1848,30.7,United Arab Emirates,Asia
are,1849,30.7,United Arab Emirates,Asia
are,1850,30.7,United Arab Emirates,Asia
are,1851,30.7,United Arab Emirates,Asia
are,1852,30.7,United Arab Emirates,Asia
are,1853,30.7,United Arab Emirates,Asia
are,1854,30.7,United Arab Emirates,Asia
are,1855,30.7,United Arab Emirates,Asia
are,1856,30.7,United Arab Emirates,Asia
are,1857,30.7,United Arab Emirates,Asia
are,1858,30.7,United Arab Emirates,Asia
are,1859,30.7,United Arab Emirates,Asia
are,1860,30.7,United Arab Emirates,Asia
are,1861,30.7,United Arab Emirates,Asia
are,1862,30.7,United Arab Emirates,Asia
are,1863,30.7,United Arab Emirates,Asia
are,1864,30.7,United Arab Emirates,Asia
are,1865,30.7,United Arab Emirates,Asia
are,1866,30.7,United Arab Emirates,Asia
are,1867,30.7,United Arab Emirates,Asia
are,1868,30.7,United Arab Emirates,Asia
are,1869,30.7,United Arab Emirates,Asia
are,1870,30.7,United Arab Emirates,Asia
are,1871,30.86,United Arab Emirates,Asia
are,1872,31.02,United Arab Emirates,Asia
are,1873,31.17,United Arab Emirates,Asia
are,1874,31.33,United Arab Emirates,Asia
are,1875,31.49,United Arab Emirates,Asia
are,1876,31.65,United Arab Emirates,Asia
are,1877,31.8,United Arab Emirates,Asia
are,1878,31.96,United Arab Emirates,Asia
are,1879,32.12,United Arab Emirates,Asia
are,1880,32.28,United Arab Emirates,Asia
are,1881,32.43,United Arab Emirates,Asia
are,1882,32.59,United Arab Emirates,Asia
are,1883,32.75,United Arab Emirates,Asia
are,1884,32.91,United Arab Emirates,Asia
are,1885,33.06,United Arab Emirates,Asia
are,1886,33.22,United Arab Emirates,Asia
are,1887,33.38,United Arab Emirates,Asia
are,1888,33.54,United Arab Emirates,Asia
are,1889,33.69,United Arab Emirates,Asia
are,1890,33.85,United Arab Emirates,Asia
are,1891,34.01,United Arab Emirates,Asia
are,1892,34.17,United Arab Emirates,Asia
are,1893,34.32,United Arab Emirates,Asia
are,1894,34.48,United Arab Emirates,Asia
are,1895,34.64,United Arab Emirates,Asia
are,1896,34.8,United Arab Emirates,Asia
are,1897,34.95,United Arab Emirates,Asia
are,1898,35.11,United Arab Emirates,Asia
are,1899,35.27,United Arab Emirates,Asia
are,1900,35.43,United Arab Emirates,Asia
are,1901,35.58,United Arab Emirates,Asia
are,1902,35.74,United Arab Emirates,Asia
are,1903,35.9,United Arab Emirates,Asia
are,1904,36.06,United Arab Emirates,Asia
are,1905,36.21,United Arab Emirates,Asia
are,1906,36.37,United Arab Emirates,Asia
are,1907,36.53,United Arab Emirates,Asia
are,1908,36.69,United Arab Emirates,Asia
are,1909,36.84,United Arab Emirates,Asia
are,1910,37,United Arab Emirates,Asia
are,1911,37.16,United Arab Emirates,Asia
are,1912,37.32,United Arab Emirates,Asia
are,1913,37.47,United Arab Emirates,Asia
are,1914,37.63,United Arab Emirates,Asia
are,1915,37.79,United Arab Emirates,Asia
are,1916,37.95,United Arab Emirates,Asia
are,1917,38.1,United Arab Emirates,Asia
are,1918,31.72,United Arab Emirates,Asia
are,1919,38.42,United Arab Emirates,Asia
are,1920,38.58,United Arab Emirates,Asia
are,1921,38.73,United Arab Emirates,Asia
are,1922,38.89,United Arab Emirates,Asia
are,1923,39.05,United Arab Emirates,Asia
are,1924,39.21,United Arab Emirates,Asia
are,1925,39.36,United Arab Emirates,Asia
are,1926,39.52,United Arab Emirates,Asia
are,1927,39.68,United Arab Emirates,Asia
are,1928,39.84,United Arab Emirates,Asia
are,1929,39.99,United Arab Emirates,Asia
are,1930,40.15,United Arab Emirates,Asia
are,1931,40.31,United Arab Emirates,Asia
are,1932,40.47,United Arab Emirates,Asia
are,1933,40.62,United Arab Emirates,Asia
are,1934,40.78,United Arab Emirates,Asia
are,1935,40.94,United Arab Emirates,Asia
are,1936,41.1,United Arab Emirates,Asia
are,1937,41.25,United Arab Emirates,Asia
are,1938,41.41,United Arab Emirates,Asia
are,1939,41.57,United Arab Emirates,Asia
are,1940,41.73,United Arab Emirates,Asia
are,1941,41.89,United Arab Emirates,Asia
are,1942,42.04,United Arab Emirates,Asia
are,1943,42.2,United Arab Emirates,Asia
are,1944,42.36,United Arab Emirates,Asia
are,1945,42.52,United Arab Emirates,Asia
are,1946,45.65,United Arab Emirates,Asia
are,1947,48.81,United Arab Emirates,Asia
are,1948,51.99,United Arab Emirates,Asia
are,1949,55.19,United Arab Emirates,Asia
are,1950,58.41,United Arab Emirates,Asia
are,1951,58.5,United Arab Emirates,Asia
are,1952,58.6,United Arab Emirates,Asia
are,1953,58.72,United Arab Emirates,Asia
are,1954,58.8,United Arab Emirates,Asia
are,1955,58.86,United Arab Emirates,Asia
are,1956,58.75,United Arab Emirates,Asia
are,1957,59.27,United Arab Emirates,Asia
are,1958,59.59,United Arab Emirates,Asia
are,1959,59.7,United Arab Emirates,Asia
are,1960,60.34,United Arab Emirates,Asia
are,1961,60.81,United Arab Emirates,Asia
are,1962,61.26,United Arab Emirates,Asia
are,1963,61.62,United Arab Emirates,Asia
are,1964,62.12,United Arab Emirates,Asia
are,1965,62.59,United Arab Emirates,Asia
are,1966,63.04,United Arab Emirates,Asia
are,1967,63.38,United Arab Emirates,Asia
are,1968,63.77,United Arab Emirates,Asia
are,1969,64.2,United Arab Emirates,Asia
are,1970,64.04,United Arab Emirates,Asia
are,1971,64.89,United Arab Emirates,Asia
are,1972,65.11,United Arab Emirates,Asia
are,1973,65.39,United Arab Emirates,Asia
are,1974,65.66,United Arab Emirates,Asia
are,1975,65.99,United Arab Emirates,Asia
are,1976,66.31,United Arab Emirates,Asia
are,1977,66.64,United Arab Emirates,Asia
are,1978,66.95,United Arab Emirates,Asia
are,1979,67.31,United Arab Emirates,Asia
are,1980,67.62,United Arab Emirates,Asia
are,1981,67.96,United Arab Emirates,Asia
are,1982,68.13,United Arab Emirates,Asia
are,1983,67.91,United Arab Emirates,Asia
are,1984,68.4,United Arab Emirates,Asia
are,1985,68.47,United Arab Emirates,Asia
are,1986,68.48,United Arab Emirates,Asia
are,1987,68.5,United Arab Emirates,Asia
are,1988,68.53,United Arab Emirates,Asia
are,1989,68.58,United Arab Emirates,Asia
are,1990,68.66,United Arab Emirates,Asia
are,1991,68.73,United Arab Emirates,Asia
are,1992,68.78,United Arab Emirates,Asia
are,1993,68.83,United Arab Emirates,Asia
are,1994,68.68,United Arab Emirates,Asia
are,1995,68.81,United Arab Emirates,Asia
are,1996,68.91,United Arab Emirates,Asia
are,1997,68.97,United Arab Emirates,Asia
are,1998,69.16,United Arab Emirates,Asia
are,1999,69.21,United Arab Emirates,Asia
are,2000,69.11,United Arab Emirates,Asia
are,2001,69.24,United Arab Emirates,Asia
are,2002,69.37,United Arab Emirates,Asia
are,2003,69.28,United Arab Emirates,Asia
are,2004,69.07,United Arab Emirates,Asia
are,2005,69.24,United Arab Emirates,Asia
are,2006,69.49,United Arab Emirates,Asia
are,2007,70.04,United Arab Emirates,Asia
are,2008,70.4,United Arab Emirates,Asia
are,2009,70.57,United Arab Emirates,Asia
are,2010,70.77,United Arab Emirates,Asia
are,2011,70.96,United Arab Emirates,Asia
are,2012,71.15,United Arab Emirates,Asia
are,2013,71.64,United Arab Emirates,Asia
are,2014,73.01,United Arab Emirates,Asia
are,2015,73.18,United Arab Emirates,Asia
are,2016,73.36,United Arab Emirates,Asia
are,2017,73.53,United Arab Emirates,Asia
are,2018,73.72,United Arab Emirates,Asia
are,2019,73.9,United Arab Emirates,Asia
are,2020,73.95,United Arab Emirates,Asia
are,2021,74.17,United Arab Emirates,Asia
are,2022,74.31,United Arab Emirates,Asia
are,2023,74.44,United Arab Emirates,Asia
are,2024,74.57,United Arab Emirates,Asia
are,2025,74.7,United Arab Emirates,Asia
are,2026,74.83,United Arab Emirates,Asia
are,2027,74.96,United Arab Emirates,Asia
are,2028,75.1,United Arab Emirates,Asia
are,2029,75.23,United Arab Emirates,Asia
are,2030,75.36,United Arab Emirates,Asia
are,2031,75.49,United Arab Emirates,Asia
are,2032,75.63,United Arab Emirates,Asia
are,2033,75.76,United Arab Emirates,Asia
are,2034,75.89,United Arab Emirates,Asia
are,2035,76.02,United Arab Emirates,Asia
are,2036,76.16,United Arab Emirates,Asia
are,2037,76.29,United Arab Emirates,Asia
are,2038,76.43,United Arab Emirates,Asia
are,2039,76.56,United Arab Emirates,Asia
are,2040,76.69,United Arab Emirates,Asia
are,2041,76.83,United Arab Emirates,Asia
are,2042,76.96,United Arab Emirates,Asia
are,2043,77.09,United Arab Emirates,Asia
are,2044,77.22,United Arab Emirates,Asia
are,2045,77.34,United Arab Emirates,Asia
are,2046,77.47,United Arab Emirates,Asia
are,2047,77.6,United Arab Emirates,Asia
are,2048,77.73,United Arab Emirates,Asia
are,2049,77.86,United Arab Emirates,Asia
are,2050,77.98,United Arab Emirates,Asia
are,2051,78.11,United Arab Emirates,Asia
are,2052,78.23,United Arab Emirates,Asia
are,2053,78.36,United Arab Emirates,Asia
are,2054,78.48,United Arab Emirates,Asia
are,2055,78.6,United Arab Emirates,Asia
are,2056,78.73,United Arab Emirates,Asia
are,2057,78.85,United Arab Emirates,Asia
are,2058,78.97,United Arab Emirates,Asia
are,2059,79.09,United Arab Emirates,Asia
are,2060,79.21,United Arab Emirates,Asia
are,2061,79.32,United Arab Emirates,Asia
are,2062,79.44,United Arab Emirates,Asia
are,2063,79.55,United Arab Emirates,Asia
are,2064,79.67,United Arab Emirates,Asia
are,2065,79.78,United Arab Emirates,Asia
are,2066,79.89,United Arab Emirates,Asia
are,2067,80,United Arab Emirates,Asia
are,2068,80.11,United Arab Emirates,Asia
are,2069,80.22,United Arab Emirates,Asia
are,2070,80.33,United Arab Emirates,Asia
are,2071,80.44,United Arab Emirates,Asia
are,2072,80.55,United Arab Emirates,Asia
are,2073,80.65,United Arab Emirates,Asia
are,2074,80.75,United Arab Emirates,Asia
are,2075,80.86,United Arab Emirates,Asia
are,2076,80.96,United Arab Emirates,Asia
are,2077,81.05,United Arab Emirates,Asia
are,2078,81.15,United Arab Emirates,Asia
are,2079,81.25,United Arab Emirates,Asia
are,2080,81.35,United Arab Emirates,Asia
are,2081,81.44,United Arab Emirates,Asia
are,2082,81.54,United Arab Emirates,Asia
are,2083,81.64,United Arab Emirates,Asia
are,2084,81.74,United Arab Emirates,Asia
are,2085,81.83,United Arab Emirates,Asia
are,2086,81.93,United Arab Emirates,Asia
are,2087,82.03,United Arab Emirates,Asia
are,2088,82.13,United Arab Emirates,Asia
are,2089,82.22,United Arab Emirates,Asia
are,2090,82.32,United Arab Emirates,Asia
are,2091,82.41,United Arab Emirates,Asia
are,2092,82.51,United Arab Emirates,Asia
are,2093,82.6,United Arab Emirates,Asia
are,2094,82.7,United Arab Emirates,Asia
are,2095,82.8,United Arab Emirates,Asia
are,2096,82.89,United Arab Emirates,Asia
are,2097,82.99,United Arab Emirates,Asia
are,2098,83.08,United Arab Emirates,Asia
are,2099,83.18,United Arab Emirates,Asia
are,2100,83.28,United Arab Emirates,Asia
gbr,1800,38.65,United Kingdom,Europe
gbr,1801,37.35,United Kingdom,Europe
gbr,1802,38.62,United Kingdom,Europe
gbr,1803,37.32,United Kingdom,Europe
gbr,1804,41.44,United Kingdom,Europe
gbr,1805,42.32,United Kingdom,Europe
gbr,1806,43.22,United Kingdom,Europe
gbr,1807,40.05,United Kingdom,Europe
gbr,1808,40.35,United Kingdom,Europe
gbr,1809,41.74,United Kingdom,Europe
gbr,1810,38.35,United Kingdom,Europe
gbr,1811,39.89,United Kingdom,Europe
gbr,1812,41.83,United Kingdom,Europe
gbr,1813,43.04,United Kingdom,Europe
gbr,1814,40.24,United Kingdom,Europe
gbr,1815,41.13,United Kingdom,Europe
gbr,1816,39.94,United Kingdom,Europe
gbr,1817,41.04,United Kingdom,Europe
gbr,1818,39.85,United Kingdom,Europe
gbr,1819,40.52,United Kingdom,Europe
gbr,1820,41.31,United Kingdom,Europe
gbr,1821,41.78,United Kingdom,Europe
gbr,1822,41.35,United Kingdom,Europe
gbr,1823,40.05,United Kingdom,Europe
gbr,1824,39.19,United Kingdom,Europe
gbr,1825,39.94,United Kingdom,Europe
gbr,1826,39.83,United Kingdom,Europe
gbr,1827,41.14,United Kingdom,Europe
gbr,1828,42.03,United Kingdom,Europe
gbr,1829,41.56,United Kingdom,Europe
gbr,1830,43.02,United Kingdom,Europe
gbr,1831,40.84,United Kingdom,Europe
gbr,1832,40.16,United Kingdom,Europe
gbr,1833,41.35,United Kingdom,Europe
gbr,1834,40.78,United Kingdom,Europe
gbr,1835,41.1,United Kingdom,Europe
gbr,1836,41.43,United Kingdom,Europe
gbr,1837,40.2,United Kingdom,Europe
gbr,1838,40.3,United Kingdom,Europe
gbr,1839,40.88,United Kingdom,Europe
gbr,1840,39.93,United Kingdom,Europe
gbr,1841,41.7,United Kingdom,Europe
gbr,1842,41.35,United Kingdom,Europe
gbr,1843,41.86,United Kingdom,Europe
gbr,1844,41.55,United Kingdom,Europe
gbr,1845,42.56,United Kingdom,Europe
gbr,1846,39.96,United Kingdom,Europe
gbr,1847,38.33,United Kingdom,Europe
gbr,1848,39.5,United Kingdom,Europe
gbr,1849,37.38,United Kingdom,Europe
gbr,1850,42.8,United Kingdom,Europe
gbr,1851,41.42,United Kingdom,Europe
gbr,1852,40.93,United Kingdom,Europe
gbr,1853,40.56,United Kingdom,Europe
gbr,1854,39.34,United Kingdom,Europe
gbr,1855,41.03,United Kingdom,Europe
gbr,1856,43.25,United Kingdom,Europe
gbr,1857,41.88,United Kingdom,Europe
gbr,1858,40.04,United Kingdom,Europe
gbr,1859,40.84,United Kingdom,Europe
gbr,1860,43.01,United Kingdom,Europe
gbr,1861,42.38,United Kingdom,Europe
gbr,1862,42.52,United Kingdom,Europe
gbr,1863,40.4,United Kingdom,Europe
gbr,1864,39.97,United Kingdom,Europe
gbr,1865,40.65,United Kingdom,Europe
gbr,1866,40.41,United Kingdom,Europe
gbr,1867,42.62,United Kingdom,Europe
gbr,1868,42,United Kingdom,Europe
gbr,1869,41.67,United Kingdom,Europe
gbr,1870,40.95,United Kingdom,Europe
gbr,1871,41.31,United Kingdom,Europe
gbr,1872,42.9,United Kingdom,Europe
gbr,1873,43.78,United Kingdom,Europe
gbr,1874,42.14,United Kingdom,Europe
gbr,1875,41.86,United Kingdom,Europe
gbr,1876,43.7,United Kingdom,Europe
gbr,1877,44.71,United Kingdom,Europe
gbr,1878,43.02,United Kingdom,Europe
gbr,1879,44.28,United Kingdom,Europe
gbr,1880,43.79,United Kingdom,Europe
gbr,1881,46.13,United Kingdom,Europe
gbr,1882,44.89,United Kingdom,Europe
gbr,1883,45.11,United Kingdom,Europe
gbr,1884,44.81,United Kingdom,Europe
gbr,1885,45.78,United Kingdom,Europe
gbr,1886,45.35,United Kingdom,Europe
gbr,1887,45.67,United Kingdom,Europe
gbr,1888,46.84,United Kingdom,Europe
gbr,1889,46.37,United Kingdom,Europe
gbr,1890,44.78,United Kingdom,Europe
gbr,1891,44.32,United Kingdom,Europe
gbr,1892,45.54,United Kingdom,Europe
gbr,1893,44.9,United Kingdom,Europe
gbr,1894,48.38,United Kingdom,Europe
gbr,1895,45.77,United Kingdom,Europe
gbr,1896,47.45,United Kingdom,Europe
gbr,1897,47.27,United Kingdom,Europe
gbr,1898,47.02,United Kingdom,Europe
gbr,1899,46.17,United Kingdom,Europe
gbr,1900,46.36,United Kingdom,Europe
gbr,1901,47.96,United Kingdom,Europe
gbr,1902,49.13,United Kingdom,Europe
gbr,1903,50.48,United Kingdom,Europe
gbr,1904,49.16,United Kingdom,Europe
gbr,1905,50.92,United Kingdom,Europe
gbr,1906,50.64,United Kingdom,Europe
gbr,1907,51.5,United Kingdom,Europe
gbr,1908,51.9,United Kingdom,Europe
gbr,1909,52.59,United Kingdom,Europe
gbr,1910,54.06,United Kingdom,Europe
gbr,1911,51.61,United Kingdom,Europe
gbr,1912,54.62,United Kingdom,Europe
gbr,1913,53.9,United Kingdom,Europe
gbr,1914,52.06,United Kingdom,Europe
gbr,1915,48.27,United Kingdom,Europe
gbr,1916,47.8,United Kingdom,Europe
gbr,1917,45.64,United Kingdom,Europe
gbr,1918,40.49,United Kingdom,Europe
gbr,1919,54.21,United Kingdom,Europe
gbr,1920,56.69,United Kingdom,Europe
gbr,1921,58.45,United Kingdom,Europe
gbr,1922,57.23,United Kingdom,Europe
gbr,1923,59.5,United Kingdom,Europe
gbr,1924,58.27,United Kingdom,Europe
gbr,1925,58.61,United Kingdom,Europe
gbr,1926,59.77,United Kingdom,Europe
gbr,1927,59.15,United Kingdom,Europe
gbr,1928,60.1,United Kingdom,Europe
gbr,1929,57.82,United Kingdom,Europe
gbr,1930,61.01,United Kingdom,Europe
gbr,1931,60.23,United Kingdom,Europe
gbr,1932,60.75,United Kingdom,Europe
gbr,1933,60.79,United Kingdom,Europe
gbr,1934,61.53,United Kingdom,Europe
gbr,1935,62.18,United Kingdom,Europe
gbr,1936,61.98,United Kingdom,Europe
gbr,1937,62.01,United Kingdom,Europe
gbr,1938,63.44,United Kingdom,Europe
gbr,1939,63.83,United Kingdom,Europe
gbr,1940,61.11,United Kingdom,Europe
gbr,1941,61.51,United Kingdom,Europe
gbr,1942,64.14,United Kingdom,Europe
gbr,1943,64.16,United Kingdom,Europe
gbr,1944,65,United Kingdom,Europe
gbr,1945,66.01,United Kingdom,Europe
gbr,1946,66.63,United Kingdom,Europe
gbr,1947,66.6,United Kingdom,Europe
gbr,1948,68.67,United Kingdom,Europe
gbr,1949,68.36,United Kingdom,Europe
gbr,1950,68.88,United Kingdom,Europe
gbr,1951,68.76,United Kingdom,Europe
gbr,1952,69.49,United Kingdom,Europe
gbr,1953,70.03,United Kingdom,Europe
gbr,1954,70.34,United Kingdom,Europe
gbr,1955,70.46,United Kingdom,Europe
gbr,1956,70.64,United Kingdom,Europe
gbr,1957,70.77,United Kingdom,Europe
gbr,1958,70.95,United Kingdom,Europe
gbr,1959,71.06,United Kingdom,Europe
gbr,1960,71.17,United Kingdom,Europe
gbr,1961,71.08,United Kingdom,Europe
gbr,1962,71.05,United Kingdom,Europe
gbr,1963,71.1,United Kingdom,Europe
gbr,1964,71.5,United Kingdom,Europe
gbr,1965,71.65,United Kingdom,Europe
gbr,1966,71.7,United Kingdom,Europe
gbr,1967,72.01,United Kingdom,Europe
gbr,1968,71.93,United Kingdom,Europe
gbr,1969,71.88,United Kingdom,Europe
gbr,1970,72.08,United Kingdom,Europe
gbr,1971,72.24,United Kingdom,Europe
gbr,1972,72.16,United Kingdom,Europe
gbr,1973,72.33,United Kingdom,Europe
gbr,1974,72.53,United Kingdom,Europe
gbr,1975,72.78,United Kingdom,Europe
gbr,1976,72.93,United Kingdom,Europe
gbr,1977,73.24,United Kingdom,Europe
gbr,1978,73.3,United Kingdom,Europe
gbr,1979,73.42,United Kingdom,Europe
gbr,1980,73.79,United Kingdom,Europe
gbr,1981,74.08,United Kingdom,Europe
gbr,1982,74.24,United Kingdom,Europe
gbr,1983,74.51,United Kingdom,Europe
gbr,1984,74.76,United Kingdom,Europe
gbr,1985,74.81,United Kingdom,Europe
gbr,1986,75,United Kingdom,Europe
gbr,1987,75.25,United Kingdom,Europe
gbr,1988,75.39,United Kingdom,Europe
gbr,1989,75.6,United Kingdom,Europe
gbr,1990,75.85,United Kingdom,Europe
gbr,1991,76.08,United Kingdom,Europe
gbr,1992,76.34,United Kingdom,Europe
gbr,1993,76.43,United Kingdom,Europe
gbr,1994,76.73,United Kingdom,Europe
gbr,1995,76.84,United Kingdom,Europe
gbr,1996,77.05,United Kingdom,Europe
gbr,1997,77.3,United Kingdom,Europe
gbr,1998,77.45,United Kingdom,Europe
gbr,1999,77.6,United Kingdom,Europe
gbr,2000,77.97,United Kingdom,Europe
gbr,2001,78.29,United Kingdom,Europe
gbr,2002,78.45,United Kingdom,Europe
gbr,2003,78.64,United Kingdom,Europe
gbr,2004,79.04,United Kingdom,Europe
gbr,2005,79.33,United Kingdom,Europe
gbr,2006,79.55,United Kingdom,Europe
gbr,2007,79.78,United Kingdom,Europe
gbr,2008,79.97,United Kingdom,Europe
gbr,2009,80.32,United Kingdom,Europe
gbr,2010,80.58,United Kingdom,Europe
gbr,2011,80.81,United Kingdom,Europe
gbr,2012,80.92,United Kingdom,Europe
gbr,2013,80.96,United Kingdom,Europe
gbr,2014,81.09,United Kingdom,Europe
gbr,2015,81.05,United Kingdom,Europe
gbr,2016,81.09,United Kingdom,Europe
gbr,2017,81.16,United Kingdom,Europe
gbr,2018,81.05,United Kingdom,Europe
gbr,2019,81.07,United Kingdom,Europe
gbr,2020,79.41,United Kingdom,Europe
gbr,2021,81.3,United Kingdom,Europe
gbr,2022,81.43,United Kingdom,Europe
gbr,2023,81.57,United Kingdom,Europe
gbr,2024,81.72,United Kingdom,Europe
gbr,2025,81.86,United Kingdom,Europe
gbr,2026,82.02,United Kingdom,Europe
gbr,2027,82.17,United Kingdom,Europe
gbr,2028,82.34,United Kingdom,Europe
gbr,2029,82.5,United Kingdom,Europe
gbr,2030,82.67,United Kingdom,Europe
gbr,2031,82.84,United Kingdom,Europe
gbr,2032,83,United Kingdom,Europe
gbr,2033,83.16,United Kingdom,Europe
gbr,2034,83.31,United Kingdom,Europe
gbr,2035,83.45,United Kingdom,Europe
gbr,2036,83.59,United Kingdom,Europe
gbr,2037,83.73,United Kingdom,Europe
gbr,2038,83.86,United Kingdom,Europe
gbr,2039,83.98,United Kingdom,Europe
gbr,2040,84.11,United Kingdom,Europe
gbr,2041,84.23,United Kingdom,Europe
gbr,2042,84.36,United Kingdom,Europe
gbr,2043,84.48,United Kingdom,Europe
gbr,2044,84.59,United Kingdom,Europe
gbr,2045,84.71,United Kingdom,Europe
gbr,2046,84.82,United Kingdom,Europe
gbr,2047,84.94,United Kingdom,Europe
gbr,2048,85.05,United Kingdom,Europe
gbr,2049,85.16,United Kingdom,Europe
gbr,2050,85.27,United Kingdom,Europe
gbr,2051,85.38,United Kingdom,Europe
gbr,2052,85.49,United Kingdom,Europe
gbr,2053,85.6,United Kingdom,Europe
gbr,2054,85.71,United Kingdom,Europe
gbr,2055,85.82,United Kingdom,Europe
gbr,2056,85.93,United Kingdom,Europe
gbr,2057,86.03,United Kingdom,Europe
gbr,2058,86.13,United Kingdom,Europe
gbr,2059,86.24,United Kingdom,Europe
gbr,2060,86.34,United Kingdom,Europe
gbr,2061,86.44,United Kingdom,Europe
gbr,2062,86.55,United Kingdom,Europe
gbr,2063,86.65,United Kingdom,Europe
gbr,2064,86.76,United Kingdom,Europe
gbr,2065,86.87,United Kingdom,Europe
gbr,2066,86.97,United Kingdom,Europe
gbr,2067,87.08,United Kingdom,Europe
gbr,2068,87.19,United Kingdom,Europe
gbr,2069,87.3,United Kingdom,Europe
gbr,2070,87.4,United Kingdom,Europe
gbr,2071,87.51,United Kingdom,Europe
gbr,2072,87.61,United Kingdom,Europe
gbr,2073,87.72,United Kingdom,Europe
gbr,2074,87.82,United Kingdom,Europe
gbr,2075,87.93,United Kingdom,Europe
gbr,2076,88.03,United Kingdom,Europe
gbr,2077,88.13,United Kingdom,Europe
gbr,2078,88.24,United Kingdom,Europe
gbr,2079,88.34,United Kingdom,Europe
gbr,2080,88.44,United Kingdom,Europe
gbr,2081,88.55,United Kingdom,Europe
gbr,2082,88.65,United Kingdom,Europe
gbr,2083,88.75,United Kingdom,Europe
gbr,2084,88.86,United Kingdom,Europe
gbr,2085,88.97,United Kingdom,Europe
gbr,2086,89.07,United Kingdom,Europe
gbr,2087,89.18,United Kingdom,Europe
gbr,2088,89.28,United Kingdom,Europe
gbr,2089,89.39,United Kingdom,Europe
gbr,2090,89.49,United Kingdom,Europe
gbr,2091,89.59,United Kingdom,Europe
gbr,2092,89.7,United Kingdom,Europe
gbr,2093,89.8,United Kingdom,Europe
gbr,2094,89.9,United Kingdom,Europe
gbr,2095,90.01,United Kingdom,Europe
gbr,2096,90.11,United Kingdom,Europe
gbr,2097,90.22,United Kingdom,Europe
gbr,2098,90.32,United Kingdom,Europe
gbr,2099,90.43,United Kingdom,Europe
gbr,2100,90.53,United Kingdom,Europe
usa,1800,39.41,United States,North America
usa,1801,39.41,United States,North America
usa,1802,39.41,United States,North America
usa,1803,39.41,United States,North America
usa,1804,39.41,United States,North America
usa,1805,39.41,United States,North America
usa,1806,39.41,United States,North America
usa,1807,39.41,United States,North America
usa,1808,39.41,United States,North America
usa,1809,39.41,United States,North America
usa,1810,39.41,United States,North America
usa,1811,39.41,United States,North America
usa,1812,39.41,United States,North America
usa,1813,39.41,United States,North America
usa,1814,39.41,United States,North America
usa,1815,39.41,United States,North America
usa,1816,39.41,United States,North America
usa,1817,39.41,United States,North America
usa,1818,39.41,United States,North America
usa,1819,39.41,United States,North America
usa,1820,39.41,United States,North America
usa,1821,39.41,United States,North America
usa,1822,39.41,United States,North America
usa,1823,39.41,United States,North America
usa,1824,39.41,United States,North America
usa,1825,39.41,United States,North America
usa,1826,39.41,United States,North America
usa,1827,39.41,United States,North America
usa,1828,39.41,United States,North America
usa,1829,39.41,United States,North America
usa,1830,39.41,United States,North America
usa,1831,39.41,United States,North America
usa,1832,39.41,United States,North America
usa,1833,39.41,United States,North America
usa,1834,39.41,United States,North America
usa,1835,39.41,United States,North America
usa,1836,39.41,United States,North America
usa,1837,39.41,United States,North America
usa,1838,39.41,United States,North America
usa,1839,39.41,United States,North America
usa,1840,39.41,United States,North America
usa,1841,39.41,United States,North America
usa,1842,39.41,United States,North America
usa,1843,39.41,United States,North America
usa,1844,39.41,United States,North America
usa,1845,39.41,United States,North America
usa,1846,39.41,United States,North America
usa,1847,39.41,United States,North America
usa,1848,39.41,United States,North America
usa,1849,39.41,United States,North America
usa,1850,39.41,United States,North America
usa,1851,39.41,United States,North America
usa,1852,39.41,United States,North America
usa,1853,39.41,United States,North America
usa,1854,39.41,United States,North America
usa,1855,39.41,United States,North America
usa,1856,39.41,United States,North America
usa,1857,39.41,United States,North America
usa,1858,39.41,United States,North America
usa,1859,39.41,United States,North America
usa,1860,39.41,United States,North America
usa,1861,38,United States,North America
usa,1862,34.5,United States,North America
usa,1863,34,United States,North America
usa,1864,31,United States,North America
usa,1865,38,United States,North America
usa,1866,39.41,United States,North America
usa,1867,39.41,United States,North America
usa,1868,39.41,United States,North America
usa,1869,39.41,United States,North America
usa,1870,39.41,United States,North America
usa,1871,39.41,United States,North America
usa,1872,39.41,United States,North America
usa,1873,39.41,United States,North America
usa,1874,39.41,United States,North America
usa,1875,39.42,United States,North America
usa,1876,39.42,United States,North America
usa,1877,39.42,United States,North America
usa,1878,39.42,United States,North America
usa,1879,39.42,United States,North America
usa,1880,39.42,United States,North America
usa,1881,40,United States,North America
usa,1882,40.58,United States,North America
usa,1883,41.17,United States,North America
usa,1884,41.75,United States,North America
usa,1885,42.33,United States,North America
usa,1886,42.91,United States,North America
usa,1887,43.49,United States,North America
usa,1888,44.07,United States,North America
usa,1889,44.66,United States,North America
usa,1890,45.24,United States,North America
usa,1891,45.61,United States,North America
usa,1892,45.98,United States,North America
usa,1893,46.36,United States,North America
usa,1894,46.73,United States,North America
usa,1895,47.1,United States,North America
usa,1896,47.48,United States,North America
usa,1897,47.85,United States,North America
usa,1898,48.23,United States,North America
usa,1899,48.6,United States,North America
usa,1900,48.97,United States,North America
usa,1901,49.35,United States,North America
usa,1902,50.55,United States,North America
usa,1903,50.65,United States,North America
usa,1904,49.65,United States,North America
usa,1905,50.35,United States,North America
usa,1906,50.15,United States,North America
usa,1907,50.26,United States,North America
usa,1908,51.96,United States,North America
usa,1909,52.86,United States,North America
usa,1910,51.86,United States,North America
usa,1911,53.47,United States,North America
usa,1912,54.17,United States,North America
usa,1913,53.57,United States,North America
usa,1914,54.67,United States,North America
usa,1915,55.18,United States,North America
usa,1916,54.28,United States,North America
usa,1917,54.08,United States,North America
usa,1918,47.27,United States,North America
usa,1919,55.38,United States,North America
usa,1920,55.48,United States,North America
usa,1921,58.29,United States,North America
usa,1922,58.19,United States,North America
usa,1923,57.59,United States,North America
usa,1924,58.6,United States,North America
usa,1925,58.6,United States,North America
usa,1926,58,United States,North America
usa,1927,59.5,United States,North America
usa,1928,58.4,United States,North America
usa,1929,58.6,United States,North America
usa,1930,59.71,United States,North America
usa,1931,60.41,United States,North America
usa,1932,61.11,United States,North America
usa,1933,61.08,United States,North America
usa,1934,60.41,United States,North America
usa,1935,61.06,United States,North America
usa,1936,60.52,United States,North America
usa,1937,61.22,United States,North America
usa,1938,62.56,United States,North America
usa,1939,63.25,United States,North America
usa,1940,63.41,United States,North America
usa,1941,63.98,United States,North America
usa,1942,64.77,United States,North America
usa,1943,64.48,United States,North America
usa,1944,65.28,United States,North America
usa,1945,65.78,United States,North America
usa,1946,66.48,United States,North America
usa,1947,66.89,United States,North America
usa,1948,67.46,United States,North America
usa,1949,67.84,United States,North America
usa,1950,68.29,United States,North America
usa,1951,68.38,United States,North America
usa,1952,68.57,United States,North America
usa,1953,68.95,United States,North America
usa,1954,69.71,United States,North America
usa,1955,69.86,United States,North America
usa,1956,69.88,United States,North America
usa,1957,69.7,United States,North America
usa,1958,69.87,United States,North America
usa,1959,70.02,United States,North America
usa,1960,70.06,United States,North America
usa,1961,70.35,United States,North America
usa,1962,70.27,United States,North America
usa,1963,70.15,United States,North America
usa,1964,70.3,United States,North America
usa,1965,70.37,United States,North America
usa,1966,70.36,United States,North America
usa,1967,70.52,United States,North America
usa,1968,70.33,United States,North America
usa,1969,70.61,United States,North America
usa,1970,70.93,United States,North America
usa,1971,71.28,United States,North America
usa,1972,71.4,United States,North America
usa,1973,71.66,United States,North America
usa,1974,72.21,United States,North America
usa,1975,72.73,United States,North America
usa,1976,73.1,United States,North America
usa,1977,73.39,United States,North America
usa,1978,73.63,United States,North America
usa,1979,73.92,United States,North America
usa,1980,73.96,United States,North America
usa,1981,74.27,United States,North America
usa,1982,74.61,United States,North America
usa,1983,74.77,United States,North America
usa,1984,74.88,United States,North America
usa,1985,74.91,United States,North America
usa,1986,75.01,United States,North America
usa,1987,75.12,United States,North America
usa,1988,75.2,United States,North America
usa,1989,75.42,United States,North America
usa,1990,75.72,United States,North America
usa,1991,75.86,United States,North America
usa,1992,76.03,United States,North America
usa,1993,75.92,United States,North America
usa,1994,75.98,United States,North America
usa,1995,76.08,United States,North America
usa,1996,76.41,United States,North America
usa,1997,76.75,United States,North America
usa,1998,76.9,United States,North America
usa,1999,76.92,United States,North America
usa,2000,77.03,United States,North America
usa,2001,77.07,United States,North America
usa,2002,77.18,United States,North America
usa,2003,77.35,United States,North America
usa,2004,77.67,United States,North America
usa,2005,77.73,United States,North America
usa,2006,77.97,United States,North America
usa,2007,78.22,United States,North America
usa,2008,78.4,United States,North America
usa,2009,78.63,United States,North America
usa,2010,78.89,United States,North America
usa,2011,78.93,United States,North America
usa,2012,79.03,United States,North America
usa,2013,79.08,United States,North America
usa,2014,79.08,United States,North America
usa,2015,78.99,United States,North America
usa,2016,78.86,United States,North America
usa,2017,78.98,United States,North America
usa,2018,78.95,United States,North America
usa,2019,78.93,United States,North America
usa,2020,76.99,United States,North America
usa,2021,79.04,United States,North America
usa,2022,79.12,United States,North America
usa,2023,79.22,United States,North America
usa,2024,79.34,United States,North America
usa,2025,79.48,United States,North America
usa,2026,79.64,United States,North America
usa,2027,79.82,United States,North America
usa,2028,80.03,United States,North America
usa,2029,80.24,United States,North America
usa,2030,80.47,United States,North America
usa,2031,80.69,United States,North America
usa,2032,80.9,United States,North America
usa,2033,81.1,United States,North America
usa,2034,81.27,United States,North America
usa,2035,81.43,United States,North America
usa,2036,81.58,United States,North America
usa,2037,81.72,United States,North America
usa,2038,81.85,United States,North America
usa,2039,81.99,United States,North America
usa,2040,82.13,United States,North America
usa,2041,82.27,United States,North America
usa,2042,82.42,United States,North America
usa,2043,82.56,United States,North America
usa,2044,82.7,United States,North America
usa,2045,82.84,United States,North America
usa,2046,82.98,United States,North America
usa,2047,83.12,United States,North America
usa,2048,83.25,United States,North America
usa,2049,83.39,United States,North America
usa,2050,83.52,United States,North America
usa,2051,83.65,United States,North America
usa,2052,83.78,United States,North America
usa,2053,83.9,United States,North America
usa,2054,84.02,United States,North America
usa,2055,84.15,United States,North America
usa,2056,84.27,United States,North America
usa,2057,84.39,United States,North America
usa,2058,84.5,United States,North America
usa,2059,84.62,United States,North America
usa,2060,84.74,United States,North America
usa,2061,84.85,United States,North America
usa,2062,84.96,United States,North America
usa,2063,85.08,United States,North America
usa,2064,85.19,United States,North America
usa,2065,85.3,United States,North America
usa,2066,85.41,United States,North America
usa,2067,85.52,United States,North America
usa,2068,85.63,United States,North America
usa,2069,85.74,United States,North America
usa,2070,85.84,United States,North America
usa,2071,85.95,United States,North America
usa,2072,86.05,United States,North America
usa,2073,86.16,United States,North America
usa,2074,86.26,United States,North America
usa,2075,86.36,United States,North America
usa,2076,86.47,United States,North America
usa,2077,86.57,United States,North America
usa,2078,86.67,United States,North America
usa,2079,86.77,United States,North America
usa,2080,86.87,United States,North America
usa,2081,86.98,United States,North America
usa,2082,87.08,United States,North America
usa,2083,87.18,United States,North America
usa,2084,87.28,United States,North America
usa,2085,87.39,United States,North America
usa,2086,87.49,United States,North America
usa,2087,87.59,United States,North America
usa,2088,87.69,United States,North America
usa,2089,87.79,United States,North America
usa,2090,87.9,United States,North America
usa,2091,88,United States,North America
usa,2092,88.1,United States,North America
usa,2093,88.2,United States,North America
usa,2094,88.31,United States,North America
usa,2095,88.41,United States,North America
usa,2096,88.51,United States,North America
usa,2097,88.61,United States,North America
usa,2098,88.71,United States,North America
usa,2099,88.81,United States,North America
usa,2100,88.91,United States,North America
ury,1800,32.9,Uruguay,South America
ury,1801,32.9,Uruguay,South America
ury,1802,32.9,Uruguay,South America
ury,1803,32.9,Uruguay,South America
ury,1804,32.9,Uruguay,South America
ury,1805,32.9,Uruguay,South America
ury,1806,32.9,Uruguay,South America
ury,1807,32.9,Uruguay,South America
ury,1808,32.9,Uruguay,South America
ury,1809,32.9,Uruguay,South America
ury,1810,32.9,Uruguay,South America
ury,1811,32.9,Uruguay,South America
ury,1812,32.9,Uruguay,South America
ury,1813,32.9,Uruguay,South America
ury,1814,32.9,Uruguay,South America
ury,1815,32.9,Uruguay,South America
ury,1816,32.9,Uruguay,South America
ury,1817,32.9,Uruguay,South America
ury,1818,32.9,Uruguay,South America
ury,1819,32.9,Uruguay,South America
ury,1820,32.9,Uruguay,South America
ury,1821,32.9,Uruguay,South America
ury,1822,32.9,Uruguay,South America
ury,1823,32.9,Uruguay,South America
ury,1824,32.9,Uruguay,South America
ury,1825,32.9,Uruguay,South America
ury,1826,32.9,Uruguay,South America
ury,1827,32.9,Uruguay,South America
ury,1828,32.9,Uruguay,South America
ury,1829,32.9,Uruguay,South America
ury,1830,32.9,Uruguay,South America
ury,1831,32.9,Uruguay,South America
ury,1832,32.9,Uruguay,South America
ury,1833,32.9,Uruguay,South America
ury,1834,32.9,Uruguay,South America
ury,1835,32.9,Uruguay,South America
ury,1836,32.9,Uruguay,South America
ury,1837,32.9,Uruguay,South America
ury,1838,32.9,Uruguay,South America
ury,1839,32.9,Uruguay,South America
ury,1840,32.9,Uruguay,South America
ury,1841,32.9,Uruguay,South America
ury,1842,32.9,Uruguay,South America
ury,1843,32.9,Uruguay,South America
ury,1844,32.9,Uruguay,South America
ury,1845,32.9,Uruguay,South America
ury,1846,32.9,Uruguay,South America
ury,1847,32.9,Uruguay,South America
ury,1848,32.9,Uruguay,South America
ury,1849,32.9,Uruguay,South America
ury,1850,32.9,Uruguay,South America
ury,1851,32.9,Uruguay,South America
ury,1852,32.9,Uruguay,South America
ury,1853,32.9,Uruguay,South America
ury,1854,32.9,Uruguay,South America
ury,1855,32.9,Uruguay,South America
ury,1856,32.9,Uruguay,South America
ury,1857,32.9,Uruguay,South America
ury,1858,32.9,Uruguay,South America
ury,1859,32.9,Uruguay,South America
ury,1860,32.9,Uruguay,South America
ury,1861,32.9,Uruguay,South America
ury,1862,32.9,Uruguay,South America
ury,1863,32.9,Uruguay,South America
ury,1864,32.9,Uruguay,South America
ury,1865,32.9,Uruguay,South America
ury,1866,32.9,Uruguay,South America
ury,1867,32.9,Uruguay,South America
ury,1868,32.9,Uruguay,South America
ury,1869,32.9,Uruguay,South America
ury,1870,32.9,Uruguay,South America
ury,1871,32.9,Uruguay,South America
ury,1872,32.89,Uruguay,South America
ury,1873,32.89,Uruguay,South America
ury,1874,32.88,Uruguay,South America
ury,1875,32.88,Uruguay,South America
ury,1876,32.87,Uruguay,South America
ury,1877,32.87,Uruguay,South America
ury,1878,32.87,Uruguay,South America
ury,1879,32.86,Uruguay,South America
ury,1880,32.86,Uruguay,South America
ury,1881,32.85,Uruguay,South America
ury,1882,32.85,Uruguay,South America
ury,1883,32.84,Uruguay,South America
ury,1884,32.84,Uruguay,South America
ury,1885,32.84,Uruguay,South America
ury,1886,32.83,Uruguay,South America
ury,1887,32.83,Uruguay,South America
ury,1888,32.82,Uruguay,South America
ury,1889,32.82,Uruguay,South America
ury,1890,32.81,Uruguay,South America
ury,1891,32.81,Uruguay,South America
ury,1892,32.81,Uruguay,South America
ury,1893,32.8,Uruguay,South America
ury,1894,32.8,Uruguay,South America
ury,1895,32.79,Uruguay,South America
ury,1896,32.79,Uruguay,South America
ury,1897,32.78,Uruguay,South America
ury,1898,32.78,Uruguay,South America
ury,1899,32.78,Uruguay,South America
ury,1900,32.77,Uruguay,South America
ury,1901,32.77,Uruguay,South America
ury,1902,32.76,Uruguay,South America
ury,1903,32.76,Uruguay,South America
ury,1904,32.75,Uruguay,South America
ury,1905,32.75,Uruguay,South America
ury,1906,32.75,Uruguay,South America
ury,1907,32.74,Uruguay,South America
ury,1908,32.74,Uruguay,South America
ury,1909,32.73,Uruguay,South America
ury,1910,32.73,Uruguay,South America
ury,1911,32.72,Uruguay,South America
ury,1912,32.72,Uruguay,South America
ury,1913,32.72,Uruguay,South America
ury,1914,32.71,Uruguay,South America
ury,1915,32.71,Uruguay,South America
ury,1916,32.7,Uruguay,South America
ury,1917,32.7,Uruguay,South America
ury,1918,30.41,Uruguay,South America
ury,1919,32.69,Uruguay,South America
ury,1920,32.69,Uruguay,South America
ury,1921,32.68,Uruguay,South America
ury,1922,32.68,Uruguay,South America
ury,1923,32.67,Uruguay,South America
ury,1924,32.67,Uruguay,South America
ury,1925,32.66,Uruguay,South America
ury,1926,33.97,Uruguay,South America
ury,1927,35.27,Uruguay,South America
ury,1928,36.57,Uruguay,South America
ury,1929,37.87,Uruguay,South America
ury,1930,39.17,Uruguay,South America
ury,1931,40.47,Uruguay,South America
ury,1932,41.77,Uruguay,South America
ury,1933,43.07,Uruguay,South America
ury,1934,44.37,Uruguay,South America
ury,1935,45.67,Uruguay,South America
ury,1936,46.97,Uruguay,South America
ury,1937,48.27,Uruguay,South America
ury,1938,49.57,Uruguay,South America
ury,1939,50.87,Uruguay,South America
ury,1940,52.16,Uruguay,South America
ury,1941,53.46,Uruguay,South America
ury,1942,54.76,Uruguay,South America
ury,1943,56.05,Uruguay,South America
ury,1944,57.35,Uruguay,South America
ury,1945,58.64,Uruguay,South America
ury,1946,59.94,Uruguay,South America
ury,1947,61.24,Uruguay,South America
ury,1948,62.53,Uruguay,South America
ury,1949,63.82,Uruguay,South America
ury,1950,65.12,Uruguay,South America
ury,1951,65.93,Uruguay,South America
ury,1952,66.59,Uruguay,South America
ury,1953,67.23,Uruguay,South America
ury,1954,67.4,Uruguay,South America
ury,1955,67.46,Uruguay,South America
ury,1956,68.17,Uruguay,South America
ury,1957,67.83,Uruguay,South America
ury,1958,68.1,Uruguay,South America
ury,1959,67.51,Uruguay,South America
ury,1960,68.32,Uruguay,South America
ury,1961,68.97,Uruguay,South America
ury,1962,68.97,Uruguay,South America
ury,1963,68.83,Uruguay,South America
ury,1964,68.66,Uruguay,South America
ury,1965,68.44,Uruguay,South America
ury,1966,68.74,Uruguay,South America
ury,1967,68.03,Uruguay,South America
ury,1968,67.76,Uruguay,South America
ury,1969,67.92,Uruguay,South America
ury,1970,68.47,Uruguay,South America
ury,1971,68.45,Uruguay,South America
ury,1972,68.29,Uruguay,South America
ury,1973,68.7,Uruguay,South America
ury,1974,68.88,Uruguay,South America
ury,1975,69.31,Uruguay,South America
ury,1976,69.39,Uruguay,South America
ury,1977,69.47,Uruguay,South America
ury,1978,70.06,Uruguay,South America
ury,1979,70.5,Uruguay,South America
ury,1980,70.6,Uruguay,South America
ury,1981,71.33,Uruguay,South America
ury,1982,71.97,Uruguay,South America
ury,1983,72.02,Uruguay,South America
ury,1984,71.83,Uruguay,South America
ury,1985,72.27,Uruguay,South America
ury,1986,72.4,Uruguay,South America
ury,1987,72.55,Uruguay,South America
ury,1988,72.66,Uruguay,South America
ury,1989,73,Uruguay,South America
ury,1990,73.17,Uruguay,South America
ury,1991,73.41,Uruguay,South America
ury,1992,73.48,Uruguay,South America
ury,1993,73.34,Uruguay,South America
ury,1994,73.62,Uruguay,South America
ury,1995,73.68,Uruguay,South America
ury,1996,73.93,Uruguay,South America
ury,1997,74.13,Uruguay,South America
ury,1998,74.14,Uruguay,South America
ury,1999,74.36,Uruguay,South America
ury,2000,74.77,Uruguay,South America
ury,2001,75.01,Uruguay,South America
ury,2002,75,Uruguay,South America
ury,2003,74.97,Uruguay,South America
ury,2004,75.23,Uruguay,South America
ury,2005,75.54,Uruguay,South America
ury,2006,75.92,Uruguay,South America
ury,2007,75.69,Uruguay,South America
ury,2008,76.19,Uruguay,South America
ury,2009,76.51,Uruguay,South America
ury,2010,76.53,Uruguay,South America
ury,2011,76.42,Uruguay,South America
ury,2012,76.55,Uruguay,South America
ury,2013,76.78,Uruguay,South America
ury,2014,77.08,Uruguay,South America
ury,2015,77.14,Uruguay,South America
ury,2016,77.29,Uruguay,South America
ury,2017,77.34,Uruguay,South America
ury,2018,77.45,Uruguay,South America
ury,2019,77.53,Uruguay,South America
ury,2020,77.35,Uruguay,South America
ury,2021,77.82,Uruguay,South America
ury,2022,77.96,Uruguay,South America
ury,2023,78.11,Uruguay,South America
ury,2024,78.26,Uruguay,South America
ury,2025,78.41,Uruguay,South America
ury,2026,78.56,Uruguay,South America
ury,2027,78.7,Uruguay,South America
ury,2028,78.85,Uruguay,South America
ury,2029,79,Uruguay,South America
ury,2030,79.15,Uruguay,South America
ury,2031,79.3,Uruguay,South America
ury,2032,79.45,Uruguay,South America
ury,2033,79.6,Uruguay,South America
ury,2034,79.75,Uruguay,South America
ury,2035,79.9,Uruguay,South America
ury,2036,80.05,Uruguay,South America
ury,2037,80.2,Uruguay,South America
ury,2038,80.35,Uruguay,South America
ury,2039,80.5,Uruguay,South America
ury,2040,80.65,Uruguay,South America
ury,2041,80.8,Uruguay,South America
ury,2042,80.95,Uruguay,South America
ury,2043,81.1,Uruguay,South America
ury,2044,81.25,Uruguay,South America
ury,2045,81.39,Uruguay,South America
ury,2046,81.54,Uruguay,South America
ury,2047,81.68,Uruguay,South America
ury,2048,81.82,Uruguay,South America
ury,2049,81.96,Uruguay,South America
ury,2050,82.09,Uruguay,South America
ury,2051,82.23,Uruguay,South America
ury,2052,82.36,Uruguay,South America
ury,2053,82.49,Uruguay,South America
ury,2054,82.62,Uruguay,South America
ury,2055,82.74,Uruguay,South America
ury,2056,82.87,Uruguay,South America
ury,2057,82.99,Uruguay,South America
ury,2058,83.11,Uruguay,South America
ury,2059,83.23,Uruguay,South America
ury,2060,83.35,Uruguay,South America
ury,2061,83.47,Uruguay,South America
ury,2062,83.59,Uruguay,South America
ury,2063,83.7,Uruguay,South America
ury,2064,83.82,Uruguay,South America
ury,2065,83.94,Uruguay,South America
ury,2066,84.05,Uruguay,South America
ury,2067,84.17,Uruguay,South America
ury,2068,84.28,Uruguay,South America
ury,2069,84.39,Uruguay,South America
ury,2070,84.51,Uruguay,South America
ury,2071,84.62,Uruguay,South America
ury,2072,84.73,Uruguay,South America
ury,2073,84.84,Uruguay,South America
ury,2074,84.95,Uruguay,South America
ury,2075,85.06,Uruguay,South America
ury,2076,85.17,Uruguay,South America
ury,2077,85.28,Uruguay,South America
ury,2078,85.39,Uruguay,South America
ury,2079,85.5,Uruguay,South America
ury,2080,85.61,Uruguay,South America
ury,2081,85.72,Uruguay,South America
ury,2082,85.83,Uruguay,South America
ury,2083,85.94,Uruguay,South America
ury,2084,86.04,Uruguay,South America
ury,2085,86.15,Uruguay,South America
ury,2086,86.26,Uruguay,South America
ury,2087,86.37,Uruguay,South America
ury,2088,86.48,Uruguay,South America
ury,2089,86.58,Uruguay,South America
ury,2090,86.69,Uruguay,South America
ury,2091,86.8,Uruguay,South America
ury,2092,86.91,Uruguay,South America
ury,2093,87.01,Uruguay,South America
ury,2094,87.12,Uruguay,South America
ury,2095,87.23,Uruguay,South America
ury,2096,87.34,Uruguay,South America
ury,2097,87.45,Uruguay,South America
ury,2098,87.56,Uruguay,South America
ury,2099,87.66,Uruguay,South America
ury,2100,87.77,Uruguay,South America
uzb,1800,26.93,Uzbekistan,Asia
uzb,1801,26.93,Uzbekistan,Asia
uzb,1802,26.93,Uzbekistan,Asia
uzb,1803,26.93,Uzbekistan,Asia
uzb,1804,26.93,Uzbekistan,Asia
uzb,1805,26.93,Uzbekistan,Asia
uzb,1806,26.93,Uzbekistan,Asia
uzb,1807,26.93,Uzbekistan,Asia
uzb,1808,26.93,Uzbekistan,Asia
uzb,1809,26.93,Uzbekistan,Asia
uzb,1810,26.93,Uzbekistan,Asia
uzb,1811,26.93,Uzbekistan,Asia
uzb,1812,26.93,Uzbekistan,Asia
uzb,1813,26.93,Uzbekistan,Asia
uzb,1814,26.93,Uzbekistan,Asia
uzb,1815,26.93,Uzbekistan,Asia
uzb,1816,26.93,Uzbekistan,Asia
uzb,1817,26.93,Uzbekistan,Asia
uzb,1818,26.93,Uzbekistan,Asia
uzb,1819,26.93,Uzbekistan,Asia
uzb,1820,26.93,Uzbekistan,Asia
uzb,1821,26.93,Uzbekistan,Asia
uzb,1822,26.93,Uzbekistan,Asia
uzb,1823,26.93,Uzbekistan,Asia
uzb,1824,26.93,Uzbekistan,Asia
uzb,1825,26.93,Uzbekistan,Asia
uzb,1826,26.93,Uzbekistan,Asia
uzb,1827,26.93,Uzbekistan,Asia
uzb,1828,26.93,Uzbekistan,Asia
uzb,1829,26.93,Uzbekistan,Asia
uzb,1830,26.93,Uzbekistan,Asia
uzb,1831,26.93,Uzbekistan,Asia
uzb,1832,26.93,Uzbekistan,Asia
uzb,1833,26.93,Uzbekistan,Asia
uzb,1834,26.93,Uzbekistan,Asia
uzb,1835,26.93,Uzbekistan,Asia
uzb,1836,26.93,Uzbekistan,Asia
uzb,1837,26.93,Uzbekistan,Asia
uzb,1838,26.93,Uzbekistan,Asia
uzb,1839,26.93,Uzbekistan,Asia
uzb,1840,26.93,Uzbekistan,Asia
uzb,1841,26.93,Uzbekistan,Asia
uzb,1842,26.93,Uzbekistan,Asia
uzb,1843,26.93,Uzbekistan,Asia
uzb,1844,26.93,Uzbekistan,Asia
uzb,1845,26.93,Uzbekistan,Asia
uzb,1846,26.93,Uzbekistan,Asia
uzb,1847,26.93,Uzbekistan,Asia
uzb,1848,26.93,Uzbekistan,Asia
uzb,1849,26.93,Uzbekistan,Asia
uzb,1850,26.93,Uzbekistan,Asia
uzb,1851,26.93,Uzbekistan,Asia
uzb,1852,26.93,Uzbekistan,Asia
uzb,1853,26.93,Uzbekistan,Asia
uzb,1854,26.93,Uzbekistan,Asia
uzb,1855,26.93,Uzbekistan,Asia
uzb,1856,26.93,Uzbekistan,Asia
uzb,1857,26.93,Uzbekistan,Asia
uzb,1858,26.93,Uzbekistan,Asia
uzb,1859,26.93,Uzbekistan,Asia
uzb,1860,26.93,Uzbekistan,Asia
uzb,1861,26.93,Uzbekistan,Asia
uzb,1862,26.93,Uzbekistan,Asia
uzb,1863,26.93,Uzbekistan,Asia
uzb,1864,26.4,Uzbekistan,Asia
uzb,1865,25.88,Uzbekistan,Asia
uzb,1866,25.35,Uzbekistan,Asia
uzb,1867,24.83,Uzbekistan,Asia
uzb,1868,24.31,Uzbekistan,Asia
uzb,1869,24.35,Uzbekistan,Asia
uzb,1870,24.39,Uzbekistan,Asia
uzb,1871,24.45,Uzbekistan,Asia
uzb,1872,24.5,Uzbekistan,Asia
uzb,1873,24.55,Uzbekistan,Asia
uzb,1874,24.76,Uzbekistan,Asia
uzb,1875,24.96,Uzbekistan,Asia
uzb,1876,25.17,Uzbekistan,Asia
uzb,1877,25.38,Uzbekistan,Asia
uzb,1878,25.59,Uzbekistan,Asia
uzb,1879,25.8,Uzbekistan,Asia
uzb,1880,26.01,Uzbekistan,Asia
uzb,1881,26.22,Uzbekistan,Asia
uzb,1882,26.42,Uzbekistan,Asia
uzb,1883,26.63,Uzbekistan,Asia
uzb,1884,26.84,Uzbekistan,Asia
uzb,1885,27.05,Uzbekistan,Asia
uzb,1886,27.26,Uzbekistan,Asia
uzb,1887,27.47,Uzbekistan,Asia
uzb,1888,27.68,Uzbekistan,Asia
uzb,1889,27.89,Uzbekistan,Asia
uzb,1890,28.1,Uzbekistan,Asia
uzb,1891,28.31,Uzbekistan,Asia
uzb,1892,28.52,Uzbekistan,Asia
uzb,1893,28.73,Uzbekistan,Asia
uzb,1894,28.94,Uzbekistan,Asia
uzb,1895,29.15,Uzbekistan,Asia
uzb,1896,29.36,Uzbekistan,Asia
uzb,1897,29.57,Uzbekistan,Asia
uzb,1898,29.41,Uzbekistan,Asia
uzb,1899,29.26,Uzbekistan,Asia
uzb,1900,29.1,Uzbekistan,Asia
uzb,1901,29.36,Uzbekistan,Asia
uzb,1902,29.62,Uzbekistan,Asia
uzb,1903,29.88,Uzbekistan,Asia
uzb,1904,30.14,Uzbekistan,Asia
uzb,1905,30.41,Uzbekistan,Asia
uzb,1906,30.67,Uzbekistan,Asia
uzb,1907,30.93,Uzbekistan,Asia
uzb,1908,31.19,Uzbekistan,Asia
uzb,1909,31.45,Uzbekistan,Asia
uzb,1910,31.72,Uzbekistan,Asia
uzb,1911,34.72,Uzbekistan,Asia
uzb,1912,35.16,Uzbekistan,Asia
uzb,1913,32.98,Uzbekistan,Asia
uzb,1914,32.57,Uzbekistan,Asia
uzb,1915,32.17,Uzbekistan,Asia
uzb,1916,32.18,Uzbekistan,Asia
uzb,1917,29.15,Uzbekistan,Asia
uzb,1918,19.01,Uzbekistan,Asia
uzb,1919,24.57,Uzbekistan,Asia
uzb,1920,20,Uzbekistan,Asia
uzb,1921,23.36,Uzbekistan,Asia
uzb,1922,24.28,Uzbekistan,Asia
uzb,1923,33.34,Uzbekistan,Asia
uzb,1924,35.89,Uzbekistan,Asia
uzb,1925,34.99,Uzbekistan,Asia
uzb,1926,38.25,Uzbekistan,Asia
uzb,1927,37.59,Uzbekistan,Asia
uzb,1928,39.14,Uzbekistan,Asia
uzb,1929,37.88,Uzbekistan,Asia
uzb,1930,37.2,Uzbekistan,Asia
uzb,1931,31.31,Uzbekistan,Asia
uzb,1932,23.17,Uzbekistan,Asia
uzb,1933,19.09,Uzbekistan,Asia
uzb,1934,39.66,Uzbekistan,Asia
uzb,1935,41.26,Uzbekistan,Asia
uzb,1936,42.97,Uzbekistan,Asia
uzb,1937,41.97,Uzbekistan,Asia
uzb,1938,43.71,Uzbekistan,Asia
uzb,1939,46.17,Uzbekistan,Asia
uzb,1940,43.66,Uzbekistan,Asia
uzb,1941,30.87,Uzbekistan,Asia
uzb,1942,26.59,Uzbekistan,Asia
uzb,1943,24.55,Uzbekistan,Asia
uzb,1944,34.17,Uzbekistan,Asia
uzb,1945,41.86,Uzbekistan,Asia
uzb,1946,50.91,Uzbekistan,Asia
uzb,1947,42.73,Uzbekistan,Asia
uzb,1948,51.01,Uzbekistan,Asia
uzb,1949,53.9,Uzbekistan,Asia
uzb,1950,56.27,Uzbekistan,Asia
uzb,1951,56.65,Uzbekistan,Asia
uzb,1952,57.11,Uzbekistan,Asia
uzb,1953,57.58,Uzbekistan,Asia
uzb,1954,58.08,Uzbekistan,Asia
uzb,1955,58.63,Uzbekistan,Asia
uzb,1956,59.23,Uzbekistan,Asia
uzb,1957,59.82,Uzbekistan,Asia
uzb,1958,60.59,Uzbekistan,Asia
uzb,1959,60.72,Uzbekistan,Asia
uzb,1960,61.07,Uzbekistan,Asia
uzb,1961,61.48,Uzbekistan,Asia
uzb,1962,61.87,Uzbekistan,Asia
uzb,1963,62.19,Uzbekistan,Asia
uzb,1964,62.61,Uzbekistan,Asia
uzb,1965,63.03,Uzbekistan,Asia
uzb,1966,63.43,Uzbekistan,Asia
uzb,1967,63.8,Uzbekistan,Asia
uzb,1968,64.17,Uzbekistan,Asia
uzb,1969,64.56,Uzbekistan,Asia
uzb,1970,64.85,Uzbekistan,Asia
uzb,1971,65.14,Uzbekistan,Asia
uzb,1972,65.31,Uzbekistan,Asia
uzb,1973,65.67,Uzbekistan,Asia
uzb,1974,65.87,Uzbekistan,Asia
uzb,1975,65.94,Uzbekistan,Asia
uzb,1976,66.21,Uzbekistan,Asia
uzb,1977,66.54,Uzbekistan,Asia
uzb,1978,66.62,Uzbekistan,Asia
uzb,1979,66.88,Uzbekistan,Asia
uzb,1980,67.47,Uzbekistan,Asia
uzb,1981,67.59,Uzbekistan,Asia
uzb,1982,67.68,Uzbekistan,Asia
uzb,1983,67.8,Uzbekistan,Asia
uzb,1984,67.98,Uzbekistan,Asia
uzb,1985,68.38,Uzbekistan,Asia
uzb,1986,69.08,Uzbekistan,Asia
uzb,1987,69.37,Uzbekistan,Asia
uzb,1988,69.3,Uzbekistan,Asia
uzb,1989,69.28,Uzbekistan,Asia
uzb,1990,69.31,Uzbekistan,Asia
uzb,1991,68.89,Uzbekistan,Asia
uzb,1992,68.18,Uzbekistan,Asia
uzb,1993,67.09,Uzbekistan,Asia
uzb,1994,66.23,Uzbekistan,Asia
uzb,1995,65.66,Uzbekistan,Asia
uzb,1996,65.24,Uzbekistan,Asia
uzb,1997,65.37,Uzbekistan,Asia
uzb,1998,65.39,Uzbekistan,Asia
uzb,1999,65.47,Uzbekistan,Asia
uzb,2000,65.11,Uzbekistan,Asia
uzb,2001,65.1,Uzbekistan,Asia
uzb,2002,64.99,Uzbekistan,Asia
uzb,2003,64.92,Uzbekistan,Asia
uzb,2004,64.81,Uzbekistan,Asia
uzb,2005,64.48,Uzbekistan,Asia
uzb,2006,65.02,Uzbekistan,Asia
uzb,2007,65.35,Uzbekistan,Asia
uzb,2008,65.72,Uzbekistan,Asia
uzb,2009,66.2,Uzbekistan,Asia
uzb,2010,66.48,Uzbekistan,Asia
uzb,2011,66.57,Uzbekistan,Asia
uzb,2012,66.69,Uzbekistan,Asia
uzb,2013,66.97,Uzbekistan,Asia
uzb,2014,67.15,Uzbekistan,Asia
uzb,2015,67.3,Uzbekistan,Asia
uzb,2016,67.56,Uzbekistan,Asia
uzb,2017,67.85,Uzbekistan,Asia
uzb,2018,68.12,Uzbekistan,Asia
uzb,2019,68.44,Uzbekistan,Asia
uzb,2020,68.37,Uzbekistan,Asia
uzb,2021,68.65,Uzbekistan,Asia
uzb,2022,68.74,Uzbekistan,Asia
uzb,2023,68.82,Uzbekistan,Asia
uzb,2024,68.9,Uzbekistan,Asia
uzb,2025,68.99,Uzbekistan,Asia
uzb,2026,69.09,Uzbekistan,Asia
uzb,2027,69.19,Uzbekistan,Asia
uzb,2028,69.28,Uzbekistan,Asia
uzb,2029,69.38,Uzbekistan,Asia
uzb,2030,69.48,Uzbekistan,Asia
uzb,2031,69.58,Uzbekistan,Asia
uzb,2032,69.68,Uzbekistan,Asia
uzb,2033,69.78,Uzbekistan,Asia
uzb,2034,69.88,Uzbekistan,Asia
uzb,2035,69.98,Uzbekistan,Asia
uzb,2036,70.08,Uzbekistan,Asia
uzb,2037,70.19,Uzbekistan,Asia
uzb,2038,70.29,Uzbekistan,Asia
uzb,2039,70.39,Uzbekistan,Asia
uzb,2040,70.5,Uzbekistan,Asia
uzb,2041,70.6,Uzbekistan,Asia
uzb,2042,70.71,Uzbekistan,Asia
uzb,2043,70.81,Uzbekistan,Asia
uzb,2044,70.91,Uzbekistan,Asia
uzb,2045,71.02,Uzbekistan,Asia
uzb,2046,71.12,Uzbekistan,Asia
uzb,2047,71.23,Uzbekistan,Asia
uzb,2048,71.33,Uzbekistan,Asia
uzb,2049,71.44,Uzbekistan,Asia
uzb,2050,71.55,Uzbekistan,Asia
uzb,2051,71.65,Uzbekistan,Asia
uzb,2052,71.76,Uzbekistan,Asia
uzb,2053,71.87,Uzbekistan,Asia
uzb,2054,71.98,Uzbekistan,Asia
uzb,2055,72.09,Uzbekistan,Asia
uzb,2056,72.21,Uzbekistan,Asia
uzb,2057,72.32,Uzbekistan,Asia
uzb,2058,72.43,Uzbekistan,Asia
uzb,2059,72.54,Uzbekistan,Asia
uzb,2060,72.65,Uzbekistan,Asia
uzb,2061,72.76,Uzbekistan,Asia
uzb,2062,72.87,Uzbekistan,Asia
uzb,2063,72.98,Uzbekistan,Asia
uzb,2064,73.09,Uzbekistan,Asia
uzb,2065,73.21,Uzbekistan,Asia
uzb,2066,73.32,Uzbekistan,Asia
uzb,2067,73.44,Uzbekistan,Asia
uzb,2068,73.56,Uzbekistan,Asia
uzb,2069,73.67,Uzbekistan,Asia
uzb,2070,73.79,Uzbekistan,Asia
uzb,2071,73.91,Uzbekistan,Asia
uzb,2072,74.03,Uzbekistan,Asia
uzb,2073,74.15,Uzbekistan,Asia
uzb,2074,74.27,Uzbekistan,Asia
uzb,2075,74.39,Uzbekistan,Asia
uzb,2076,74.51,Uzbekistan,Asia
uzb,2077,74.63,Uzbekistan,Asia
uzb,2078,74.74,Uzbekistan,Asia
uzb,2079,74.86,Uzbekistan,Asia
uzb,2080,74.98,Uzbekistan,Asia
uzb,2081,75.11,Uzbekistan,Asia
uzb,2082,75.23,Uzbekistan,Asia
uzb,2083,75.35,Uzbekistan,Asia
uzb,2084,75.47,Uzbekistan,Asia
uzb,2085,75.59,Uzbekistan,Asia
uzb,2086,75.72,Uzbekistan,Asia
uzb,2087,75.84,Uzbekistan,Asia
uzb,2088,75.97,Uzbekistan,Asia
uzb,2089,76.1,Uzbekistan,Asia
uzb,2090,76.23,Uzbekistan,Asia
uzb,2091,76.35,Uzbekistan,Asia
uzb,2092,76.48,Uzbekistan,Asia
uzb,2093,76.61,Uzbekistan,Asia
uzb,2094,76.73,Uzbekistan,Asia
uzb,2095,76.86,Uzbekistan,Asia
uzb,2096,76.98,Uzbekistan,Asia
uzb,2097,77.1,Uzbekistan,Asia
uzb,2098,77.23,Uzbekistan,Asia
uzb,2099,77.35,Uzbekistan,Asia
uzb,2100,77.47,Uzbekistan,Asia
vut,1800,24.3,Vanuatu,Oceania
vut,1801,24.3,Vanuatu,Oceania
vut,1802,24.3,Vanuatu,Oceania
vut,1803,24.3,Vanuatu,Oceania
vut,1804,24.3,Vanuatu,Oceania
vut,1805,24.3,Vanuatu,Oceania
vut,1806,24.3,Vanuatu,Oceania
vut,1807,24.3,Vanuatu,Oceania
vut,1808,24.3,Vanuatu,Oceania
vut,1809,24.3,Vanuatu,Oceania
vut,1810,24.3,Vanuatu,Oceania
vut,1811,24.3,Vanuatu,Oceania
vut,1812,24.3,Vanuatu,Oceania
vut,1813,24.3,Vanuatu,Oceania
vut,1814,24.3,Vanuatu,Oceania
vut,1815,24.3,Vanuatu,Oceania
vut,1816,24.3,Vanuatu,Oceania
vut,1817,24.3,Vanuatu,Oceania
vut,1818,24.3,Vanuatu,Oceania
vut,1819,24.3,Vanuatu,Oceania
vut,1820,24.3,Vanuatu,Oceania
vut,1821,24.3,Vanuatu,Oceania
vut,1822,24.3,Vanuatu,Oceania
vut,1823,24.3,Vanuatu,Oceania
vut,1824,24.3,Vanuatu,Oceania
vut,1825,24.3,Vanuatu,Oceania
vut,1826,24.3,Vanuatu,Oceania
vut,1827,24.3,Vanuatu,Oceania
vut,1828,24.3,Vanuatu,Oceania
vut,1829,24.3,Vanuatu,Oceania
vut,1830,24.3,Vanuatu,Oceania
vut,1831,24.3,Vanuatu,Oceania
vut,1832,24.3,Vanuatu,Oceania
vut,1833,24.3,Vanuatu,Oceania
vut,1834,24.3,Vanuatu,Oceania
vut,1835,24.3,Vanuatu,Oceania
vut,1836,24.3,Vanuatu,Oceania
vut,1837,24.3,Vanuatu,Oceania
vut,1838,24.3,Vanuatu,Oceania
vut,1839,24.3,Vanuatu,Oceania
vut,1840,24.3,Vanuatu,Oceania
vut,1841,24.3,Vanuatu,Oceania
vut,1842,24.3,Vanuatu,Oceania
vut,1843,24.3,Vanuatu,Oceania
vut,1844,24.3,Vanuatu,Oceania
vut,1845,24.3,Vanuatu,Oceania
vut,1846,24.3,Vanuatu,Oceania
vut,1847,24.3,Vanuatu,Oceania
vut,1848,24.3,Vanuatu,Oceania
vut,1849,24.3,Vanuatu,Oceania
vut,1850,24.3,Vanuatu,Oceania
vut,1851,24.3,Vanuatu,Oceania
vut,1852,24.3,Vanuatu,Oceania
vut,1853,24.3,Vanuatu,Oceania
vut,1854,24.3,Vanuatu,Oceania
vut,1855,24.3,Vanuatu,Oceania
vut,1856,24.3,Vanuatu,Oceania
vut,1857,24.3,Vanuatu,Oceania
vut,1858,24.3,Vanuatu,Oceania
vut,1859,24.3,Vanuatu,Oceania
vut,1860,24.3,Vanuatu,Oceania
vut,1861,24.3,Vanuatu,Oceania
vut,1862,24.3,Vanuatu,Oceania
vut,1863,24.3,Vanuatu,Oceania
vut,1864,24.3,Vanuatu,Oceania
vut,1865,24.3,Vanuatu,Oceania
vut,1866,24.3,Vanuatu,Oceania
vut,1867,24.3,Vanuatu,Oceania
vut,1868,24.3,Vanuatu,Oceania
vut,1869,24.3,Vanuatu,Oceania
vut,1870,24.3,Vanuatu,Oceania
vut,1871,24.35,Vanuatu,Oceania
vut,1872,24.4,Vanuatu,Oceania
vut,1873,24.45,Vanuatu,Oceania
vut,1874,24.5,Vanuatu,Oceania
vut,1875,24.55,Vanuatu,Oceania
vut,1876,24.6,Vanuatu,Oceania
vut,1877,24.65,Vanuatu,Oceania
vut,1878,24.7,Vanuatu,Oceania
vut,1879,24.75,Vanuatu,Oceania
vut,1880,24.8,Vanuatu,Oceania
vut,1881,24.85,Vanuatu,Oceania
vut,1882,24.89,Vanuatu,Oceania
vut,1883,24.94,Vanuatu,Oceania
vut,1884,24.99,Vanuatu,Oceania
vut,1885,25.04,Vanuatu,Oceania
vut,1886,25.09,Vanuatu,Oceania
vut,1887,25.14,Vanuatu,Oceania
vut,1888,25.19,Vanuatu,Oceania
vut,1889,25.24,Vanuatu,Oceania
vut,1890,25.29,Vanuatu,Oceania
vut,1891,25.34,Vanuatu,Oceania
vut,1892,25.39,Vanuatu,Oceania
vut,1893,25.44,Vanuatu,Oceania
vut,1894,25.49,Vanuatu,Oceania
vut,1895,25.54,Vanuatu,Oceania
vut,1896,25.59,Vanuatu,Oceania
vut,1897,25.64,Vanuatu,Oceania
vut,1898,25.69,Vanuatu,Oceania
vut,1899,25.74,Vanuatu,Oceania
vut,1900,25.79,Vanuatu,Oceania
vut,1901,25.84,Vanuatu,Oceania
vut,1902,25.89,Vanuatu,Oceania
vut,1903,25.94,Vanuatu,Oceania
vut,1904,25.99,Vanuatu,Oceania
vut,1905,26.03,Vanuatu,Oceania
vut,1906,26.08,Vanuatu,Oceania
vut,1907,26.13,Vanuatu,Oceania
vut,1908,26.18,Vanuatu,Oceania
vut,1909,26.23,Vanuatu,Oceania
vut,1910,26.28,Vanuatu,Oceania
vut,1911,26.33,Vanuatu,Oceania
vut,1912,26.38,Vanuatu,Oceania
vut,1913,26.43,Vanuatu,Oceania
vut,1914,26.48,Vanuatu,Oceania
vut,1915,26.53,Vanuatu,Oceania
vut,1916,26.58,Vanuatu,Oceania
vut,1917,26.63,Vanuatu,Oceania
vut,1918,26.68,Vanuatu,Oceania
vut,1919,26.73,Vanuatu,Oceania
vut,1920,26.78,Vanuatu,Oceania
vut,1921,26.83,Vanuatu,Oceania
vut,1922,26.88,Vanuatu,Oceania
vut,1923,26.93,Vanuatu,Oceania
vut,1924,26.98,Vanuatu,Oceania
vut,1925,27.03,Vanuatu,Oceania
vut,1926,27.08,Vanuatu,Oceania
vut,1927,27.13,Vanuatu,Oceania
vut,1928,27.17,Vanuatu,Oceania
vut,1929,27.22,Vanuatu,Oceania
vut,1930,27.27,Vanuatu,Oceania
vut,1931,27.32,Vanuatu,Oceania
vut,1932,27.37,Vanuatu,Oceania
vut,1933,27.42,Vanuatu,Oceania
vut,1934,27.47,Vanuatu,Oceania
vut,1935,28.69,Vanuatu,Oceania
vut,1936,29.9,Vanuatu,Oceania
vut,1937,31.13,Vanuatu,Oceania
vut,1938,32.35,Vanuatu,Oceania
vut,1939,33.58,Vanuatu,Oceania
vut,1940,34.82,Vanuatu,Oceania
vut,1941,36.06,Vanuatu,Oceania
vut,1942,37.3,Vanuatu,Oceania
vut,1943,38.55,Vanuatu,Oceania
vut,1944,39.8,Vanuatu,Oceania
vut,1945,41.05,Vanuatu,Oceania
vut,1946,42.31,Vanuatu,Oceania
vut,1947,43.58,Vanuatu,Oceania
vut,1948,44.85,Vanuatu,Oceania
vut,1949,46.12,Vanuatu,Oceania
vut,1950,47.4,Vanuatu,Oceania
vut,1951,45.03,Vanuatu,Oceania
vut,1952,48.1,Vanuatu,Oceania
vut,1953,48.43,Vanuatu,Oceania
vut,1954,48.8,Vanuatu,Oceania
vut,1955,49.16,Vanuatu,Oceania
vut,1956,49.55,Vanuatu,Oceania
vut,1957,49.99,Vanuatu,Oceania
vut,1958,50.44,Vanuatu,Oceania
vut,1959,50.83,Vanuatu,Oceania
vut,1960,51.37,Vanuatu,Oceania
vut,1961,51.86,Vanuatu,Oceania
vut,1962,52.4,Vanuatu,Oceania
vut,1963,52.9,Vanuatu,Oceania
vut,1964,53.42,Vanuatu,Oceania
vut,1965,53.91,Vanuatu,Oceania
vut,1966,54.47,Vanuatu,Oceania
vut,1967,55.02,Vanuatu,Oceania
vut,1968,55.56,Vanuatu,Oceania
vut,1969,56.15,Vanuatu,Oceania
vut,1970,56.73,Vanuatu,Oceania
vut,1971,57.25,Vanuatu,Oceania
vut,1972,57.69,Vanuatu,Oceania
vut,1973,58.35,Vanuatu,Oceania
vut,1974,59.06,Vanuatu,Oceania
vut,1975,59.66,Vanuatu,Oceania
vut,1976,60.21,Vanuatu,Oceania
vut,1977,60.7,Vanuatu,Oceania
vut,1978,61.22,Vanuatu,Oceania
vut,1979,61.72,Vanuatu,Oceania
vut,1980,62.09,Vanuatu,Oceania
vut,1981,62.36,Vanuatu,Oceania
vut,1982,62.65,Vanuatu,Oceania
vut,1983,62.84,Vanuatu,Oceania
vut,1984,62.95,Vanuatu,Oceania
vut,1985,62.89,Vanuatu,Oceania
vut,1986,63.09,Vanuatu,Oceania
vut,1987,62.4,Vanuatu,Oceania
vut,1988,63.14,Vanuatu,Oceania
vut,1989,62.97,Vanuatu,Oceania
vut,1990,63.13,Vanuatu,Oceania
vut,1991,63.16,Vanuatu,Oceania
vut,1992,63.1,Vanuatu,Oceania
vut,1993,63.09,Vanuatu,Oceania
vut,1994,63.23,Vanuatu,Oceania
vut,1995,63.26,Vanuatu,Oceania
vut,1996,63.32,Vanuatu,Oceania
vut,1997,62.13,Vanuatu,Oceania
vut,1998,63.46,Vanuatu,Oceania
vut,1999,62.96,Vanuatu,Oceania
vut,2000,63.57,Vanuatu,Oceania
vut,2001,63.61,Vanuatu,Oceania
vut,2002,63.64,Vanuatu,Oceania
vut,2003,63.69,Vanuatu,Oceania
vut,2004,63.72,Vanuatu,Oceania
vut,2005,63.78,Vanuatu,Oceania
vut,2006,63.91,Vanuatu,Oceania
vut,2007,64.03,Vanuatu,Oceania
vut,2008,64.13,Vanuatu,Oceania
vut,2009,64.22,Vanuatu,Oceania
vut,2010,64.41,Vanuatu,Oceania
vut,2011,64.5,Vanuatu,Oceania
vut,2012,64.67,Vanuatu,Oceania
vut,2013,64.81,Vanuatu,Oceania
vut,2014,64.84,Vanuatu,Oceania
vut,2015,64.96,Vanuatu,Oceania
vut,2016,65.14,Vanuatu,Oceania
vut,2017,65.25,Vanuatu,Oceania
vut,2018,65.35,Vanuatu,Oceania
vut,2019,65.45,Vanuatu,Oceania
vut,2020,65.51,Vanuatu,Oceania
vut,2021,65.73,Vanuatu,Oceania
vut,2022,65.86,Vanuatu,Oceania
vut,2023,66,Vanuatu,Oceania
vut,2024,66.13,Vanuatu,Oceania
vut,2025,66.26,Vanuatu,Oceania
vut,2026,66.39,Vanuatu,Oceania
vut,2027,66.51,Vanuatu,Oceania
vut,2028,66.64,Vanuatu,Oceania
vut,2029,66.76,Vanuatu,Oceania
vut,2030,66.88,Vanuatu,Oceania
vut,2031,66.99,Vanuatu,Oceania
vut,2032,67.11,Vanuatu,Oceania
vut,2033,67.23,Vanuatu,Oceania
vut,2034,67.35,Vanuatu,Oceania
vut,2035,67.47,Vanuatu,Oceania
vut,2036,67.58,Vanuatu,Oceania
vut,2037,67.7,Vanuatu,Oceania
vut,2038,67.82,Vanuatu,Oceania
vut,2039,67.94,Vanuatu,Oceania
vut,2040,68.05,Vanuatu,Oceania
vut,2041,68.17,Vanuatu,Oceania
vut,2042,68.28,Vanuatu,Oceania
vut,2043,68.4,Vanuatu,Oceania
vut,2044,68.51,Vanuatu,Oceania
vut,2045,68.62,Vanuatu,Oceania
vut,2046,68.73,Vanuatu,Oceania
vut,2047,68.85,Vanuatu,Oceania
vut,2048,68.96,Vanuatu,Oceania
vut,2049,69.07,Vanuatu,Oceania
vut,2050,69.19,Vanuatu,Oceania
vut,2051,69.3,Vanuatu,Oceania
vut,2052,69.42,Vanuatu,Oceania
vut,2053,69.53,Vanuatu,Oceania
vut,2054,69.65,Vanuatu,Oceania
vut,2055,69.76,Vanuatu,Oceania
vut,2056,69.88,Vanuatu,Oceania
vut,2057,69.99,Vanuatu,Oceania
vut,2058,70.1,Vanuatu,Oceania
vut,2059,70.22,Vanuatu,Oceania
vut,2060,70.33,Vanuatu,Oceania
vut,2061,70.44,Vanuatu,Oceania
vut,2062,70.56,Vanuatu,Oceania
vut,2063,70.67,Vanuatu,Oceania
vut,2064,70.78,Vanuatu,Oceania
vut,2065,70.89,Vanuatu,Oceania
vut,2066,71,Vanuatu,Oceania
vut,2067,71.11,Vanuatu,Oceania
vut,2068,71.23,Vanuatu,Oceania
vut,2069,71.34,Vanuatu,Oceania
vut,2070,71.45,Vanuatu,Oceania
vut,2071,71.57,Vanuatu,Oceania
vut,2072,71.68,Vanuatu,Oceania
vut,2073,71.8,Vanuatu,Oceania
vut,2074,71.91,Vanuatu,Oceania
vut,2075,72.03,Vanuatu,Oceania
vut,2076,72.15,Vanuatu,Oceania
vut,2077,72.26,Vanuatu,Oceania
vut,2078,72.38,Vanuatu,Oceania
vut,2079,72.5,Vanuatu,Oceania
vut,2080,72.62,Vanuatu,Oceania
vut,2081,72.73,Vanuatu,Oceania
vut,2082,72.85,Vanuatu,Oceania
vut,2083,72.98,Vanuatu,Oceania
vut,2084,73.1,Vanuatu,Oceania
vut,2085,73.22,Vanuatu,Oceania
vut,2086,73.34,Vanuatu,Oceania
vut,2087,73.46,Vanuatu,Oceania
vut,2088,73.59,Vanuatu,Oceania
vut,2089,73.71,Vanuatu,Oceania
vut,2090,73.83,Vanuatu,Oceania
vut,2091,73.96,Vanuatu,Oceania
vut,2092,74.08,Vanuatu,Oceania
vut,2093,74.2,Vanuatu,Oceania
vut,2094,74.33,Vanuatu,Oceania
vut,2095,74.45,Vanuatu,Oceania
vut,2096,74.57,Vanuatu,Oceania
vut,2097,74.69,Vanuatu,Oceania
vut,2098,74.81,Vanuatu,Oceania
vut,2099,74.93,Vanuatu,Oceania
vut,2100,75.06,Vanuatu,Oceania
ven,1800,32.2,Venezuela,South America
ven,1801,32.2,Venezuela,South America
ven,1802,32.2,Venezuela,South America
ven,1803,32.2,Venezuela,South America
ven,1804,32.2,Venezuela,South America
ven,1805,32.2,Venezuela,South America
ven,1806,32.2,Venezuela,South America
ven,1807,32.2,Venezuela,South America
ven,1808,32.2,Venezuela,South America
ven,1809,32.2,Venezuela,South America
ven,1810,32.2,Venezuela,South America
ven,1811,32.2,Venezuela,South America
ven,1812,32.2,Venezuela,South America
ven,1813,32.2,Venezuela,South America
ven,1814,32.2,Venezuela,South America
ven,1815,32.2,Venezuela,South America
ven,1816,32.2,Venezuela,South America
ven,1817,32.2,Venezuela,South America
ven,1818,32.2,Venezuela,South America
ven,1819,32.2,Venezuela,South America
ven,1820,32.2,Venezuela,South America
ven,1821,32.2,Venezuela,South America
ven,1822,32.2,Venezuela,South America
ven,1823,32.2,Venezuela,South America
ven,1824,32.2,Venezuela,South America
ven,1825,32.2,Venezuela,South America
ven,1826,32.2,Venezuela,South America
ven,1827,32.2,Venezuela,South America
ven,1828,32.2,Venezuela,South America
ven,1829,32.2,Venezuela,South America
ven,1830,32.2,Venezuela,South America
ven,1831,32.2,Venezuela,South America
ven,1832,32.2,Venezuela,South America
ven,1833,32.2,Venezuela,South America
ven,1834,32.2,Venezuela,South America
ven,1835,32.2,Venezuela,South America
ven,1836,32.2,Venezuela,South America
ven,1837,32.2,Venezuela,South America
ven,1838,32.2,Venezuela,South America
ven,1839,32.2,Venezuela,South America
ven,1840,32.2,Venezuela,South America
ven,1841,32.2,Venezuela,South America
ven,1842,32.2,Venezuela,South America
ven,1843,32.2,Venezuela,South America
ven,1844,32.2,Venezuela,South America
ven,1845,32.2,Venezuela,South America
ven,1846,32.2,Venezuela,South America
ven,1847,32.2,Venezuela,South America
ven,1848,32.2,Venezuela,South America
ven,1849,32.2,Venezuela,South America
ven,1850,32.2,Venezuela,South America
ven,1851,32.2,Venezuela,South America
ven,1852,32.2,Venezuela,South America
ven,1853,32.2,Venezuela,South America
ven,1854,32.2,Venezuela,South America
ven,1855,32.2,Venezuela,South America
ven,1856,32.2,Venezuela,South America
ven,1857,32.2,Venezuela,South America
ven,1858,32.2,Venezuela,South America
ven,1859,32.2,Venezuela,South America
ven,1860,32.2,Venezuela,South America
ven,1861,32.2,Venezuela,South America
ven,1862,32.2,Venezuela,South America
ven,1863,32.2,Venezuela,South America
ven,1864,32.2,Venezuela,South America
ven,1865,32.2,Venezuela,South America
ven,1866,32.2,Venezuela,South America
ven,1867,32.2,Venezuela,South America
ven,1868,32.2,Venezuela,South America
ven,1869,32.2,Venezuela,South America
ven,1870,32.2,Venezuela,South America
ven,1871,32.23,Venezuela,South America
ven,1872,32.27,Venezuela,South America
ven,1873,32.3,Venezuela,South America
ven,1874,32.34,Venezuela,South America
ven,1875,32.37,Venezuela,South America
ven,1876,32.41,Venezuela,South America
ven,1877,32.44,Venezuela,South America
ven,1878,32.48,Venezuela,South America
ven,1879,32.51,Venezuela,South America
ven,1880,32.55,Venezuela,South America
ven,1881,32.58,Venezuela,South America
ven,1882,32.62,Venezuela,South America
ven,1883,32.65,Venezuela,South America
ven,1884,32.69,Venezuela,South America
ven,1885,32.72,Venezuela,South America
ven,1886,32.75,Venezuela,South America
ven,1887,32.79,Venezuela,South America
ven,1888,32.82,Venezuela,South America
ven,1889,32.86,Venezuela,South America
ven,1890,32.89,Venezuela,South America
ven,1891,32.93,Venezuela,South America
ven,1892,32.96,Venezuela,South America
ven,1893,33,Venezuela,South America
ven,1894,33.03,Venezuela,South America
ven,1895,33.07,Venezuela,South America
ven,1896,33.1,Venezuela,South America
ven,1897,33.14,Venezuela,South America
ven,1898,33.17,Venezuela,South America
ven,1899,33.21,Venezuela,South America
ven,1900,33.24,Venezuela,South America
ven,1901,33.27,Venezuela,South America
ven,1902,33.31,Venezuela,South America
ven,1903,33.34,Venezuela,South America
ven,1904,33.38,Venezuela,South America
ven,1905,33.41,Venezuela,South America
ven,1906,33.45,Venezuela,South America
ven,1907,33.48,Venezuela,South America
ven,1908,33.52,Venezuela,South America
ven,1909,33.55,Venezuela,South America
ven,1910,33.59,Venezuela,South America
ven,1911,33.62,Venezuela,South America
ven,1912,33.66,Venezuela,South America
ven,1913,33.69,Venezuela,South America
ven,1914,33.73,Venezuela,South America
ven,1915,33.76,Venezuela,South America
ven,1916,33.79,Venezuela,South America
ven,1917,33.83,Venezuela,South America
ven,1918,30.64,Venezuela,South America
ven,1919,33.9,Venezuela,South America
ven,1920,33.93,Venezuela,South America
ven,1921,33.97,Venezuela,South America
ven,1922,34,Venezuela,South America
ven,1923,34.04,Venezuela,South America
ven,1924,34.07,Venezuela,South America
ven,1925,34.11,Venezuela,South America
ven,1926,34.14,Venezuela,South America
ven,1927,34.36,Venezuela,South America
ven,1928,34.57,Venezuela,South America
ven,1929,34.79,Venezuela,South America
ven,1930,35,Venezuela,South America
ven,1931,35.22,Venezuela,South America
ven,1932,35.44,Venezuela,South America
ven,1933,35.65,Venezuela,South America
ven,1934,35.87,Venezuela,South America
ven,1935,36.09,Venezuela,South America
ven,1936,36.31,Venezuela,South America
ven,1937,37.63,Venezuela,South America
ven,1938,38.96,Venezuela,South America
ven,1939,40.29,Venezuela,South America
ven,1940,41.62,Venezuela,South America
ven,1941,42.95,Venezuela,South America
ven,1942,44.69,Venezuela,South America
ven,1943,46.43,Venezuela,South America
ven,1944,48.17,Venezuela,South America
ven,1945,49.92,Venezuela,South America
ven,1946,51.67,Venezuela,South America
ven,1947,53.42,Venezuela,South America
ven,1948,55.18,Venezuela,South America
ven,1949,56.94,Venezuela,South America
ven,1950,58.7,Venezuela,South America
ven,1951,58.97,Venezuela,South America
ven,1952,59.55,Venezuela,South America
ven,1953,61.31,Venezuela,South America
ven,1954,61.03,Venezuela,South America
ven,1955,61.16,Venezuela,South America
ven,1956,61.58,Venezuela,South America
ven,1957,61.44,Venezuela,South America
ven,1958,62.49,Venezuela,South America
ven,1959,63.86,Venezuela,South America
ven,1960,65.17,Venezuela,South America
ven,1961,65.76,Venezuela,South America
ven,1962,66.07,Venezuela,South America
ven,1963,65.69,Venezuela,South America
ven,1964,65.48,Venezuela,South America
ven,1965,66.03,Venezuela,South America
ven,1966,66.27,Venezuela,South America
ven,1967,66.48,Venezuela,South America
ven,1968,66.46,Venezuela,South America
ven,1969,66.05,Venezuela,South America
ven,1970,66.51,Venezuela,South America
ven,1971,66.57,Venezuela,South America
ven,1972,66.37,Venezuela,South America
ven,1973,66.29,Venezuela,South America
ven,1974,67.31,Venezuela,South America
ven,1975,67.6,Venezuela,South America
ven,1976,67.79,Venezuela,South America
ven,1977,68.73,Venezuela,South America
ven,1978,69.42,Venezuela,South America
ven,1979,69.74,Venezuela,South America
ven,1980,69.66,Venezuela,South America
ven,1981,69.7,Venezuela,South America
ven,1982,70.34,Venezuela,South America
ven,1983,71.1,Venezuela,South America
ven,1984,71.31,Venezuela,South America
ven,1985,71.56,Venezuela,South America
ven,1986,72.2,Venezuela,South America
ven,1987,72.09,Venezuela,South America
ven,1988,72.49,Venezuela,South America
ven,1989,72.42,Venezuela,South America
ven,1990,72.44,Venezuela,South America
ven,1991,72.9,Venezuela,South America
ven,1992,72.88,Venezuela,South America
ven,1993,72.77,Venezuela,South America
ven,1994,72.26,Venezuela,South America
ven,1995,72.61,Venezuela,South America
ven,1996,73.31,Venezuela,South America
ven,1997,74.07,Venezuela,South America
ven,1998,73.97,Venezuela,South America
ven,1999,70.26,Venezuela,South America
ven,2000,74.17,Venezuela,South America
ven,2001,74.07,Venezuela,South America
ven,2002,73.99,Venezuela,South America
ven,2003,73.51,Venezuela,South America
ven,2004,74.64,Venezuela,South America
ven,2005,75.01,Venezuela,South America
ven,2006,74.82,Venezuela,South America
ven,2007,74.64,Venezuela,South America
ven,2008,74.4,Venezuela,South America
ven,2009,74.56,Venezuela,South America
ven,2010,75.3,Venezuela,South America
ven,2011,75.4,Venezuela,South America
ven,2012,75.23,Venezuela,South America
ven,2013,75.55,Venezuela,South America
ven,2014,75.58,Venezuela,South America
ven,2015,75.67,Venezuela,South America
ven,2016,75.62,Venezuela,South America
ven,2017,75.52,Venezuela,South America
ven,2018,75.44,Venezuela,South America
ven,2019,75.05,Venezuela,South America
ven,2020,75.1,Venezuela,South America
ven,2021,75.13,Venezuela,South America
ven,2022,75.28,Venezuela,South America
ven,2023,75.47,Venezuela,South America
ven,2024,75.71,Venezuela,South America
ven,2025,75.97,Venezuela,South America
ven,2026,76.24,Venezuela,South America
ven,2027,76.5,Venezuela,South America
ven,2028,76.74,Venezuela,South America
ven,2029,76.95,Venezuela,South America
ven,2030,77.13,Venezuela,South America
ven,2031,77.28,Venezuela,South America
ven,2032,77.43,Venezuela,South America
ven,2033,77.57,Venezuela,South America
ven,2034,77.71,Venezuela,South America
ven,2035,77.86,Venezuela,South America
ven,2036,78.01,Venezuela,South America
ven,2037,78.16,Venezuela,South America
ven,2038,78.31,Venezuela,South America
ven,2039,78.46,Venezuela,South America
ven,2040,78.61,Venezuela,South America
ven,2041,78.77,Venezuela,South America
ven,2042,78.92,Venezuela,South America
ven,2043,79.07,Venezuela,South America
ven,2044,79.23,Venezuela,South America
ven,2045,79.38,Venezuela,South America
ven,2046,79.53,Venezuela,South America
ven,2047,79.68,Venezuela,South America
ven,2048,79.84,Venezuela,South America
ven,2049,79.99,Venezuela,South America
ven,2050,80.14,Venezuela,South America
ven,2051,80.28,Venezuela,South America
ven,2052,80.43,Venezuela,South America
ven,2053,80.58,Venezuela,South America
ven,2054,80.73,Venezuela,South America
ven,2055,80.88,Venezuela,South America
ven,2056,81.03,Venezuela,South America
ven,2057,81.18,Venezuela,South America
ven,2058,81.33,Venezuela,South America
ven,2059,81.48,Venezuela,South America
ven,2060,81.63,Venezuela,South America
ven,2061,81.78,Venezuela,South America
ven,2062,81.93,Venezuela,South America
ven,2063,82.08,Venezuela,South America
ven,2064,82.23,Venezuela,South America
ven,2065,82.39,Venezuela,South America
ven,2066,82.54,Venezuela,South America
ven,2067,82.69,Venezuela,South America
ven,2068,82.84,Venezuela,South America
ven,2069,82.99,Venezuela,South America
ven,2070,83.14,Venezuela,South America
ven,2071,83.29,Venezuela,South America
ven,2072,83.44,Venezuela,South America
ven,2073,83.59,Venezuela,South America
ven,2074,83.74,Venezuela,South America
ven,2075,83.89,Venezuela,South America
ven,2076,84.04,Venezuela,South America
ven,2077,84.18,Venezuela,South America
ven,2078,84.33,Venezuela,South America
ven,2079,84.48,Venezuela,South America
ven,2080,84.62,Venezuela,South America
ven,2081,84.77,Venezuela,South America
ven,2082,84.91,Venezuela,South America
ven,2083,85.06,Venezuela,South America
ven,2084,85.2,Venezuela,South America
ven,2085,85.34,Venezuela,South America
ven,2086,85.48,Venezuela,South America
ven,2087,85.62,Venezuela,South America
ven,2088,85.75,Venezuela,South America
ven,2089,85.89,Venezuela,South America
ven,2090,86.03,Venezuela,South America
ven,2091,86.16,Venezuela,South America
ven,2092,86.29,Venezuela,South America
ven,2093,86.42,Venezuela,South America
ven,2094,86.55,Venezuela,South America
ven,2095,86.67,Venezuela,South America
ven,2096,86.8,Venezuela,South America
ven,2097,86.92,Venezuela,South America
ven,2098,87.04,Venezuela,South America
ven,2099,87.16,Venezuela,South America
ven,2100,87.28,Venezuela,South America
vnm,1800,32,Vietnam,Asia
vnm,1801,32,Vietnam,Asia
vnm,1802,32,Vietnam,Asia
vnm,1803,32,Vietnam,Asia
vnm,1804,32,Vietnam,Asia
vnm,1805,32,Vietnam,Asia
vnm,1806,32,Vietnam,Asia
vnm,1807,32,Vietnam,Asia
vnm,1808,32,Vietnam,Asia
vnm,1809,32,Vietnam,Asia
vnm,1810,32,Vietnam,Asia
vnm,1811,32,Vietnam,Asia
vnm,1812,32,Vietnam,Asia
vnm,1813,32,Vietnam,Asia
vnm,1814,32,Vietnam,Asia
vnm,1815,32,Vietnam,Asia
vnm,1816,32,Vietnam,Asia
vnm,1817,32,Vietnam,Asia
vnm,1818,32,Vietnam,Asia
vnm,1819,32,Vietnam,Asia
vnm,1820,32,Vietnam,Asia
vnm,1821,32,Vietnam,Asia
vnm,1822,32,Vietnam,Asia
vnm,1823,32,Vietnam,Asia
vnm,1824,32,Vietnam,Asia
vnm,1825,32,Vietnam,Asia
vnm,1826,32,Vietnam,Asia
vnm,1827,32,Vietnam,Asia
vnm,1828,32,Vietnam,Asia
vnm,1829,32,Vietnam,Asia
vnm,1830,32,Vietnam,Asia
vnm,1831,32,Vietnam,Asia
vnm,1832,32,Vietnam,Asia
vnm,1833,32,Vietnam,Asia
vnm,1834,32,Vietnam,Asia
vnm,1835,32,Vietnam,Asia
vnm,1836,32,Vietnam,Asia
vnm,1837,32,Vietnam,Asia
vnm,1838,32,Vietnam,Asia
vnm,1839,32,Vietnam,Asia
vnm,1840,32,Vietnam,Asia
vnm,1841,32,Vietnam,Asia
vnm,1842,32,Vietnam,Asia
vnm,1843,32,Vietnam,Asia
vnm,1844,32,Vietnam,Asia
vnm,1845,32,Vietnam,Asia
vnm,1846,32,Vietnam,Asia
vnm,1847,32,Vietnam,Asia
vnm,1848,32,Vietnam,Asia
vnm,1849,32,Vietnam,Asia
vnm,1850,32,Vietnam,Asia
vnm,1851,32,Vietnam,Asia
vnm,1852,32,Vietnam,Asia
vnm,1853,32,Vietnam,Asia
vnm,1854,32,Vietnam,Asia
vnm,1855,32,Vietnam,Asia
vnm,1856,32,Vietnam,Asia
vnm,1857,32,Vietnam,Asia
vnm,1858,32,Vietnam,Asia
vnm,1859,32,Vietnam,Asia
vnm,1860,32,Vietnam,Asia
vnm,1861,32,Vietnam,Asia
vnm,1862,32,Vietnam,Asia
vnm,1863,32,Vietnam,Asia
vnm,1864,32,Vietnam,Asia
vnm,1865,32,Vietnam,Asia
vnm,1866,32,Vietnam,Asia
vnm,1867,32,Vietnam,Asia
vnm,1868,32,Vietnam,Asia
vnm,1869,32,Vietnam,Asia
vnm,1870,32,Vietnam,Asia
vnm,1871,32,Vietnam,Asia
vnm,1872,32.01,Vietnam,Asia
vnm,1873,32.01,Vietnam,Asia
vnm,1874,32.01,Vietnam,Asia
vnm,1875,32.02,Vietnam,Asia
vnm,1876,32.02,Vietnam,Asia
vnm,1877,32.02,Vietnam,Asia
vnm,1878,32.03,Vietnam,Asia
vnm,1879,32.03,Vietnam,Asia
vnm,1880,32.03,Vietnam,Asia
vnm,1881,32.03,Vietnam,Asia
vnm,1882,32.04,Vietnam,Asia
vnm,1883,32.04,Vietnam,Asia
vnm,1884,32.04,Vietnam,Asia
vnm,1885,32.05,Vietnam,Asia
vnm,1886,32.05,Vietnam,Asia
vnm,1887,32.05,Vietnam,Asia
vnm,1888,32.06,Vietnam,Asia
vnm,1889,32.06,Vietnam,Asia
vnm,1890,32.06,Vietnam,Asia
vnm,1891,32.07,Vietnam,Asia
vnm,1892,32.07,Vietnam,Asia
vnm,1893,32.07,Vietnam,Asia
vnm,1894,32.08,Vietnam,Asia
vnm,1895,32.08,Vietnam,Asia
vnm,1896,32.08,Vietnam,Asia
vnm,1897,32.09,Vietnam,Asia
vnm,1898,32.09,Vietnam,Asia
vnm,1899,32.09,Vietnam,Asia
vnm,1900,32.1,Vietnam,Asia
vnm,1901,32.1,Vietnam,Asia
vnm,1902,32.1,Vietnam,Asia
vnm,1903,32.1,Vietnam,Asia
vnm,1904,32.11,Vietnam,Asia
vnm,1905,32.11,Vietnam,Asia
vnm,1906,32.11,Vietnam,Asia
vnm,1907,32.12,Vietnam,Asia
vnm,1908,32.12,Vietnam,Asia
vnm,1909,32.12,Vietnam,Asia
vnm,1910,32.13,Vietnam,Asia
vnm,1911,32.13,Vietnam,Asia
vnm,1912,32.13,Vietnam,Asia
vnm,1913,32.14,Vietnam,Asia
vnm,1914,32.14,Vietnam,Asia
vnm,1915,32.14,Vietnam,Asia
vnm,1916,32.15,Vietnam,Asia
vnm,1917,32.15,Vietnam,Asia
vnm,1918,20.6,Vietnam,Asia
vnm,1919,32.16,Vietnam,Asia
vnm,1920,32.16,Vietnam,Asia
vnm,1921,32.16,Vietnam,Asia
vnm,1922,32.16,Vietnam,Asia
vnm,1923,32.17,Vietnam,Asia
vnm,1924,32.17,Vietnam,Asia
vnm,1925,32.17,Vietnam,Asia
vnm,1926,32.18,Vietnam,Asia
vnm,1927,32.18,Vietnam,Asia
vnm,1928,32.18,Vietnam,Asia
vnm,1929,32.19,Vietnam,Asia
vnm,1930,32.19,Vietnam,Asia
vnm,1931,32.36,Vietnam,Asia
vnm,1932,32.53,Vietnam,Asia
vnm,1933,32.7,Vietnam,Asia
vnm,1934,32.87,Vietnam,Asia
vnm,1935,33.04,Vietnam,Asia
vnm,1936,33.22,Vietnam,Asia
vnm,1937,34.57,Vietnam,Asia
vnm,1938,35.93,Vietnam,Asia
vnm,1939,37.29,Vietnam,Asia
vnm,1940,36.25,Vietnam,Asia
vnm,1941,35.35,Vietnam,Asia
vnm,1942,34.75,Vietnam,Asia
vnm,1943,33.24,Vietnam,Asia
vnm,1944,27.2,Vietnam,Asia
vnm,1945,17.13,Vietnam,Asia
vnm,1946,36.27,Vietnam,Asia
vnm,1947,42.32,Vietnam,Asia
vnm,1948,47.36,Vietnam,Asia
vnm,1949,50.39,Vietnam,Asia
vnm,1950,52.26,Vietnam,Asia
vnm,1951,52.6,Vietnam,Asia
vnm,1952,52.97,Vietnam,Asia
vnm,1953,53.3,Vietnam,Asia
vnm,1954,53.76,Vietnam,Asia
vnm,1955,56.43,Vietnam,Asia
vnm,1956,56.81,Vietnam,Asia
vnm,1957,57.2,Vietnam,Asia
vnm,1958,57.58,Vietnam,Asia
vnm,1959,57.98,Vietnam,Asia
vnm,1960,58.41,Vietnam,Asia
vnm,1961,58.73,Vietnam,Asia
vnm,1962,58.4,Vietnam,Asia
vnm,1963,58.03,Vietnam,Asia
vnm,1964,58.57,Vietnam,Asia
vnm,1965,57.42,Vietnam,Asia
vnm,1966,57.71,Vietnam,Asia
vnm,1967,57.86,Vietnam,Asia
vnm,1968,53.88,Vietnam,Asia
vnm,1969,55.98,Vietnam,Asia
vnm,1970,55.97,Vietnam,Asia
vnm,1971,56.58,Vietnam,Asia
vnm,1972,52.79,Vietnam,Asia
vnm,1973,56.14,Vietnam,Asia
vnm,1974,55.78,Vietnam,Asia
vnm,1975,62.3,Vietnam,Asia
vnm,1976,64.87,Vietnam,Asia
vnm,1977,65.28,Vietnam,Asia
vnm,1978,65.7,Vietnam,Asia
vnm,1979,65.92,Vietnam,Asia
vnm,1980,66.29,Vietnam,Asia
vnm,1981,66.56,Vietnam,Asia
vnm,1982,66.86,Vietnam,Asia
vnm,1983,67.13,Vietnam,Asia
vnm,1984,67.48,Vietnam,Asia
vnm,1985,67.77,Vietnam,Asia
vnm,1986,68.08,Vietnam,Asia
vnm,1987,68.37,Vietnam,Asia
vnm,1988,68.64,Vietnam,Asia
vnm,1989,68.88,Vietnam,Asia
vnm,1990,69.22,Vietnam,Asia
vnm,1991,69.51,Vietnam,Asia
vnm,1992,69.85,Vietnam,Asia
vnm,1993,70.16,Vietnam,Asia
vnm,1994,70.48,Vietnam,Asia
vnm,1995,70.81,Vietnam,Asia
vnm,1996,71.1,Vietnam,Asia
vnm,1997,71.31,Vietnam,Asia
vnm,1998,71.7,Vietnam,Asia
vnm,1999,71.97,Vietnam,Asia
vnm,2000,72.23,Vietnam,Asia
vnm,2001,72.39,Vietnam,Asia
vnm,2002,72.53,Vietnam,Asia
vnm,2003,72.62,Vietnam,Asia
vnm,2004,72.69,Vietnam,Asia
vnm,2005,72.77,Vietnam,Asia
vnm,2006,72.87,Vietnam,Asia
vnm,2007,72.92,Vietnam,Asia
vnm,2008,72.98,Vietnam,Asia
vnm,2009,73.08,Vietnam,Asia
vnm,2010,73.21,Vietnam,Asia
vnm,2011,73.33,Vietnam,Asia
vnm,2012,73.47,Vietnam,Asia
vnm,2013,73.6,Vietnam,Asia
vnm,2014,73.74,Vietnam,Asia
vnm,2015,73.88,Vietnam,Asia
vnm,2016,74.02,Vietnam,Asia
vnm,2017,74.16,Vietnam,Asia
vnm,2018,74.3,Vietnam,Asia
vnm,2019,74.46,Vietnam,Asia
vnm,2020,74.51,Vietnam,Asia
vnm,2021,74.66,Vietnam,Asia
vnm,2022,74.76,Vietnam,Asia
vnm,2023,74.88,Vietnam,Asia
vnm,2024,75,Vietnam,Asia
vnm,2025,75.13,Vietnam,Asia
vnm,2026,75.28,Vietnam,Asia
vnm,2027,75.43,Vietnam,Asia
vnm,2028,75.58,Vietnam,Asia
vnm,2029,75.75,Vietnam,Asia
vnm,2030,75.92,Vietnam,Asia
vnm,2031,76.08,Vietnam,Asia
vnm,2032,76.25,Vietnam,Asia
vnm,2033,76.4,Vietnam,Asia
vnm,2034,76.55,Vietnam,Asia
vnm,2035,76.7,Vietnam,Asia
vnm,2036,76.84,Vietnam,Asia
vnm,2037,76.97,Vietnam,Asia
vnm,2038,77.11,Vietnam,Asia
vnm,2039,77.24,Vietnam,Asia
vnm,2040,77.38,Vietnam,Asia
vnm,2041,77.52,Vietnam,Asia
vnm,2042,77.67,Vietnam,Asia
vnm,2043,77.81,Vietnam,Asia
vnm,2044,77.95,Vietnam,Asia
vnm,2045,78.09,Vietnam,Asia
vnm,2046,78.24,Vietnam,Asia
vnm,2047,78.38,Vietnam,Asia
vnm,2048,78.52,Vietnam,Asia
vnm,2049,78.67,Vietnam,Asia
vnm,2050,78.81,Vietnam,Asia
vnm,2051,78.96,Vietnam,Asia
vnm,2052,79.1,Vietnam,Asia
vnm,2053,79.25,Vietnam,Asia
vnm,2054,79.39,Vietnam,Asia
vnm,2055,79.54,Vietnam,Asia
vnm,2056,79.68,Vietnam,Asia
vnm,2057,79.83,Vietnam,Asia
vnm,2058,79.97,Vietnam,Asia
vnm,2059,80.11,Vietnam,Asia
vnm,2060,80.26,Vietnam,Asia
vnm,2061,80.4,Vietnam,Asia
vnm,2062,80.54,Vietnam,Asia
vnm,2063,80.68,Vietnam,Asia
vnm,2064,80.82,Vietnam,Asia
vnm,2065,80.95,Vietnam,Asia
vnm,2066,81.09,Vietnam,Asia
vnm,2067,81.22,Vietnam,Asia
vnm,2068,81.35,Vietnam,Asia
vnm,2069,81.48,Vietnam,Asia
vnm,2070,81.61,Vietnam,Asia
vnm,2071,81.73,Vietnam,Asia
vnm,2072,81.86,Vietnam,Asia
vnm,2073,81.98,Vietnam,Asia
vnm,2074,82.11,Vietnam,Asia
vnm,2075,82.23,Vietnam,Asia
vnm,2076,82.35,Vietnam,Asia
vnm,2077,82.47,Vietnam,Asia
vnm,2078,82.58,Vietnam,Asia
vnm,2079,82.7,Vietnam,Asia
vnm,2080,82.82,Vietnam,Asia
vnm,2081,82.93,Vietnam,Asia
vnm,2082,83.05,Vietnam,Asia
vnm,2083,83.16,Vietnam,Asia
vnm,2084,83.27,Vietnam,Asia
vnm,2085,83.39,Vietnam,Asia
vnm,2086,83.5,Vietnam,Asia
vnm,2087,83.61,Vietnam,Asia
vnm,2088,83.72,Vietnam,Asia
vnm,2089,83.83,Vietnam,Asia
vnm,2090,83.94,Vietnam,Asia
vnm,2091,84.05,Vietnam,Asia
vnm,2092,84.16,Vietnam,Asia
vnm,2093,84.26,Vietnam,Asia
vnm,2094,84.37,Vietnam,Asia
vnm,2095,84.48,Vietnam,Asia
vnm,2096,84.58,Vietnam,Asia
vnm,2097,84.69,Vietnam,Asia
vnm,2098,84.79,Vietnam,Asia
vnm,2099,84.9,Vietnam,Asia
vnm,2100,85,Vietnam,Asia
yem,1800,23.39,Yemen,Asia
yem,1801,23.39,Yemen,Asia
yem,1802,23.39,Yemen,Asia
yem,1803,23.39,Yemen,Asia
yem,1804,23.39,Yemen,Asia
yem,1805,23.39,Yemen,Asia
yem,1806,23.39,Yemen,Asia
yem,1807,23.39,Yemen,Asia
yem,1808,23.39,Yemen,Asia
yem,1809,23.39,Yemen,Asia
yem,1810,23.39,Yemen,Asia
yem,1811,23.39,Yemen,Asia
yem,1812,23.39,Yemen,Asia
yem,1813,23.39,Yemen,Asia
yem,1814,23.39,Yemen,Asia
yem,1815,23.39,Yemen,Asia
yem,1816,23.39,Yemen,Asia
yem,1817,23.39,Yemen,Asia
yem,1818,23.39,Yemen,Asia
yem,1819,23.39,Yemen,Asia
yem,1820,23.39,Yemen,Asia
yem,1821,23.39,Yemen,Asia
yem,1822,23.39,Yemen,Asia
yem,1823,23.39,Yemen,Asia
yem,1824,23.39,Yemen,Asia
yem,1825,23.39,Yemen,Asia
yem,1826,23.39,Yemen,Asia
yem,1827,23.39,Yemen,Asia
yem,1828,23.39,Yemen,Asia
yem,1829,23.39,Yemen,Asia
yem,1830,23.39,Yemen,Asia
yem,1831,23.39,Yemen,Asia
yem,1832,23.39,Yemen,Asia
yem,1833,23.39,Yemen,Asia
yem,1834,23.39,Yemen,Asia
yem,1835,23.39,Yemen,Asia
yem,1836,23.39,Yemen,Asia
yem,1837,23.39,Yemen,Asia
yem,1838,23.39,Yemen,Asia
yem,1839,23.39,Yemen,Asia
yem,1840,23.39,Yemen,Asia
yem,1841,23.39,Yemen,Asia
yem,1842,23.39,Yemen,Asia
yem,1843,23.39,Yemen,Asia
yem,1844,23.39,Yemen,Asia
yem,1845,23.39,Yemen,Asia
yem,1846,23.39,Yemen,Asia
yem,1847,23.39,Yemen,Asia
yem,1848,23.39,Yemen,Asia
yem,1849,23.39,Yemen,Asia
yem,1850,23.39,Yemen,Asia
yem,1851,23.39,Yemen,Asia
yem,1852,23.39,Yemen,Asia
yem,1853,23.39,Yemen,Asia
yem,1854,23.39,Yemen,Asia
yem,1855,23.39,Yemen,Asia
yem,1856,23.39,Yemen,Asia
yem,1857,23.39,Yemen,Asia
yem,1858,23.39,Yemen,Asia
yem,1859,23.39,Yemen,Asia
yem,1860,23.39,Yemen,Asia
yem,1861,23.39,Yemen,Asia
yem,1862,23.39,Yemen,Asia
yem,1863,23.39,Yemen,Asia
yem,1864,23.39,Yemen,Asia
yem,1865,23.39,Yemen,Asia
yem,1866,23.39,Yemen,Asia
yem,1867,23.39,Yemen,Asia
yem,1868,23.39,Yemen,Asia
yem,1869,23.39,Yemen,Asia
yem,1870,23.39,Yemen,Asia
yem,1871,23.49,Yemen,Asia
yem,1872,23.6,Yemen,Asia
yem,1873,23.7,Yemen,Asia
yem,1874,23.81,Yemen,Asia
yem,1875,23.92,Yemen,Asia
yem,1876,24.02,Yemen,Asia
yem,1877,24.13,Yemen,Asia
yem,1878,24.23,Yemen,Asia
yem,1879,24.34,Yemen,Asia
yem,1880,24.45,Yemen,Asia
yem,1881,24.55,Yemen,Asia
yem,1882,24.66,Yemen,Asia
yem,1883,24.76,Yemen,Asia
yem,1884,24.87,Yemen,Asia
yem,1885,24.97,Yemen,Asia
yem,1886,25.08,Yemen,Asia
yem,1887,25.19,Yemen,Asia
yem,1888,25.29,Yemen,Asia
yem,1889,25.4,Yemen,Asia
yem,1890,25.5,Yemen,Asia
yem,1891,25.61,Yemen,Asia
yem,1892,25.72,Yemen,Asia
yem,1893,25.82,Yemen,Asia
yem,1894,25.93,Yemen,Asia
yem,1895,26.03,Yemen,Asia
yem,1896,26.14,Yemen,Asia
yem,1897,26.24,Yemen,Asia
yem,1898,26.35,Yemen,Asia
yem,1899,26.46,Yemen,Asia
yem,1900,26.56,Yemen,Asia
yem,1901,26.67,Yemen,Asia
yem,1902,26.77,Yemen,Asia
yem,1903,26.88,Yemen,Asia
yem,1904,26.99,Yemen,Asia
yem,1905,27.09,Yemen,Asia
yem,1906,27.2,Yemen,Asia
yem,1907,27.3,Yemen,Asia
yem,1908,27.41,Yemen,Asia
yem,1909,27.51,Yemen,Asia
yem,1910,27.62,Yemen,Asia
yem,1911,27.73,Yemen,Asia
yem,1912,27.83,Yemen,Asia
yem,1913,27.94,Yemen,Asia
yem,1914,28.04,Yemen,Asia
yem,1915,28.15,Yemen,Asia
yem,1916,28.26,Yemen,Asia
yem,1917,28.36,Yemen,Asia
yem,1918,23.6,Yemen,Asia
yem,1919,28.57,Yemen,Asia
yem,1920,28.68,Yemen,Asia
yem,1921,28.79,Yemen,Asia
yem,1922,28.89,Yemen,Asia
yem,1923,29,Yemen,Asia
yem,1924,29.1,Yemen,Asia
yem,1925,29.21,Yemen,Asia
yem,1926,29.31,Yemen,Asia
yem,1927,29.42,Yemen,Asia
yem,1928,29.53,Yemen,Asia
yem,1929,29.63,Yemen,Asia
yem,1930,29.74,Yemen,Asia
yem,1931,29.84,Yemen,Asia
yem,1932,29.95,Yemen,Asia
yem,1933,30.06,Yemen,Asia
yem,1934,30.16,Yemen,Asia
yem,1935,30.27,Yemen,Asia
yem,1936,30.37,Yemen,Asia
yem,1937,30.48,Yemen,Asia
yem,1938,30.58,Yemen,Asia
yem,1939,30.69,Yemen,Asia
yem,1940,30.8,Yemen,Asia
yem,1941,30.9,Yemen,Asia
yem,1942,31.01,Yemen,Asia
yem,1943,31.11,Yemen,Asia
yem,1944,31.22,Yemen,Asia
yem,1945,31.33,Yemen,Asia
yem,1946,31.43,Yemen,Asia
yem,1947,31.54,Yemen,Asia
yem,1948,31.64,Yemen,Asia
yem,1949,31.75,Yemen,Asia
yem,1950,31.85,Yemen,Asia
yem,1951,32.28,Yemen,Asia
yem,1952,32.6,Yemen,Asia
yem,1953,32.95,Yemen,Asia
yem,1954,33.2,Yemen,Asia
yem,1955,33.36,Yemen,Asia
yem,1956,33.82,Yemen,Asia
yem,1957,34.41,Yemen,Asia
yem,1958,35.04,Yemen,Asia
yem,1959,35.71,Yemen,Asia
yem,1960,36.53,Yemen,Asia
yem,1961,37.13,Yemen,Asia
yem,1962,36.32,Yemen,Asia
yem,1963,36.9,Yemen,Asia
yem,1964,37.59,Yemen,Asia
yem,1965,38.22,Yemen,Asia
yem,1966,38.77,Yemen,Asia
yem,1967,39.43,Yemen,Asia
yem,1968,40.21,Yemen,Asia
yem,1969,40.95,Yemen,Asia
yem,1970,41.93,Yemen,Asia
yem,1971,44.34,Yemen,Asia
yem,1972,45.43,Yemen,Asia
yem,1973,46.58,Yemen,Asia
yem,1974,47.65,Yemen,Asia
yem,1975,48.68,Yemen,Asia
yem,1976,49.84,Yemen,Asia
yem,1977,50.91,Yemen,Asia
yem,1978,51.75,Yemen,Asia
yem,1979,52.6,Yemen,Asia
yem,1980,53.25,Yemen,Asia
yem,1981,53.96,Yemen,Asia
yem,1982,54.25,Yemen,Asia
yem,1983,55.49,Yemen,Asia
yem,1984,56.14,Yemen,Asia
yem,1985,56.71,Yemen,Asia
yem,1986,55.16,Yemen,Asia
yem,1987,57.68,Yemen,Asia
yem,1988,58.16,Yemen,Asia
yem,1989,58.59,Yemen,Asia
yem,1990,59.06,Yemen,Asia
yem,1991,59.51,Yemen,Asia
yem,1992,59.89,Yemen,Asia
yem,1993,60.29,Yemen,Asia
yem,1994,60.5,Yemen,Asia
yem,1995,61.14,Yemen,Asia
yem,1996,61.55,Yemen,Asia
yem,1997,62.03,Yemen,Asia
yem,1998,62.48,Yemen,Asia
yem,1999,63.02,Yemen,Asia
yem,2000,63.51,Yemen,Asia
yem,2001,64,Yemen,Asia
yem,2002,64.46,Yemen,Asia
yem,2003,64.87,Yemen,Asia
yem,2004,65.32,Yemen,Asia
yem,2005,65.78,Yemen,Asia
yem,2006,66.21,Yemen,Asia
yem,2007,66.54,Yemen,Asia
yem,2008,66.89,Yemen,Asia
yem,2009,67.24,Yemen,Asia
yem,2010,67.61,Yemen,Asia
yem,2011,67.76,Yemen,Asia
yem,2012,67.92,Yemen,Asia
yem,2013,68.43,Yemen,Asia
yem,2014,68.47,Yemen,Asia
yem,2015,68.16,Yemen,Asia
yem,2016,67.48,Yemen,Asia
yem,2017,67.29,Yemen,Asia
yem,2018,66.08,Yemen,Asia
yem,2019,67.74,Yemen,Asia
yem,2020,67.76,Yemen,Asia
yem,2021,67.89,Yemen,Asia
yem,2022,67.99,Yemen,Asia
yem,2023,68.11,Yemen,Asia
yem,2024,68.25,Yemen,Asia
yem,2025,68.4,Yemen,Asia
yem,2026,68.57,Yemen,Asia
yem,2027,68.77,Yemen,Asia
yem,2028,68.98,Yemen,Asia
yem,2029,69.21,Yemen,Asia
yem,2030,69.44,Yemen,Asia
yem,2031,69.66,Yemen,Asia
yem,2032,69.87,Yemen,Asia
yem,2033,70.06,Yemen,Asia
yem,2034,70.23,Yemen,Asia
yem,2035,70.38,Yemen,Asia
yem,2036,70.52,Yemen,Asia
yem,2037,70.64,Yemen,Asia
yem,2038,70.76,Yemen,Asia
yem,2039,70.88,Yemen,Asia
yem,2040,71,Yemen,Asia
yem,2041,71.12,Yemen,Asia
yem,2042,71.25,Yemen,Asia
yem,2043,71.37,Yemen,Asia
yem,2044,71.49,Yemen,Asia
yem,2045,71.61,Yemen,Asia
yem,2046,71.73,Yemen,Asia
yem,2047,71.85,Yemen,Asia
yem,2048,71.96,Yemen,Asia
yem,2049,72.08,Yemen,Asia
yem,2050,72.2,Yemen,Asia
yem,2051,72.31,Yemen,Asia
yem,2052,72.43,Yemen,Asia
yem,2053,72.54,Yemen,Asia
yem,2054,72.65,Yemen,Asia
yem,2055,72.76,Yemen,Asia
yem,2056,72.87,Yemen,Asia
yem,2057,72.98,Yemen,Asia
yem,2058,73.09,Yemen,Asia
yem,2059,73.21,Yemen,Asia
yem,2060,73.32,Yemen,Asia
yem,2061,73.43,Yemen,Asia
yem,2062,73.54,Yemen,Asia
yem,2063,73.65,Yemen,Asia
yem,2064,73.77,Yemen,Asia
yem,2065,73.88,Yemen,Asia
yem,2066,73.99,Yemen,Asia
yem,2067,74.1,Yemen,Asia
yem,2068,74.21,Yemen,Asia
yem,2069,74.33,Yemen,Asia
yem,2070,74.44,Yemen,Asia
yem,2071,74.55,Yemen,Asia
yem,2072,74.67,Yemen,Asia
yem,2073,74.78,Yemen,Asia
yem,2074,74.89,Yemen,Asia
yem,2075,75.01,Yemen,Asia
yem,2076,75.12,Yemen,Asia
yem,2077,75.24,Yemen,Asia
yem,2078,75.35,Yemen,Asia
yem,2079,75.46,Yemen,Asia
yem,2080,75.58,Yemen,Asia
yem,2081,75.7,Yemen,Asia
yem,2082,75.81,Yemen,Asia
yem,2083,75.93,Yemen,Asia
yem,2084,76.05,Yemen,Asia
yem,2085,76.17,Yemen,Asia
yem,2086,76.29,Yemen,Asia
yem,2087,76.41,Yemen,Asia
yem,2088,76.53,Yemen,Asia
yem,2089,76.65,Yemen,Asia
yem,2090,76.77,Yemen,Asia
yem,2091,76.9,Yemen,Asia
yem,2092,77.02,Yemen,Asia
yem,2093,77.14,Yemen,Asia
yem,2094,77.27,Yemen,Asia
yem,2095,77.39,Yemen,Asia
yem,2096,77.51,Yemen,Asia
yem,2097,77.63,Yemen,Asia
yem,2098,77.76,Yemen,Asia
yem,2099,77.88,Yemen,Asia
yem,2100,78,Yemen,Asia
zmb,1800,32.6,Zambia,Africa
zmb,1801,32.6,Zambia,Africa
zmb,1802,32.6,Zambia,Africa
zmb,1803,32.6,Zambia,Africa
zmb,1804,32.6,Zambia,Africa
zmb,1805,32.6,Zambia,Africa
zmb,1806,32.6,Zambia,Africa
zmb,1807,32.6,Zambia,Africa
zmb,1808,32.6,Zambia,Africa
zmb,1809,32.6,Zambia,Africa
zmb,1810,32.6,Zambia,Africa
zmb,1811,32.6,Zambia,Africa
zmb,1812,32.6,Zambia,Africa
zmb,1813,32.6,Zambia,Africa
zmb,1814,32.6,Zambia,Africa
zmb,1815,32.6,Zambia,Africa
zmb,1816,32.6,Zambia,Africa
zmb,1817,32.6,Zambia,Africa
zmb,1818,32.6,Zambia,Africa
zmb,1819,32.6,Zambia,Africa
zmb,1820,32.6,Zambia,Africa
zmb,1821,32.6,Zambia,Africa
zmb,1822,32.6,Zambia,Africa
zmb,1823,32.6,Zambia,Africa
zmb,1824,32.6,Zambia,Africa
zmb,1825,32.6,Zambia,Africa
zmb,1826,32.6,Zambia,Africa
zmb,1827,32.6,Zambia,Africa
zmb,1828,32.6,Zambia,Africa
zmb,1829,32.6,Zambia,Africa
zmb,1830,32.6,Zambia,Africa
zmb,1831,32.6,Zambia,Africa
zmb,1832,32.6,Zambia,Africa
zmb,1833,32.6,Zambia,Africa
zmb,1834,32.6,Zambia,Africa
zmb,1835,32.6,Zambia,Africa
zmb,1836,32.6,Zambia,Africa
zmb,1837,32.6,Zambia,Africa
zmb,1838,32.6,Zambia,Africa
zmb,1839,32.6,Zambia,Africa
zmb,1840,32.6,Zambia,Africa
zmb,1841,32.6,Zambia,Africa
zmb,1842,32.6,Zambia,Africa
zmb,1843,32.6,Zambia,Africa
zmb,1844,32.6,Zambia,Africa
zmb,1845,32.6,Zambia,Africa
zmb,1846,32.6,Zambia,Africa
zmb,1847,32.6,Zambia,Africa
zmb,1848,32.6,Zambia,Africa
zmb,1849,32.6,Zambia,Africa
zmb,1850,32.6,Zambia,Africa
zmb,1851,32.6,Zambia,Africa
zmb,1852,32.6,Zambia,Africa
zmb,1853,32.6,Zambia,Africa
zmb,1854,32.6,Zambia,Africa
zmb,1855,32.6,Zambia,Africa
zmb,1856,32.6,Zambia,Africa
zmb,1857,32.6,Zambia,Africa
zmb,1858,32.6,Zambia,Africa
zmb,1859,32.6,Zambia,Africa
zmb,1860,32.6,Zambia,Africa
zmb,1861,32.6,Zambia,Africa
zmb,1862,32.6,Zambia,Africa
zmb,1863,32.6,Zambia,Africa
zmb,1864,32.6,Zambia,Africa
zmb,1865,32.6,Zambia,Africa
zmb,1866,32.6,Zambia,Africa
zmb,1867,32.6,Zambia,Africa
zmb,1868,32.6,Zambia,Africa
zmb,1869,32.6,Zambia,Africa
zmb,1870,32.6,Zambia,Africa
zmb,1871,32.66,Zambia,Africa
zmb,1872,32.71,Zambia,Africa
zmb,1873,32.77,Zambia,Africa
zmb,1874,32.83,Zambia,Africa
zmb,1875,32.88,Zambia,Africa
zmb,1876,32.94,Zambia,Africa
zmb,1877,33,Zambia,Africa
zmb,1878,33.06,Zambia,Africa
zmb,1879,33.11,Zambia,Africa
zmb,1880,33.17,Zambia,Africa
zmb,1881,33.23,Zambia,Africa
zmb,1882,33.28,Zambia,Africa
zmb,1883,33.34,Zambia,Africa
zmb,1884,33.4,Zambia,Africa
zmb,1885,33.45,Zambia,Africa
zmb,1886,33.51,Zambia,Africa
zmb,1887,33.57,Zambia,Africa
zmb,1888,33.63,Zambia,Africa
zmb,1889,33.68,Zambia,Africa
zmb,1890,33.74,Zambia,Africa
zmb,1891,33.8,Zambia,Africa
zmb,1892,33.85,Zambia,Africa
zmb,1893,33.91,Zambia,Africa
zmb,1894,33.97,Zambia,Africa
zmb,1895,34.02,Zambia,Africa
zmb,1896,34.08,Zambia,Africa
zmb,1897,34.14,Zambia,Africa
zmb,1898,34.2,Zambia,Africa
zmb,1899,34.25,Zambia,Africa
zmb,1900,34.31,Zambia,Africa
zmb,1901,34.37,Zambia,Africa
zmb,1902,34.42,Zambia,Africa
zmb,1903,34.48,Zambia,Africa
zmb,1904,34.54,Zambia,Africa
zmb,1905,34.59,Zambia,Africa
zmb,1906,34.65,Zambia,Africa
zmb,1907,34.71,Zambia,Africa
zmb,1908,34.77,Zambia,Africa
zmb,1909,34.82,Zambia,Africa
zmb,1910,34.88,Zambia,Africa
zmb,1911,34.94,Zambia,Africa
zmb,1912,34.99,Zambia,Africa
zmb,1913,35.05,Zambia,Africa
zmb,1914,35.11,Zambia,Africa
zmb,1915,35.16,Zambia,Africa
zmb,1916,35.22,Zambia,Africa
zmb,1917,35.28,Zambia,Africa
zmb,1918,13.67,Zambia,Africa
zmb,1919,35.39,Zambia,Africa
zmb,1920,35.45,Zambia,Africa
zmb,1921,35.51,Zambia,Africa
zmb,1922,35.56,Zambia,Africa
zmb,1923,35.62,Zambia,Africa
zmb,1924,35.68,Zambia,Africa
zmb,1925,35.73,Zambia,Africa
zmb,1926,35.79,Zambia,Africa
zmb,1927,35.85,Zambia,Africa
zmb,1928,35.91,Zambia,Africa
zmb,1929,35.96,Zambia,Africa
zmb,1930,36.02,Zambia,Africa
zmb,1931,36.08,Zambia,Africa
zmb,1932,36.13,Zambia,Africa
zmb,1933,36.19,Zambia,Africa
zmb,1934,36.25,Zambia,Africa
zmb,1935,36.3,Zambia,Africa
zmb,1936,36.36,Zambia,Africa
zmb,1937,36.42,Zambia,Africa
zmb,1938,36.48,Zambia,Africa
zmb,1939,36.53,Zambia,Africa
zmb,1940,36.59,Zambia,Africa
zmb,1941,36.65,Zambia,Africa
zmb,1942,36.7,Zambia,Africa
zmb,1943,36.76,Zambia,Africa
zmb,1944,36.82,Zambia,Africa
zmb,1945,36.87,Zambia,Africa
zmb,1946,38.89,Zambia,Africa
zmb,1947,40.91,Zambia,Africa
zmb,1948,42.93,Zambia,Africa
zmb,1949,44.97,Zambia,Africa
zmb,1950,47,Zambia,Africa
zmb,1951,47.21,Zambia,Africa
zmb,1952,47.42,Zambia,Africa
zmb,1953,47.73,Zambia,Africa
zmb,1954,48.1,Zambia,Africa
zmb,1955,48.3,Zambia,Africa
zmb,1956,48.55,Zambia,Africa
zmb,1957,48.72,Zambia,Africa
zmb,1958,48.86,Zambia,Africa
zmb,1959,49.2,Zambia,Africa
zmb,1960,49.56,Zambia,Africa
zmb,1961,49.87,Zambia,Africa
zmb,1962,50.13,Zambia,Africa
zmb,1963,50.35,Zambia,Africa
zmb,1964,50.66,Zambia,Africa
zmb,1965,51.21,Zambia,Africa
zmb,1966,51.74,Zambia,Africa
zmb,1967,52.3,Zambia,Africa
zmb,1968,52.78,Zambia,Africa
zmb,1969,53.18,Zambia,Africa
zmb,1970,53.5,Zambia,Africa
zmb,1971,53.87,Zambia,Africa
zmb,1972,54.27,Zambia,Africa
zmb,1973,54.62,Zambia,Africa
zmb,1974,54.92,Zambia,Africa
zmb,1975,55.13,Zambia,Africa
zmb,1976,55.38,Zambia,Africa
zmb,1977,55.48,Zambia,Africa
zmb,1978,55.53,Zambia,Africa
zmb,1979,55.59,Zambia,Africa
zmb,1980,55.63,Zambia,Africa
zmb,1981,55.69,Zambia,Africa
zmb,1982,55.63,Zambia,Africa
zmb,1983,55.6,Zambia,Africa
zmb,1984,55.4,Zambia,Africa
zmb,1985,55.15,Zambia,Africa
zmb,1986,54.75,Zambia,Africa
zmb,1987,54.19,Zambia,Africa
zmb,1988,53.87,Zambia,Africa
zmb,1989,53.03,Zambia,Africa
zmb,1990,51.94,Zambia,Africa
zmb,1991,50.73,Zambia,Africa
zmb,1992,49.6,Zambia,Africa
zmb,1993,48.74,Zambia,Africa
zmb,1994,47.74,Zambia,Africa
zmb,1995,46.82,Zambia,Africa
zmb,1996,46.15,Zambia,Africa
zmb,1997,45.74,Zambia,Africa
zmb,1998,45.45,Zambia,Africa
zmb,1999,45.28,Zambia,Africa
zmb,2000,45.34,Zambia,Africa
zmb,2001,45.2,Zambia,Africa
zmb,2002,45.94,Zambia,Africa
zmb,2003,46.62,Zambia,Africa
zmb,2004,47.67,Zambia,Africa
zmb,2005,48.73,Zambia,Africa
zmb,2006,49.95,Zambia,Africa
zmb,2007,51.85,Zambia,Africa
zmb,2008,54.08,Zambia,Africa
zmb,2009,55.68,Zambia,Africa
zmb,2010,56.54,Zambia,Africa
zmb,2011,57.45,Zambia,Africa
zmb,2012,58.55,Zambia,Africa
zmb,2013,59.48,Zambia,Africa
zmb,2014,60.19,Zambia,Africa
zmb,2015,60.8,Zambia,Africa
zmb,2016,61.39,Zambia,Africa
zmb,2017,61.86,Zambia,Africa
zmb,2018,62.52,Zambia,Africa
zmb,2019,63.18,Zambia,Africa
zmb,2020,63.08,Zambia,Africa
zmb,2021,63.75,Zambia,Africa
zmb,2022,63.98,Zambia,Africa
zmb,2023,64.2,Zambia,Africa
zmb,2024,64.42,Zambia,Africa
zmb,2025,64.66,Zambia,Africa
zmb,2026,64.91,Zambia,Africa
zmb,2027,65.16,Zambia,Africa
zmb,2028,65.4,Zambia,Africa
zmb,2029,65.64,Zambia,Africa
zmb,2030,65.88,Zambia,Africa
zmb,2031,66.11,Zambia,Africa
zmb,2032,66.33,Zambia,Africa
zmb,2033,66.55,Zambia,Africa
zmb,2034,66.77,Zambia,Africa
zmb,2035,66.98,Zambia,Africa
zmb,2036,67.19,Zambia,Africa
zmb,2037,67.4,Zambia,Africa
zmb,2038,67.6,Zambia,Africa
zmb,2039,67.79,Zambia,Africa
zmb,2040,67.98,Zambia,Africa
zmb,2041,68.17,Zambia,Africa
zmb,2042,68.36,Zambia,Africa
zmb,2043,68.54,Zambia,Africa
zmb,2044,68.72,Zambia,Africa
zmb,2045,68.9,Zambia,Africa
zmb,2046,69.07,Zambia,Africa
zmb,2047,69.25,Zambia,Africa
zmb,2048,69.42,Zambia,Africa
zmb,2049,69.58,Zambia,Africa
zmb,2050,69.75,Zambia,Africa
zmb,2051,69.91,Zambia,Africa
zmb,2052,70.08,Zambia,Africa
zmb,2053,70.23,Zambia,Africa
zmb,2054,70.39,Zambia,Africa
zmb,2055,70.55,Zambia,Africa
zmb,2056,70.7,Zambia,Africa
zmb,2057,70.85,Zambia,Africa
zmb,2058,71,Zambia,Africa
zmb,2059,71.16,Zambia,Africa
zmb,2060,71.31,Zambia,Africa
zmb,2061,71.46,Zambia,Africa
zmb,2062,71.61,Zambia,Africa
zmb,2063,71.76,Zambia,Africa
zmb,2064,71.91,Zambia,Africa
zmb,2065,72.06,Zambia,Africa
zmb,2066,72.21,Zambia,Africa
zmb,2067,72.35,Zambia,Africa
zmb,2068,72.5,Zambia,Africa
zmb,2069,72.65,Zambia,Africa
zmb,2070,72.79,Zambia,Africa
zmb,2071,72.94,Zambia,Africa
zmb,2072,73.08,Zambia,Africa
zmb,2073,73.23,Zambia,Africa
zmb,2074,73.37,Zambia,Africa
zmb,2075,73.51,Zambia,Africa
zmb,2076,73.66,Zambia,Africa
zmb,2077,73.8,Zambia,Africa
zmb,2078,73.94,Zambia,Africa
zmb,2079,74.09,Zambia,Africa
zmb,2080,74.23,Zambia,Africa
zmb,2081,74.37,Zambia,Africa
zmb,2082,74.52,Zambia,Africa
zmb,2083,74.66,Zambia,Africa
zmb,2084,74.8,Zambia,Africa
zmb,2085,74.95,Zambia,Africa
zmb,2086,75.09,Zambia,Africa
zmb,2087,75.24,Zambia,Africa
zmb,2088,75.38,Zambia,Africa
zmb,2089,75.53,Zambia,Africa
zmb,2090,75.67,Zambia,Africa
zmb,2091,75.82,Zambia,Africa
zmb,2092,75.96,Zambia,Africa
zmb,2093,76.1,Zambia,Africa
zmb,2094,76.25,Zambia,Africa
zmb,2095,76.39,Zambia,Africa
zmb,2096,76.53,Zambia,Africa
zmb,2097,76.67,Zambia,Africa
zmb,2098,76.81,Zambia,Africa
zmb,2099,76.95,Zambia,Africa
zmb,2100,77.09,Zambia,Africa
zwe,1800,33.7,Zimbabwe,Africa
zwe,1801,33.7,Zimbabwe,Africa
zwe,1802,33.7,Zimbabwe,Africa
zwe,1803,33.7,Zimbabwe,Africa
zwe,1804,33.7,Zimbabwe,Africa
zwe,1805,33.7,Zimbabwe,Africa
zwe,1806,33.7,Zimbabwe,Africa
zwe,1807,33.7,Zimbabwe,Africa
zwe,1808,33.7,Zimbabwe,Africa
zwe,1809,33.7,Zimbabwe,Africa
zwe,1810,33.7,Zimbabwe,Africa
zwe,1811,33.7,Zimbabwe,Africa
zwe,1812,33.7,Zimbabwe,Africa
zwe,1813,33.7,Zimbabwe,Africa
zwe,1814,33.7,Zimbabwe,Africa
zwe,1815,33.7,Zimbabwe,Africa
zwe,1816,33.7,Zimbabwe,Africa
zwe,1817,33.7,Zimbabwe,Africa
zwe,1818,33.7,Zimbabwe,Africa
zwe,1819,33.7,Zimbabwe,Africa
zwe,1820,33.7,Zimbabwe,Africa
zwe,1821,33.7,Zimbabwe,Africa
zwe,1822,33.7,Zimbabwe,Africa
zwe,1823,33.7,Zimbabwe,Africa
zwe,1824,33.7,Zimbabwe,Africa
zwe,1825,33.7,Zimbabwe,Africa
zwe,1826,33.7,Zimbabwe,Africa
zwe,1827,33.7,Zimbabwe,Africa
zwe,1828,33.7,Zimbabwe,Africa
zwe,1829,33.7,Zimbabwe,Africa
zwe,1830,33.7,Zimbabwe,Africa
zwe,1831,33.7,Zimbabwe,Africa
zwe,1832,33.7,Zimbabwe,Africa
zwe,1833,33.7,Zimbabwe,Africa
zwe,1834,33.7,Zimbabwe,Africa
zwe,1835,33.7,Zimbabwe,Africa
zwe,1836,33.7,Zimbabwe,Africa
zwe,1837,33.7,Zimbabwe,Africa
zwe,1838,33.7,Zimbabwe,Africa
zwe,1839,33.7,Zimbabwe,Africa
zwe,1840,33.7,Zimbabwe,Africa
zwe,1841,33.7,Zimbabwe,Africa
zwe,1842,33.7,Zimbabwe,Africa
zwe,1843,33.7,Zimbabwe,Africa
zwe,1844,33.7,Zimbabwe,Africa
zwe,1845,33.7,Zimbabwe,Africa
zwe,1846,33.7,Zimbabwe,Africa
zwe,1847,33.7,Zimbabwe,Africa
zwe,1848,33.7,Zimbabwe,Africa
zwe,1849,33.7,Zimbabwe,Africa
zwe,1850,33.7,Zimbabwe,Africa
zwe,1851,33.7,Zimbabwe,Africa
zwe,1852,33.7,Zimbabwe,Africa
zwe,1853,33.7,Zimbabwe,Africa
zwe,1854,33.7,Zimbabwe,Africa
zwe,1855,33.7,Zimbabwe,Africa
zwe,1856,33.7,Zimbabwe,Africa
zwe,1857,33.7,Zimbabwe,Africa
zwe,1858,33.7,Zimbabwe,Africa
zwe,1859,33.7,Zimbabwe,Africa
zwe,1860,33.7,Zimbabwe,Africa
zwe,1861,33.7,Zimbabwe,Africa
zwe,1862,33.7,Zimbabwe,Africa
zwe,1863,33.7,Zimbabwe,Africa
zwe,1864,33.7,Zimbabwe,Africa
zwe,1865,33.7,Zimbabwe,Africa
zwe,1866,33.7,Zimbabwe,Africa
zwe,1867,33.7,Zimbabwe,Africa
zwe,1868,33.7,Zimbabwe,Africa
zwe,1869,33.7,Zimbabwe,Africa
zwe,1870,33.7,Zimbabwe,Africa
zwe,1871,33.75,Zimbabwe,Africa
zwe,1872,33.81,Zimbabwe,Africa
zwe,1873,33.86,Zimbabwe,Africa
zwe,1874,33.91,Zimbabwe,Africa
zwe,1875,33.97,Zimbabwe,Africa
zwe,1876,34.02,Zimbabwe,Africa
zwe,1877,34.08,Zimbabwe,Africa
zwe,1878,34.13,Zimbabwe,Africa
zwe,1879,34.18,Zimbabwe,Africa
zwe,1880,34.24,Zimbabwe,Africa
zwe,1881,34.29,Zimbabwe,Africa
zwe,1882,34.34,Zimbabwe,Africa
zwe,1883,34.4,Zimbabwe,Africa
zwe,1884,34.45,Zimbabwe,Africa
zwe,1885,34.51,Zimbabwe,Africa
zwe,1886,34.56,Zimbabwe,Africa
zwe,1887,34.61,Zimbabwe,Africa
zwe,1888,34.67,Zimbabwe,Africa
zwe,1889,34.72,Zimbabwe,Africa
zwe,1890,34.77,Zimbabwe,Africa
zwe,1891,34.83,Zimbabwe,Africa
zwe,1892,34.88,Zimbabwe,Africa
zwe,1893,34.94,Zimbabwe,Africa
zwe,1894,34.99,Zimbabwe,Africa
zwe,1895,35.04,Zimbabwe,Africa
zwe,1896,35.1,Zimbabwe,Africa
zwe,1897,35.15,Zimbabwe,Africa
zwe,1898,35.2,Zimbabwe,Africa
zwe,1899,35.26,Zimbabwe,Africa
zwe,1900,35.31,Zimbabwe,Africa
zwe,1901,35.37,Zimbabwe,Africa
zwe,1902,35.42,Zimbabwe,Africa
zwe,1903,35.47,Zimbabwe,Africa
zwe,1904,35.53,Zimbabwe,Africa
zwe,1905,35.58,Zimbabwe,Africa
zwe,1906,35.63,Zimbabwe,Africa
zwe,1907,35.69,Zimbabwe,Africa
zwe,1908,35.74,Zimbabwe,Africa
zwe,1909,35.8,Zimbabwe,Africa
zwe,1910,35.85,Zimbabwe,Africa
zwe,1911,35.9,Zimbabwe,Africa
zwe,1912,35.96,Zimbabwe,Africa
zwe,1913,36.01,Zimbabwe,Africa
zwe,1914,36.06,Zimbabwe,Africa
zwe,1915,36.12,Zimbabwe,Africa
zwe,1916,36.17,Zimbabwe,Africa
zwe,1917,36.23,Zimbabwe,Africa
zwe,1918,18.33,Zimbabwe,Africa
zwe,1919,36.33,Zimbabwe,Africa
zwe,1920,36.39,Zimbabwe,Africa
zwe,1921,36.44,Zimbabwe,Africa
zwe,1922,36.49,Zimbabwe,Africa
zwe,1923,36.55,Zimbabwe,Africa
zwe,1924,36.6,Zimbabwe,Africa
zwe,1925,36.66,Zimbabwe,Africa
zwe,1926,36.71,Zimbabwe,Africa
zwe,1927,36.76,Zimbabwe,Africa
zwe,1928,36.82,Zimbabwe,Africa
zwe,1929,36.87,Zimbabwe,Africa
zwe,1930,36.92,Zimbabwe,Africa
zwe,1931,36.98,Zimbabwe,Africa
zwe,1932,37.03,Zimbabwe,Africa
zwe,1933,37.09,Zimbabwe,Africa
zwe,1934,37.14,Zimbabwe,Africa
zwe,1935,37.19,Zimbabwe,Africa
zwe,1936,37.25,Zimbabwe,Africa
zwe,1937,37.3,Zimbabwe,Africa
zwe,1938,37.35,Zimbabwe,Africa
zwe,1939,37.41,Zimbabwe,Africa
zwe,1940,37.46,Zimbabwe,Africa
zwe,1941,39.07,Zimbabwe,Africa
zwe,1942,40.69,Zimbabwe,Africa
zwe,1943,42.31,Zimbabwe,Africa
zwe,1944,43.93,Zimbabwe,Africa
zwe,1945,45.56,Zimbabwe,Africa
zwe,1946,47.2,Zimbabwe,Africa
zwe,1947,48.83,Zimbabwe,Africa
zwe,1948,50.48,Zimbabwe,Africa
zwe,1949,52.12,Zimbabwe,Africa
zwe,1950,53.78,Zimbabwe,Africa
zwe,1951,53.93,Zimbabwe,Africa
zwe,1952,54.08,Zimbabwe,Africa
zwe,1953,54.33,Zimbabwe,Africa
zwe,1954,54.4,Zimbabwe,Africa
zwe,1955,54.54,Zimbabwe,Africa
zwe,1956,54.76,Zimbabwe,Africa
zwe,1957,54.97,Zimbabwe,Africa
zwe,1958,55.12,Zimbabwe,Africa
zwe,1959,55.32,Zimbabwe,Africa
zwe,1960,55.54,Zimbabwe,Africa
zwe,1961,55.78,Zimbabwe,Africa
zwe,1962,55.96,Zimbabwe,Africa
zwe,1963,56.07,Zimbabwe,Africa
zwe,1964,56.34,Zimbabwe,Africa
zwe,1965,56.59,Zimbabwe,Africa
zwe,1966,56.84,Zimbabwe,Africa
zwe,1967,57.1,Zimbabwe,Africa
zwe,1968,57.31,Zimbabwe,Africa
zwe,1969,57.68,Zimbabwe,Africa
zwe,1970,58.04,Zimbabwe,Africa
zwe,1971,58.34,Zimbabwe,Africa
zwe,1972,58.67,Zimbabwe,Africa
zwe,1973,58.77,Zimbabwe,Africa
zwe,1974,59.08,Zimbabwe,Africa
zwe,1975,59.33,Zimbabwe,Africa
zwe,1976,58.95,Zimbabwe,Africa
zwe,1977,58.5,Zimbabwe,Africa
zwe,1978,56.84,Zimbabwe,Africa
zwe,1979,57.28,Zimbabwe,Africa
zwe,1980,60.4,Zimbabwe,Africa
zwe,1981,61,Zimbabwe,Africa
zwe,1982,61.48,Zimbabwe,Africa
zwe,1983,62.01,Zimbabwe,Africa
zwe,1984,62.51,Zimbabwe,Africa
zwe,1985,62.96,Zimbabwe,Africa
zwe,1986,63.41,Zimbabwe,Africa
zwe,1987,63.65,Zimbabwe,Africa
zwe,1988,63.57,Zimbabwe,Africa
zwe,1989,63.16,Zimbabwe,Africa
zwe,1990,62.38,Zimbabwe,Africa
zwe,1991,61.4,Zimbabwe,Africa
zwe,1992,59.81,Zimbabwe,Africa
zwe,1993,58,Zimbabwe,Africa
zwe,1994,56.17,Zimbabwe,Africa
zwe,1995,54.19,Zimbabwe,Africa
zwe,1996,52.47,Zimbabwe,Africa
zwe,1997,51.2,Zimbabwe,Africa
zwe,1998,49.7,Zimbabwe,Africa
zwe,1999,48.52,Zimbabwe,Africa
zwe,2000,47.5,Zimbabwe,Africa
zwe,2001,47.03,Zimbabwe,Africa
zwe,2002,46.58,Zimbabwe,Africa
zwe,2003,46.37,Zimbabwe,Africa
zwe,2004,46.35,Zimbabwe,Africa
zwe,2005,46.76,Zimbabwe,Africa
zwe,2006,47.37,Zimbabwe,Africa
zwe,2007,48.22,Zimbabwe,Africa
zwe,2008,48.92,Zimbabwe,Africa
zwe,2009,50.19,Zimbabwe,Africa
zwe,2010,52.32,Zimbabwe,Africa
zwe,2011,54.41,Zimbabwe,Africa
zwe,2012,56.04,Zimbabwe,Africa
zwe,2013,57.22,Zimbabwe,Africa
zwe,2014,57.98,Zimbabwe,Africa
zwe,2015,58.58,Zimbabwe,Africa
zwe,2016,59.23,Zimbabwe,Africa
zwe,2017,59.87,Zimbabwe,Africa
zwe,2018,60.64,Zimbabwe,Africa
zwe,2019,61.04,Zimbabwe,Africa
zwe,2020,60.69,Zimbabwe,Africa
zwe,2021,61.51,Zimbabwe,Africa
zwe,2022,61.72,Zimbabwe,Africa
zwe,2023,61.92,Zimbabwe,Africa
zwe,2024,62.12,Zimbabwe,Africa
zwe,2025,62.35,Zimbabwe,Africa
zwe,2026,62.59,Zimbabwe,Africa
zwe,2027,62.84,Zimbabwe,Africa
zwe,2028,63.08,Zimbabwe,Africa
zwe,2029,63.33,Zimbabwe,Africa
zwe,2030,63.57,Zimbabwe,Africa
zwe,2031,63.8,Zimbabwe,Africa
zwe,2032,64.03,Zimbabwe,Africa
zwe,2033,64.26,Zimbabwe,Africa
zwe,2034,64.48,Zimbabwe,Africa
zwe,2035,64.7,Zimbabwe,Africa
zwe,2036,64.91,Zimbabwe,Africa
zwe,2037,65.12,Zimbabwe,Africa
zwe,2038,65.33,Zimbabwe,Africa
zwe,2039,65.54,Zimbabwe,Africa
zwe,2040,65.74,Zimbabwe,Africa
zwe,2041,65.94,Zimbabwe,Africa
zwe,2042,66.13,Zimbabwe,Africa
zwe,2043,66.33,Zimbabwe,Africa
zwe,2044,66.52,Zimbabwe,Africa
zwe,2045,66.71,Zimbabwe,Africa
zwe,2046,66.89,Zimbabwe,Africa
zwe,2047,67.07,Zimbabwe,Africa
zwe,2048,67.25,Zimbabwe,Africa
zwe,2049,67.43,Zimbabwe,Africa
zwe,2050,67.6,Zimbabwe,Africa
zwe,2051,67.77,Zimbabwe,Africa
zwe,2052,67.94,Zimbabwe,Africa
zwe,2053,68.1,Zimbabwe,Africa
zwe,2054,68.26,Zimbabwe,Africa
zwe,2055,68.42,Zimbabwe,Africa
zwe,2056,68.57,Zimbabwe,Africa
zwe,2057,68.73,Zimbabwe,Africa
zwe,2058,68.88,Zimbabwe,Africa
zwe,2059,69.03,Zimbabwe,Africa
zwe,2060,69.18,Zimbabwe,Africa
zwe,2061,69.33,Zimbabwe,Africa
zwe,2062,69.47,Zimbabwe,Africa
zwe,2063,69.61,Zimbabwe,Africa
zwe,2064,69.75,Zimbabwe,Africa
zwe,2065,69.89,Zimbabwe,Africa
zwe,2066,70.03,Zimbabwe,Africa
zwe,2067,70.16,Zimbabwe,Africa
zwe,2068,70.3,Zimbabwe,Africa
zwe,2069,70.43,Zimbabwe,Africa
zwe,2070,70.57,Zimbabwe,Africa
zwe,2071,70.7,Zimbabwe,Africa
zwe,2072,70.83,Zimbabwe,Africa
zwe,2073,70.97,Zimbabwe,Africa
zwe,2074,71.1,Zimbabwe,Africa
zwe,2075,71.23,Zimbabwe,Africa
zwe,2076,71.36,Zimbabwe,Africa
zwe,2077,71.49,Zimbabwe,Africa
zwe,2078,71.62,Zimbabwe,Africa
zwe,2079,71.75,Zimbabwe,Africa
zwe,2080,71.88,Zimbabwe,Africa
zwe,2081,72,Zimbabwe,Africa
zwe,2082,72.13,Zimbabwe,Africa
zwe,2083,72.25,Zimbabwe,Africa
zwe,2084,72.38,Zimbabwe,Africa
zwe,2085,72.5,Zimbabwe,Africa
zwe,2086,72.63,Zimbabwe,Africa
zwe,2087,72.75,Zimbabwe,Africa
zwe,2088,72.88,Zimbabwe,Africa
zwe,2089,73,Zimbabwe,Africa
zwe,2090,73.13,Zimbabwe,Africa
zwe,2091,73.26,Zimbabwe,Africa
zwe,2092,73.39,Zimbabwe,Africa
zwe,2093,73.52,Zimbabwe,Africa
zwe,2094,73.65,Zimbabwe,Africa
zwe,2095,73.78,Zimbabwe,Africa
zwe,2096,73.91,Zimbabwe,Africa
zwe,2097,74.04,Zimbabwe,Africa
zwe,2098,74.17,Zimbabwe,Africa
zwe,2099,74.3,Zimbabwe,Africa
zwe,2100,74.43,Zimbabwe,Africa
